service,flag,src_bytes,dst_bytes,logged_in,serror_rate,srv_serror_rate,same_srv_rate,diff_srv_rate,dst_host_srv_diff_host_rate,dst_host_serror_rate,dst_host_srv_serror_rate,classe,posicaoOriginal
46,5,0,0,0,1.0,1.0,0.41,0.19,0.0,1.0,1.0,1,75869.0
61,5,0,0,0,1.0,1.0,0.09,0.06,0.0,1.0,1.0,1,11261.0
13,9,30,0,0,0.0,0.0,1.0,0.0,0.0,0.0,0.0,0,59697.0
22,9,334,277,1,0.0,0.0,1.0,0.0,0.0,0.0,0.0,0,12991.0
46,5,0,0,0,0.99,1.0,0.1,0.06,0.0,1.0,1.0,1,67022.0
22,9,214,1436,1,0.0,0.0,1.0,0.0,0.03,0.0,0.0,0,86267.0
51,9,1111,327,1,0.0,0.0,1.0,0.0,0.0,0.0,0.0,0,32023.0
11,9,46,72,0,0.0,0.0,1.0,0.0,0.0,0.0,0.0,0,68668.0
11,9,45,134,0,0.0,0.0,1.0,0.0,0.01,0.0,0.0,0,97026.0
11,9,46,132,0,0.0,0.0,1.0,0.0,0.0,0.0,0.0,0,89110.0
46,5,0,0,0,1.0,1.0,0.26,0.1,0.0,1.0,1.0,1,113107.0
16,5,0,0,0,1.0,1.0,0.16,0.05,0.0,1.0,1.0,1,90313.0
51,9,11318,1360,1,0.0,0.0,1.0,0.0,0.0,0.0,0.0,0,122009.0
46,5,0,0,0,1.0,1.0,0.08,0.04,0.0,1.0,1.0,1,37099.0
22,9,299,2314,1,0.0,0.0,1.0,0.0,0.04,0.0,0.0,0,109906.0
46,5,0,0,0,1.0,1.0,0.06,0.06,0.0,1.0,1.0,1,100866.0
22,9,297,1828,1,0.0,0.0,1.0,0.0,0.0,0.0,0.0,0,73174.0
46,4,0,0,0,0.0,0.0,1.0,0.0,0.0,0.06,0.0,1,44280.0
22,5,0,0,0,0.5,0.25,1.0,0.0,0.03,0.5,0.01,0,83167.0
19,9,5135678,0,1,0.0,0.0,1.0,0.0,0.1,0.0,0.0,0,104438.0
3,5,0,0,0,1.0,1.0,0.04,0.07,0.0,1.0,1.0,1,111618.0
46,5,0,0,0,1.0,1.0,0.12,0.06,0.0,1.0,1.0,1,49182.0
46,9,1,0,0,0.0,0.0,0.36,0.12,0.0,0.0,0.0,1,31636.0
46,1,0,0,0,0.0,0.0,0.09,0.06,0.0,0.0,0.0,1,81161.0
11,9,44,132,0,0.0,0.0,1.0,0.0,0.0,0.0,0.0,0,103253.0
51,9,1026,328,1,0.0,0.0,0.5,1.0,0.01,0.0,0.0,0,9037.0
37,5,0,0,0,1.0,1.0,0.05,0.06,0.0,1.0,1.0,1,76074.0
63,5,0,0,0,1.0,1.0,0.08,0.05,0.0,1.0,1.0,1,35544.0
19,5,0,0,0,1.0,1.0,0.4,0.2,0.0,1.0,1.0,1,101821.0
22,9,197,1415,1,0.0,0.0,1.0,0.0,0.0,0.0,0.0,0,48591.0
57,9,1093,18740,1,0.0,0.0,1.0,0.0,0.0,0.01,0.05,0,99251.0
58,2,0,0,0,0.0,0.0,0.02,0.06,0.0,0.0,0.0,1,98465.0
22,9,334,13892,1,0.0,0.0,1.0,0.0,0.06,0.0,0.0,0,89201.0
22,9,244,1041,1,0.0,0.0,1.0,0.0,0.03,0.0,0.01,0,21219.0
41,9,146,105,0,0.0,0.0,1.0,0.0,0.0,0.0,0.0,0,67881.0
46,5,0,0,0,1.0,1.0,0.02,0.07,0.0,0.94,1.0,1,99595.0
19,9,8737,0,1,0.0,0.0,1.0,0.0,0.0,0.0,0.0,0,3993.0
22,9,285,6483,1,0.0,0.0,1.0,0.0,0.05,0.0,0.0,0,89689.0
46,9,105,146,0,0.0,0.0,0.25,0.5,0.0,0.0,0.0,0,33335.0
14,9,1032,0,0,0.0,0.0,1.0,0.0,0.0,0.0,0.0,0,84778.0
41,9,147,105,0,0.0,0.0,1.0,0.0,0.0,0.0,0.0,0,99519.0
13,9,8,0,0,0.0,0.0,1.0,0.0,0.0,0.0,0.0,1,46863.0
22,9,382,1943,1,0.0,0.0,1.0,0.0,0.02,0.0,0.0,0,63584.0
57,5,0,0,0,1.0,1.0,0.01,0.06,0.0,1.0,1.0,1,105646.0
14,9,1032,0,0,0.0,0.0,1.0,0.0,0.0,0.16,0.0,0,748.0
13,9,8,0,0,0.0,0.0,1.0,0.0,0.5,0.0,0.0,1,11129.0
51,9,129,243,1,0.0,0.0,1.0,0.0,0.02,0.0,0.0,0,42922.0
25,5,0,0,0,1.0,1.0,0.11,0.07,0.0,1.0,1.0,1,38366.0
11,9,43,125,0,0.0,0.0,1.0,0.01,0.0,0.0,0.0,0,116010.0
22,1,0,0,0,0.0,0.0,1.0,0.0,0.06,0.0,0.0,0,19752.0
22,9,329,917,1,0.0,0.0,1.0,0.0,0.0,0.0,0.0,0,68356.0
8,5,0,0,0,1.0,1.0,0.08,0.06,0.0,1.0,1.0,1,100927.0
22,9,193,7936,1,0.0,0.0,1.0,0.0,0.02,0.0,0.0,0,47214.0
46,9,28,0,0,0.0,0.0,1.0,0.0,0.0,0.0,0.0,1,31107.0
22,1,0,0,0,0.0,0.0,1.0,0.0,0.19,0.0,0.0,0,79790.0
46,1,0,0,0,0.0,0.0,0.09,0.09,0.0,0.0,0.0,1,25733.0
22,9,301,313,1,0.0,0.06,1.0,0.0,0.0,0.0,0.0,0,61420.0
30,5,0,0,0,1.0,1.0,0.01,0.06,0.0,1.0,1.0,1,68603.0
22,9,236,3222,1,0.0,0.0,1.0,0.0,0.0,0.0,0.0,0,68787.0
22,9,219,983,1,0.0,0.0,1.0,0.0,0.0,0.0,0.0,0,31867.0
13,9,8,0,0,0.0,0.0,1.0,0.0,0.5,0.0,0.0,1,52315.0
46,1,0,0,0,0.0,0.0,0.04,0.07,0.0,0.0,0.0,1,52090.0
46,1,0,0,0,0.0,0.0,0.14,0.07,0.0,0.0,0.0,1,83170.0
19,1,0,0,0,0.0,0.0,0.01,0.07,0.0,0.0,0.0,1,113877.0
19,9,1830,0,1,0.0,0.0,1.0,0.0,0.0,0.0,0.0,0,97686.0
15,5,0,0,0,1.0,1.0,0.03,0.07,0.0,1.0,1.0,1,9176.0
14,9,30,0,0,0.0,0.0,1.0,0.0,0.0,0.0,0.0,0,63670.0
24,5,0,0,0,1.0,1.0,0.13,0.06,0.0,1.0,1.0,1,79962.0
46,5,0,0,0,1.0,1.0,0.08,0.06,0.0,1.0,1.0,1,100865.0
13,9,8,0,0,0.0,0.0,1.0,0.0,0.27,0.0,0.0,1,115524.0
22,9,321,255,1,0.0,0.0,1.0,0.0,0.04,0.0,0.0,0,57703.0
41,9,146,105,0,0.0,0.0,0.5,0.5,0.0,0.0,0.0,0,26126.0
34,5,0,0,0,1.0,1.0,0.07,0.05,0.0,1.0,1.0,1,71560.0
22,9,278,1402,1,0.0,0.0,1.0,0.0,0.0,0.0,0.0,0,117207.0
22,9,207,11574,1,0.0,0.0,1.0,0.0,0.05,0.0,0.0,0,53432.0
22,9,240,976,1,0.0,0.0,1.0,0.0,0.0,0.0,0.0,0,99005.0
13,9,8,0,0,0.0,0.0,1.0,0.0,0.5,0.0,0.0,1,117673.0
41,9,3468,0,1,0.04,0.0,0.04,0.09,0.0,0.0,0.0,0,58619.0
22,9,295,1688,1,0.0,0.0,1.0,0.0,0.0,0.0,0.0,0,12955.0
5,5,0,0,0,1.0,1.0,0.02,0.06,0.0,1.0,1.0,1,125551.0
41,9,146,105,0,0.0,0.0,0.4,0.6,0.0,0.0,0.0,0,77141.0
22,9,302,133940,1,0.0,0.0,1.0,0.0,0.06,0.0,0.0,0,107477.0
29,1,0,0,0,0.0,0.0,0.11,0.05,0.0,0.0,0.0,1,46008.0
51,9,2212,332,1,0.0,0.0,1.0,0.0,0.01,0.0,0.0,0,81415.0
58,2,0,0,0,0.0,0.0,0.08,0.06,0.0,0.0,0.0,1,109157.0
22,9,219,17367,1,0.0,0.0,1.0,0.0,0.0,0.0,0.0,0,48372.0
22,9,294,1719,1,0.0,0.0,1.0,0.0,0.0,0.0,0.0,0,77077.0
22,9,328,1912,1,0.0,0.0,1.0,0.0,0.0,0.0,0.0,0,22825.0
11,9,98,39,0,0.0,0.0,1.0,0.0,0.0,0.0,0.0,0,65102.0
22,9,253,994,1,0.0,0.0,1.0,0.0,0.04,0.0,0.0,0,83665.0
14,9,1032,0,0,0.0,0.0,1.0,0.0,0.0,0.0,0.0,0,1382.0
46,5,0,0,0,1.0,1.0,0.06,0.06,0.0,1.0,1.0,1,111137.0
46,1,0,0,0,0.06,0.0,0.0,1.0,0.0,0.09,0.0,1,27441.0
22,9,209,3208,1,0.0,0.0,1.0,0.0,0.07,0.0,0.01,0,41961.0
41,9,3468,0,1,0.04,0.0,0.04,0.43,0.0,0.02,0.0,0,70971.0
46,5,0,0,0,1.0,1.0,0.03,0.07,0.0,1.0,1.0,1,22286.0
7,1,0,0,0,0.0,0.0,0.08,0.07,0.0,0.0,0.0,1,108801.0
22,9,223,410,1,0.0,0.0,1.0,0.0,0.0,0.0,0.0,0,40817.0
46,9,1,0,0,0.0,0.0,0.41,0.08,0.0,0.0,0.0,1,5240.0
51,9,1547,328,1,0.0,0.0,1.0,0.0,0.02,0.0,0.0,0,111937.0
14,9,1032,0,0,0.0,0.0,1.0,0.0,0.0,0.0,0.0,0,17101.0
41,9,59,0,1,0.06,0.0,0.06,0.17,0.0,0.0,0.0,0,83615.0
14,9,520,0,0,0.0,0.0,1.0,0.0,0.0,0.0,0.0,0,13006.0
51,9,2010,334,1,0.0,0.0,1.0,0.0,0.01,0.0,0.0,0,2637.0
22,9,231,1380,1,0.0,0.0,1.0,0.0,0.0,0.0,0.0,0,65908.0
51,9,2391,456,1,0.0,0.0,1.0,0.0,0.0,0.47,0.0,0,71529.0
26,5,0,0,0,1.0,1.0,0.09,0.06,0.0,1.0,1.0,1,36733.0
19,9,10044,0,1,0.0,0.0,1.0,0.0,0.02,0.0,0.0,0,1076.0
39,4,0,0,0,0.0,0.0,1.0,0.0,0.0,0.0,0.0,1,85388.0
46,5,0,0,0,1.0,1.0,0.12,0.06,0.0,1.0,1.0,1,34404.0
22,9,200,1299,1,0.0,0.0,1.0,0.0,0.03,0.0,0.0,0,107406.0
14,9,1032,0,0,0.0,0.0,1.0,0.0,0.0,0.0,0.0,0,41711.0
38,5,0,0,0,1.0,1.0,0.11,0.07,0.0,1.0,1.0,1,99890.0
22,9,224,7877,1,0.0,0.0,1.0,0.0,0.02,0.0,0.0,0,7136.0
46,5,0,0,0,1.0,1.0,0.06,0.05,0.0,1.0,1.0,1,28948.0
41,9,147,0,0,0.0,0.0,1.0,0.0,0.0,0.0,0.0,0,42566.0
46,5,0,0,0,1.0,1.0,0.1,0.05,0.0,1.0,1.0,1,28910.0
22,9,293,354,1,0.0,0.0,1.0,0.0,0.0,0.0,0.0,0,51446.0
18,2,0,0,0,0.0,0.0,0.02,0.07,0.0,0.0,0.0,1,23822.0
11,9,88,0,0,0.0,0.0,1.0,0.0,0.0,0.0,0.0,0,67112.0
17,9,9,141,0,0.0,0.0,1.0,0.0,0.75,0.0,0.0,0,96042.0
22,9,249,742,1,0.0,0.0,1.0,0.0,0.04,0.0,0.0,0,109865.0
22,9,271,2841,1,0.0,0.0,1.0,0.0,0.08,0.0,0.0,0,103889.0
46,1,0,0,0,0.0,0.0,0.03,1.0,0.0,0.0,0.0,1,92675.0
46,5,0,0,0,1.0,1.0,0.03,0.05,0.0,1.0,1.0,1,75111.0
22,9,346,2247,1,0.0,0.0,1.0,0.0,0.0,0.0,0.0,0,25345.0
46,9,105,147,0,0.0,0.0,0.12,0.25,0.0,0.0,0.0,0,3265.0
17,5,0,0,0,1.0,1.0,0.33,0.22,0.0,1.0,1.0,1,28165.0
13,9,8,0,0,0.0,0.0,1.0,0.0,0.52,0.0,0.0,1,15230.0
51,9,2221,330,1,0.0,0.0,1.0,0.0,0.01,0.0,0.0,0,19715.0
46,5,0,0,0,1.0,1.0,0.02,0.05,0.0,1.0,1.0,1,33779.0
11,9,44,44,0,0.0,0.0,0.99,0.02,0.0,0.0,0.0,0,653.0
22,9,249,513,1,0.0,0.0,1.0,0.0,0.02,0.0,0.0,0,65942.0
26,5,0,0,0,1.0,1.0,0.01,0.05,0.0,1.0,1.0,1,94649.0
51,9,980,325,1,0.0,0.0,1.0,0.0,0.01,0.02,0.01,0,55779.0
22,9,297,526,1,0.0,0.0,1.0,0.0,0.0,0.0,0.0,0,6657.0
16,5,0,0,0,1.0,1.0,0.01,0.07,0.0,1.0,1.0,1,92268.0
64,5,0,0,0,1.0,1.0,0.03,0.06,0.0,1.0,1.0,1,48253.0
7,5,0,0,0,1.0,1.0,0.06,0.06,0.0,1.0,1.0,1,50216.0
22,9,213,659,1,0.0,0.0,1.0,0.0,0.0,0.0,0.0,0,115625.0
30,5,0,0,0,1.0,1.0,0.02,0.07,0.0,1.0,1.0,1,18343.0
46,4,0,0,0,0.0,0.0,0.01,0.52,0.0,0.0,0.0,1,37522.0
22,1,0,0,0,0.0,0.0,1.0,0.0,0.0,0.0,0.0,0,87715.0
19,9,1363,0,1,0.0,0.0,1.0,0.0,0.03,0.0,0.15,0,74556.0
22,9,249,2014,1,0.0,0.0,1.0,0.0,0.03,0.0,0.0,0,49192.0
22,9,307,5200,1,0.25,0.25,1.0,0.0,0.01,0.01,0.01,0,49039.0
22,9,223,6534,1,0.0,0.0,1.0,0.0,0.0,0.0,0.0,0,75334.0
46,9,1,0,0,0.0,0.0,0.18,0.73,0.0,0.0,0.0,1,42165.0
51,9,2388,399,1,0.0,0.0,1.0,0.0,0.01,0.0,0.01,0,47380.0
22,9,277,1274,1,0.0,0.0,1.0,0.0,0.0,0.0,0.0,0,96727.0
11,9,44,76,0,0.0,0.0,1.0,0.0,0.0,0.0,0.0,0,21763.0
13,9,8,0,0,0.0,0.0,1.0,0.0,0.51,0.0,0.0,1,47809.0
14,9,1032,0,0,0.0,0.0,1.0,0.0,0.0,0.0,0.0,0,57796.0
22,9,226,191,1,0.0,0.0,1.0,0.0,0.0,0.0,0.0,0,5974.0
11,9,43,43,0,0.0,0.0,1.0,0.0,0.0,0.0,0.0,0,114737.0
46,5,0,0,0,1.0,1.0,0.07,0.06,0.0,1.0,1.0,1,2465.0
46,1,0,0,0,0.0,0.0,0.0,0.07,0.0,0.0,0.0,1,17474.0
46,9,1,1,0,0.0,0.0,0.67,0.22,0.0,0.18,0.0,1,17940.0
13,9,8,0,0,0.0,0.0,1.0,0.0,0.5,0.0,0.0,1,109484.0
22,9,261,3913,1,0.0,0.0,1.0,0.0,0.0,0.0,0.0,0,104377.0
7,5,0,0,0,1.0,1.0,0.04,0.05,0.0,1.0,1.0,1,118897.0
18,9,1015,2197,1,0.0,0.0,1.0,0.0,0.0,0.19,0.0,0,77798.0
46,5,0,0,0,1.0,1.0,0.04,0.06,0.0,1.0,1.0,1,89665.0
22,9,357,937,1,0.0,0.0,1.0,0.0,0.01,0.0,0.0,0,69808.0
22,9,197,412,1,0.0,0.0,1.0,0.0,0.03,0.0,0.0,0,98262.0
22,9,232,5745,1,0.0,0.0,1.0,0.0,0.02,0.0,0.0,0,938.0
4,1,0,0,0,0.0,0.0,0.03,0.06,0.0,0.0,0.0,1,112397.0
27,5,0,0,0,1.0,1.0,0.08,0.06,0.0,1.0,1.0,1,100587.0
22,9,253,276,1,0.0,0.0,1.0,0.0,0.0,0.0,0.0,0,18279.0
46,1,0,0,0,0.0,0.0,0.08,0.06,0.0,0.0,0.0,1,98571.0
41,5,0,0,0,0.08,1.0,0.0,0.95,0.0,0.1,1.0,1,7677.0
22,9,320,9790,1,0.0,0.0,1.0,0.0,0.04,0.0,0.0,0,47447.0
46,9,105,146,0,0.0,0.0,1.0,0.0,0.0,0.0,0.0,0,46202.0
27,5,0,0,0,1.0,1.0,0.17,0.05,0.0,1.0,1.0,1,116186.0
54,5,0,0,0,1.0,1.0,0.05,0.06,0.0,1.0,1.0,1,29458.0
11,9,37,118,0,0.0,0.0,1.0,0.0,0.0,0.0,0.0,0,24348.0
46,5,0,0,0,1.0,1.0,0.01,0.06,0.0,1.0,1.0,1,55226.0
24,5,0,0,0,0.99,1.0,0.03,0.07,0.0,1.0,1.0,1,115131.0
46,5,0,0,0,1.0,1.0,0.12,0.06,0.0,1.0,1.0,1,41868.0
22,9,197,2543,1,0.0,0.0,1.0,0.0,0.0,0.0,0.0,0,63433.0
18,5,0,0,0,1.0,1.0,0.11,0.11,0.0,1.0,1.0,1,100186.0
51,9,1739,334,1,0.0,0.0,1.0,0.0,0.0,0.01,0.01,0,41737.0
51,9,13814,386,1,0.0,0.0,1.0,0.0,0.0,0.74,0.0,0,101775.0
18,9,1237,2449,1,0.0,0.0,1.0,0.0,0.0,0.01,0.0,0,79786.0
46,5,0,0,0,1.0,1.0,0.15,0.05,0.0,1.0,1.0,1,85534.0
51,9,939,332,1,0.0,0.0,1.0,0.0,0.02,0.01,0.01,0,66623.0
22,9,178,1745,1,0.0,0.0,1.0,0.0,0.0,0.0,0.0,0,66651.0
51,9,1240,335,1,0.0,0.0,1.0,0.0,0.02,0.0,0.0,0,28914.0
14,9,520,0,0,0.0,0.0,1.0,0.0,0.0,0.0,0.0,0,35560.0
13,9,8,0,0,0.0,0.0,1.0,0.0,0.25,0.0,0.0,1,18880.0
13,9,30,0,0,0.0,0.0,1.0,0.0,0.0,0.0,0.0,0,123174.0
46,5,0,0,0,1.0,1.0,0.05,0.06,0.0,1.0,1.0,1,9767.0
11,9,46,82,0,0.0,0.0,1.0,0.01,0.0,0.0,0.0,0,68109.0
10,9,0,0,0,0.0,0.0,1.0,0.0,0.0,0.0,0.0,1,67715.0
46,9,105,146,0,0.0,0.0,0.2,0.4,0.0,0.0,0.0,0,7000.0
22,1,0,0,0,0.0,0.0,1.0,0.0,0.15,0.0,0.01,0,35949.0
41,1,0,0,0,0.07,0.0,0.0,1.0,0.0,0.1,0.0,1,119210.0
22,9,302,10233,1,0.0,0.0,1.0,0.0,0.0,0.0,0.0,0,118121.0
13,9,8,0,0,0.0,0.0,1.0,0.0,0.52,0.0,0.0,1,4147.0
22,9,221,2855,1,0.0,0.0,1.0,0.0,0.01,0.0,0.0,0,92040.0
22,9,191,318,1,0.0,0.0,1.0,0.0,0.0,0.0,0.0,0,117408.0
41,4,1,0,0,0.0,0.0,1.0,0.0,0.0,0.0,0.0,1,72660.0
51,9,911,357,1,0.0,0.0,0.5,1.0,0.0,0.0,0.0,0,10608.0
22,9,160,584,1,0.0,0.0,1.0,0.0,0.01,0.01,0.01,0,1384.0
13,9,8,0,0,0.0,0.0,1.0,0.0,0.26,0.0,0.0,1,67861.0
19,9,6062,0,1,0.0,0.0,1.0,0.0,0.03,0.0,0.17,0,58193.0
19,5,0,0,0,1.0,1.0,0.06,0.06,0.0,1.0,1.0,1,33925.0
46,5,0,0,0,1.0,1.0,0.07,0.06,0.0,1.0,1.0,1,52364.0
22,9,191,2536,1,0.0,0.0,1.0,0.0,0.05,0.0,0.0,0,21952.0
14,9,1032,0,0,0.0,0.0,1.0,0.0,0.0,0.0,0.0,0,2107.0
22,9,250,2356,1,0.0,0.0,1.0,0.0,0.04,0.0,0.01,0,61706.0
22,9,243,5238,1,0.0,0.0,1.0,0.0,0.02,0.0,0.0,0,68832.0
51,9,1012,329,1,0.0,0.0,1.0,0.0,0.0,0.0,0.0,0,90504.0
39,5,0,0,0,1.0,1.0,0.02,0.07,0.0,1.0,1.0,1,75233.0
22,9,292,1839,1,0.0,0.0,1.0,0.0,0.04,0.0,0.0,0,73027.0
15,1,0,0,0,0.0,0.0,0.13,0.06,0.0,0.0,0.0,1,94740.0
46,5,0,0,0,1.0,1.0,0.13,0.05,0.0,1.0,1.0,1,111347.0
46,9,1,0,0,0.0,0.0,0.08,0.69,0.0,0.02,0.0,1,97415.0
13,9,8,0,0,0.0,0.0,1.0,0.0,0.51,0.0,0.0,1,43947.0
33,4,0,0,0,0.0,0.0,1.0,0.0,0.0,0.0,0.0,1,25139.0
2,5,0,0,0,1.0,1.0,0.15,0.05,0.0,1.0,1.0,1,42833.0
22,9,228,1530,1,0.0,0.0,1.0,0.0,0.04,0.0,0.0,0,21389.0
22,2,0,0,1,0.0,0.0,1.0,0.0,0.06,0.0,0.0,0,60647.0
3,9,14,37,0,0.0,0.0,1.0,0.0,0.0,0.0,0.0,0,57020.0
34,1,0,0,0,0.0,0.0,0.01,0.07,0.0,0.0,0.0,1,35788.0
33,5,0,0,0,1.0,1.0,0.04,0.06,0.0,1.0,1.0,1,57194.0
11,9,45,127,0,0.0,0.0,1.0,0.0,0.0,0.0,0.0,0,13393.0
64,5,0,0,0,1.0,1.0,0.03,0.06,0.0,1.0,1.0,1,31787.0
22,9,209,1828,1,0.0,0.0,1.0,0.0,0.0,0.0,0.0,0,61164.0
46,5,0,0,0,1.0,1.0,0.06,0.07,0.0,1.0,1.0,1,37321.0
13,9,8,0,0,0.0,0.0,1.0,0.0,0.51,0.0,0.0,1,123466.0
22,9,195,1099,1,0.0,0.0,1.0,0.0,0.01,0.0,0.0,0,64694.0
22,1,0,0,0,0.0,0.0,1.0,0.0,0.16,0.0,0.0,0,43412.0
11,9,44,68,0,0.0,0.0,1.0,0.0,0.0,0.0,0.0,0,122884.0
22,9,197,1128,1,0.0,0.0,1.0,0.0,0.05,0.0,0.0,0,66214.0
13,9,8,0,0,0.0,0.0,1.0,0.0,0.25,0.0,0.0,1,24654.0
46,1,0,0,0,0.0,0.0,1.0,0.0,0.0,0.0,0.0,1,22338.0
46,5,0,0,0,0.99,1.0,0.1,0.07,0.0,1.0,1.0,1,15461.0
19,9,172,0,0,0.0,0.0,1.0,0.0,0.0,0.0,0.0,0,73371.0
46,5,0,0,0,1.0,1.0,0.01,0.07,0.0,1.0,1.0,1,2419.0
19,9,749,0,0,0.0,0.0,1.0,0.0,0.0,0.0,0.0,0,97111.0
22,9,241,1270,1,0.0,0.0,1.0,0.0,0.0,0.01,0.01,0,58226.0
57,5,0,0,0,1.0,1.0,0.25,0.1,0.0,1.0,1.0,1,37260.0
20,5,0,0,0,1.0,1.0,0.02,0.06,0.0,1.0,1.0,1,57701.0
11,9,43,132,0,0.0,0.0,1.0,0.0,0.0,0.0,0.0,0,58982.0
12,5,0,0,0,1.0,1.0,0.07,0.06,0.0,1.0,1.0,1,63650.0
46,5,0,0,0,1.0,1.0,0.05,0.05,0.0,1.0,1.0,1,82737.0
11,9,46,85,0,0.0,0.0,1.0,0.01,0.0,0.0,0.0,0,26554.0
51,9,1293,327,1,0.0,0.0,0.5,0.5,0.0,0.0,0.0,0,83910.0
22,9,282,2251,1,0.0,0.0,1.0,0.0,0.0,0.0,0.0,0,31233.0
46,5,0,0,0,1.0,1.0,0.09,0.06,0.0,1.0,1.0,1,68707.0
22,9,328,31700,1,0.0,0.0,1.0,0.0,0.0,0.01,0.01,0,47494.0
51,9,719,482,1,0.0,0.0,1.0,0.0,0.0,0.0,0.0,0,40898.0
57,9,106,3211,1,0.0,0.0,1.0,0.0,0.0,0.0,0.0,0,39529.0
26,5,0,0,0,1.0,1.0,0.08,0.05,0.0,1.0,1.0,1,109811.0
51,9,796,390,1,0.0,0.0,1.0,0.0,0.02,0.33,0.0,0,36637.0
22,9,206,1590,1,0.0,0.0,1.0,0.0,0.01,0.0,0.0,0,74429.0
11,9,46,46,0,0.0,0.0,1.0,0.01,0.0,0.0,0.0,0,35219.0
13,9,8,0,0,0.0,0.0,1.0,0.0,0.5,0.0,0.0,1,52469.0
13,9,8,0,0,0.0,0.0,1.0,0.0,0.25,0.0,0.0,1,38190.0
17,9,10,273,0,0.0,0.0,1.0,0.0,0.0,0.0,0.0,0,58023.0
46,9,28,0,0,0.0,0.0,1.0,0.0,0.0,0.0,0.0,1,115781.0
22,9,352,2367,1,0.0,0.0,1.0,0.0,0.02,0.0,0.0,0,47993.0
22,9,230,984,1,0.0,0.0,1.0,0.0,0.0,0.0,0.0,0,46040.0
46,5,0,0,0,1.0,1.0,0.1,0.07,0.0,1.0,1.0,1,5413.0
3,5,0,0,0,1.0,1.0,0.01,0.06,0.0,1.0,1.0,1,15946.0
46,9,1,0,0,0.0,0.0,0.04,0.39,0.0,0.0,0.0,1,53956.0
46,1,0,0,0,0.0,0.0,0.02,0.06,0.0,0.0,0.0,1,15118.0
13,9,8,0,0,0.0,0.0,1.0,0.0,0.5,0.0,0.0,1,33618.0
22,9,237,3222,1,0.5,0.5,1.0,0.0,0.0,0.0,0.0,0,46959.0
46,5,0,0,0,1.0,1.0,0.09,0.05,0.0,1.0,1.0,1,27495.0
22,5,0,0,0,1.0,0.72,0.07,0.06,0.0,1.0,1.0,1,92422.0
51,9,947,323,1,0.0,0.0,1.0,0.0,0.02,0.0,0.0,0,13536.0
22,9,220,180,1,0.0,0.0,1.0,0.0,0.0,0.0,0.0,0,59181.0
22,9,238,807,1,0.0,0.0,1.0,0.0,0.01,0.0,0.0,0,70709.0
46,4,0,0,0,0.0,0.0,1.0,0.0,0.0,0.04,0.0,1,43733.0
40,9,48,48,0,0.0,0.0,0.17,0.33,0.0,0.0,0.0,0,19548.0
22,2,0,0,1,0.0,0.0,1.0,0.0,0.0,0.0,0.0,0,21770.0
14,9,520,0,0,0.0,0.0,1.0,0.0,0.0,0.0,0.0,0,79231.0
46,5,0,0,0,1.0,1.0,0.04,0.07,0.0,1.0,1.0,1,108410.0
11,9,42,32,0,0.0,0.0,1.0,0.0,0.0,0.0,0.0,0,42321.0
22,9,166,34720,1,0.0,0.0,1.0,0.0,0.0,0.0,0.0,0,119432.0
22,9,232,406,1,0.0,0.0,1.0,0.0,0.0,0.0,0.0,0,56686.0
22,9,309,435,1,0.12,0.12,1.0,0.0,0.03,0.02,0.0,0,117823.0
13,9,8,0,0,0.0,0.0,1.0,0.0,0.5,0.0,0.0,1,85886.0
22,9,244,2899,1,0.0,0.0,1.0,0.0,0.02,0.0,0.0,0,9401.0
11,9,29,82,0,0.0,0.0,1.0,0.0,0.01,0.0,0.0,0,29088.0
13,9,18,0,0,0.0,0.0,1.0,0.0,1.0,0.0,0.0,1,52286.0
11,9,45,130,0,0.0,0.0,1.0,0.0,0.01,0.0,0.0,0,101140.0
13,9,18,0,0,0.0,0.0,1.0,0.0,0.25,0.0,0.0,1,29472.0
22,9,348,12425,1,0.0,0.0,1.0,0.0,0.0,0.0,0.0,0,97144.0
12,5,0,0,0,1.0,1.0,0.08,0.05,0.0,1.0,1.0,1,49769.0
19,5,0,0,0,1.0,1.0,0.02,0.06,0.0,1.0,1.0,1,58064.0
22,9,54540,8314,1,0.0,0.0,1.0,0.0,0.0,0.0,0.0,0,84523.0
19,9,383,0,1,0.0,0.0,1.0,0.0,0.0,0.0,0.0,0,122965.0
22,9,245,167,1,0.0,0.0,1.0,0.0,0.04,0.0,0.0,0,21893.0
46,5,0,0,0,1.0,1.0,0.22,0.07,0.0,1.0,1.0,1,17418.0
22,9,280,383,1,0.0,0.0,1.0,0.0,0.08,0.0,0.0,0,92632.0
51,9,1978,334,1,0.0,0.0,1.0,0.0,0.02,0.0,0.0,0,90733.0
51,9,1587,326,1,0.0,0.0,1.0,0.0,0.01,0.0,0.0,0,46068.0
22,9,317,596,1,0.0,0.0,1.0,0.0,0.0,0.0,0.0,0,6628.0
51,9,1470,325,1,0.0,0.0,1.0,0.0,0.02,0.0,0.01,0,114508.0
22,9,219,1579,1,0.0,0.0,1.0,0.0,0.02,0.0,0.0,0,38274.0
56,5,0,0,0,1.0,1.0,0.03,0.07,0.0,1.0,1.0,1,96362.0
14,9,520,0,0,0.0,0.0,1.0,0.0,0.0,0.0,0.0,0,106415.0
57,5,0,0,0,1.0,1.0,0.23,0.05,0.05,1.0,0.97,1,62330.0
22,9,325,1390,1,0.0,0.0,1.0,0.0,0.0,0.0,0.0,0,37309.0
19,9,29,0,1,0.0,0.0,0.5,1.0,0.02,0.0,0.0,0,81358.0
22,9,305,106411,1,0.0,0.0,1.0,0.0,0.0,0.0,0.0,0,35631.0
19,9,7196,0,0,0.0,0.0,1.0,0.0,0.02,0.0,0.0,0,5232.0
46,5,0,0,0,1.0,1.0,0.07,0.07,0.0,1.0,1.0,1,106405.0
11,9,35,0,0,0.0,0.0,1.0,0.0,0.06,0.0,0.0,0,33141.0
22,1,0,0,0,0.0,0.0,1.0,0.0,0.0,0.0,0.0,0,54225.0
61,5,0,0,0,1.0,1.0,0.11,0.06,0.0,1.0,1.0,1,92509.0
46,1,0,0,0,0.0,0.0,0.02,0.55,0.0,0.01,0.0,1,38159.0
22,9,373,255,1,0.0,0.0,1.0,0.0,0.0,0.0,0.0,0,100583.0
41,9,147,105,0,0.0,0.0,1.0,0.0,0.0,0.0,0.0,0,8674.0
57,5,0,0,0,1.0,1.0,0.03,0.07,0.0,1.0,1.0,1,84423.0
22,5,0,0,0,1.0,1.0,1.0,0.0,0.0,1.0,1.0,1,88219.0
51,9,1044,331,1,0.0,0.0,1.0,0.0,0.0,0.0,0.0,0,16560.0
14,9,520,0,0,0.0,0.0,1.0,0.0,0.0,0.0,0.0,0,40565.0
22,9,225,2531,1,0.0,0.0,1.0,0.0,0.0,0.0,0.0,0,60810.0
46,1,0,0,0,0.04,0.0,0.0,1.0,0.0,0.04,0.0,1,114202.0
22,9,236,2133,1,0.0,0.0,1.0,0.0,0.0,0.0,0.0,0,80812.0
46,5,0,0,0,1.0,1.0,0.05,0.06,0.0,1.0,1.0,1,74434.0
22,9,289,765,1,0.0,0.0,1.0,0.0,0.01,0.0,0.0,0,6858.0
22,9,306,5492,1,0.0,0.0,1.0,0.0,0.0,0.0,0.0,0,81342.0
22,9,54540,8314,1,0.0,0.0,1.0,0.0,0.0,0.0,0.0,0,49700.0
22,9,318,5238,1,0.0,0.0,1.0,0.0,0.02,0.0,0.01,0,80294.0
8,2,0,0,0,0.0,0.0,0.04,0.06,0.0,0.0,0.0,1,107077.0
22,9,210,648,1,0.0,0.0,1.0,0.0,0.01,0.0,0.0,0,29364.0
46,5,0,0,0,1.0,1.0,0.05,0.06,0.0,1.0,1.0,1,17700.0
13,9,8,0,0,0.0,0.0,1.0,0.0,0.25,0.0,0.0,1,88215.0
19,9,4539,0,1,0.0,0.0,1.0,0.0,0.04,0.0,0.0,0,106815.0
22,9,249,12405,1,0.0,0.0,1.0,0.0,0.02,0.0,0.0,0,9232.0
22,5,0,0,0,1.0,1.0,0.07,0.06,0.0,1.0,1.0,1,61246.0
22,1,0,0,0,0.0,0.0,1.0,0.0,0.11,0.0,0.0,0,58719.0
19,9,11376,0,1,0.0,0.0,1.0,0.0,0.0,0.01,0.02,0,112394.0
46,9,28,0,0,0.0,0.0,1.0,0.0,0.0,0.09,0.0,1,55340.0
22,9,235,548,1,0.0,0.0,1.0,0.0,0.03,0.0,0.0,0,105159.0
11,9,34,0,0,0.0,0.0,0.5,1.0,0.0,0.0,0.0,0,43740.0
22,9,195,467,1,0.0,0.0,1.0,0.0,0.04,0.0,0.0,0,74047.0
46,5,0,0,0,1.0,1.0,0.11,0.04,0.0,1.0,1.0,1,38679.0
2,5,0,0,0,1.0,1.0,0.07,0.06,0.0,1.0,1.0,1,105678.0
22,9,329,4556,1,0.33,0.2,1.0,0.0,0.07,0.02,0.02,0,28348.0
25,5,0,0,0,1.0,1.0,0.01,0.06,0.0,1.0,1.0,1,113889.0
62,5,0,0,0,1.0,1.0,0.03,0.06,0.0,1.0,1.0,1,13704.0
22,9,315,337,1,0.0,0.0,1.0,0.0,0.02,0.0,0.0,0,84329.0
31,5,0,0,0,1.0,1.0,0.03,0.06,0.0,1.0,1.0,1,50257.0
57,9,165,7461,1,0.0,0.0,1.0,0.0,0.0,0.01,0.08,0,5359.0
33,5,0,0,0,1.0,1.0,0.05,0.06,0.0,1.0,1.0,1,14887.0
46,9,105,147,0,0.0,0.0,1.0,0.0,0.0,0.0,0.0,0,33728.0
63,1,0,0,0,0.0,0.0,0.05,0.06,0.0,0.0,0.0,1,9984.0
22,9,365,418,1,0.0,0.0,1.0,0.0,0.0,0.0,0.0,0,51922.0
19,9,748,0,1,0.0,0.0,1.0,0.0,0.12,0.0,0.0,0,100075.0
37,5,0,0,0,1.0,1.0,0.1,0.07,0.0,1.0,1.0,1,31951.0
30,1,0,0,0,0.0,0.0,0.01,0.06,0.0,0.0,0.0,1,16697.0
35,5,0,0,0,1.0,1.0,0.01,0.06,0.0,1.0,1.0,1,42749.0
46,5,0,0,0,1.0,1.0,0.03,0.06,0.0,1.0,1.0,1,32252.0
22,1,0,0,0,0.0,0.0,1.0,0.0,0.08,0.0,0.0,0,50813.0
18,9,60,189,0,0.0,0.0,1.0,0.0,0.0,0.0,0.0,0,84831.0
22,9,223,1706,1,0.0,0.0,1.0,0.0,0.0,0.0,0.0,0,101027.0
22,9,278,28772,1,0.0,0.0,1.0,0.0,0.06,0.0,0.0,0,112767.0
22,9,241,3329,1,0.0,0.0,1.0,0.0,0.04,0.0,0.0,0,35758.0
19,9,151,0,1,0.0,0.0,1.0,0.0,0.01,0.01,0.0,0,10805.0
22,9,293,1271,1,0.0,0.0,1.0,0.0,0.02,0.0,0.0,0,87446.0
11,9,46,72,0,0.0,0.0,1.0,0.01,0.0,0.0,0.0,0,5512.0
11,9,36,0,0,0.0,0.0,1.0,0.0,0.0,0.0,0.0,0,94137.0
51,9,739,327,1,0.0,0.0,1.0,0.0,0.01,0.01,0.0,0,74865.0
21,1,0,0,0,0.0,0.0,0.0,0.52,0.0,0.0,0.0,1,103390.0
22,9,299,1173,1,0.0,0.0,1.0,0.0,0.05,0.0,0.01,0,111292.0
22,9,209,5606,1,0.0,0.0,1.0,0.0,0.01,0.0,0.0,0,122096.0
22,6,259,13140,1,1.0,0.5,1.0,0.0,0.02,0.33,0.0,0,73760.0
22,9,207,1628,1,0.0,0.0,1.0,0.0,0.01,0.0,0.0,0,67975.0
29,10,0,0,0,1.0,1.0,1.0,0.0,0.0,0.89,1.0,1,3781.0
22,9,222,955,1,0.08,0.08,1.0,0.0,0.02,0.0,0.0,0,95027.0
31,5,0,0,0,1.0,1.0,1.0,0.0,0.0,1.0,1.0,1,7710.0
19,9,3775,0,0,0.0,0.0,1.0,0.0,0.0,0.0,0.0,0,78810.0
22,9,365,301,1,0.0,0.0,1.0,0.0,0.05,0.0,0.01,0,100978.0
22,9,225,6764,1,0.0,0.0,1.0,0.0,0.04,0.0,0.0,0,96580.0
46,5,0,0,0,1.0,1.0,0.01,0.07,0.0,1.0,1.0,1,108231.0
22,9,294,1158,1,0.0,0.0,1.0,0.0,0.0,0.0,0.0,0,69576.0
62,5,0,0,0,1.0,1.0,0.06,0.06,0.0,1.0,1.0,1,1861.0
22,9,318,2435,1,0.0,0.0,1.0,0.0,0.0,0.0,0.0,0,104429.0
51,9,748,330,1,0.0,0.0,1.0,0.0,0.01,0.0,0.0,0,17530.0
46,5,0,0,0,1.0,1.0,0.2,0.06,0.0,1.0,1.0,1,60184.0
19,9,7012,0,1,0.0,0.0,1.0,0.0,0.02,0.0,0.0,0,103259.0
32,5,0,0,0,1.0,1.0,0.08,0.06,0.0,1.0,1.0,1,4748.0
22,9,54540,8314,1,0.0,0.0,1.0,0.0,0.0,0.02,0.02,0,92339.0
41,4,0,0,0,0.0,0.0,1.0,0.0,0.0,0.0,0.0,1,3977.0
46,4,1,0,0,0.0,0.0,1.0,0.0,0.0,0.0,0.0,1,23261.0
17,9,8,136,0,0.0,0.0,1.0,0.0,0.0,0.01,0.0,0,107368.0
46,5,0,0,0,1.0,1.0,0.09,0.06,0.0,1.0,1.0,1,22100.0
14,9,1032,0,0,0.0,0.0,1.0,0.0,0.0,0.0,0.0,0,88600.0
15,5,0,0,0,1.0,1.0,0.01,0.07,0.0,1.0,1.0,1,20605.0
11,9,44,129,0,0.0,0.0,1.0,0.0,0.0,0.0,0.0,0,39768.0
46,9,105,146,0,0.0,0.0,0.33,0.33,0.0,0.0,0.0,0,45766.0
19,9,12,0,1,0.0,0.0,1.0,0.0,0.01,0.0,0.0,0,50283.0
60,9,78,0,0,0.0,0.0,0.14,0.07,0.0,0.0,0.0,0,38863.0
22,9,233,2027,1,0.0,0.0,1.0,0.0,0.07,0.0,0.0,0,104921.0
18,9,1514,4152,1,0.0,0.0,0.5,1.0,0.0,0.01,0.0,0,49867.0
22,9,268,5124,1,0.0,0.0,1.0,0.0,0.05,0.0,0.0,0,33949.0
22,9,208,1158,1,0.0,0.0,1.0,0.0,0.0,0.0,0.0,0,109334.0
46,5,0,0,0,1.0,1.0,0.04,0.05,0.0,1.0,1.0,1,39813.0
22,9,179,15384,1,0.0,0.0,1.0,0.0,0.04,0.0,0.0,0,116654.0
51,9,600,333,1,0.0,0.0,1.0,0.0,0.02,0.0,0.0,0,56227.0
46,1,0,0,0,0.0,0.0,0.11,0.06,0.0,0.0,0.0,1,90747.0
13,9,8,0,0,0.0,0.0,1.0,0.0,0.26,0.0,0.0,1,109185.0
18,2,0,0,0,0.0,0.0,0.03,0.07,0.0,0.0,0.0,1,104974.0
55,5,0,0,0,1.0,1.0,0.0,0.05,0.0,1.0,1.0,1,47698.0
22,9,222,311,1,0.0,0.0,1.0,0.0,0.02,0.0,0.0,0,104754.0
22,9,259,749,1,0.0,0.0,1.0,0.0,0.0,0.0,0.0,0,24152.0
22,1,0,0,0,0.0,0.0,1.0,0.0,0.09,0.0,0.0,0,1276.0
11,9,46,139,0,0.0,0.0,1.0,0.0,0.0,0.0,0.0,0,51120.0
14,9,520,0,0,0.0,0.0,1.0,0.0,0.0,0.0,0.0,0,10821.0
22,9,224,7229,1,0.0,0.0,1.0,0.0,0.04,0.0,0.0,0,62502.0
41,9,147,105,0,0.0,0.0,0.4,0.6,0.0,0.0,0.0,0,116516.0
41,6,8760,0,1,0.43,1.0,0.14,0.71,0.0,0.02,1.0,0,54826.0
22,9,278,3675,1,0.0,0.0,1.0,0.0,0.02,0.0,0.0,0,119289.0
53,5,0,0,0,1.0,1.0,0.05,0.06,0.0,1.0,1.0,1,51505.0
22,9,308,1307,1,0.0,0.0,1.0,0.0,0.05,0.0,0.0,0,82794.0
22,9,322,261,1,0.0,0.25,1.0,0.0,0.04,0.02,0.01,0,114299.0
57,5,0,0,0,1.0,1.0,0.25,0.05,0.0,1.0,1.0,1,64932.0
22,9,206,1274,1,0.0,0.0,1.0,0.0,0.03,0.01,0.01,0,85058.0
19,9,4539,0,1,0.0,0.0,1.0,0.0,0.04,0.0,0.0,0,978.0
22,9,301,3222,1,0.0,0.0,1.0,0.0,0.0,0.0,0.0,0,57485.0
46,5,0,0,0,1.0,1.0,0.08,0.06,0.0,1.0,1.0,1,93508.0
22,9,308,5645,1,0.0,0.0,1.0,0.0,0.07,0.0,0.0,0,32106.0
46,1,0,0,0,0.0,0.0,0.04,0.06,0.0,0.0,0.0,1,30929.0
57,5,0,0,0,1.0,1.0,0.08,0.05,0.0,1.0,1.0,1,35563.0
51,9,1320,371,1,0.0,0.0,1.0,0.0,0.0,0.0,0.0,0,94423.0
25,5,0,0,0,1.0,1.0,0.04,0.05,0.0,1.0,1.0,1,108686.0
22,9,279,762,1,0.0,0.0,1.0,0.0,0.01,0.0,0.0,0,72625.0
22,9,209,1861,1,0.0,0.07,1.0,0.0,0.01,0.0,0.0,0,13020.0
11,9,44,115,0,0.0,0.0,1.0,0.0,0.0,0.0,0.0,0,35250.0
24,5,0,0,0,1.0,1.0,0.09,0.05,0.0,1.0,1.0,1,29679.0
22,9,207,363,1,0.0,0.0,1.0,0.0,0.04,0.0,0.0,0,18583.0
3,5,0,0,0,1.0,1.0,0.04,0.06,0.0,1.0,1.0,1,97518.0
46,1,0,0,0,0.0,0.0,0.17,0.05,0.0,0.0,0.0,1,79372.0
22,9,301,1404,1,0.0,0.0,1.0,0.0,0.0,0.0,0.0,0,31290.0
22,9,210,707,1,0.0,0.0,1.0,0.0,0.02,0.0,0.0,0,60424.0
53,5,0,0,0,1.0,1.0,0.1,0.05,0.0,1.0,1.0,1,92848.0
46,5,0,0,0,1.0,1.0,0.08,0.06,0.0,1.0,1.0,1,78437.0
46,5,0,0,0,1.0,1.0,0.02,0.07,0.0,1.0,1.0,1,45327.0
5,5,0,0,0,1.0,1.0,0.11,0.06,0.0,1.0,1.0,1,102033.0
51,9,875,482,1,0.0,0.0,1.0,0.0,0.0,0.0,0.0,0,121274.0
46,1,0,0,0,0.0,0.0,0.02,0.06,0.0,0.0,0.0,1,111085.0
46,9,28,0,0,0.66,0.0,0.34,0.05,0.0,0.09,0.0,1,119018.0
33,5,0,0,0,1.0,1.0,0.06,0.07,0.0,1.0,1.0,1,70521.0
11,9,43,131,0,0.0,0.0,1.0,0.01,0.0,0.0,0.0,0,92363.0
46,5,0,0,0,1.0,1.0,0.36,0.11,0.0,1.0,1.0,1,68429.0
22,9,233,560,1,0.25,0.25,1.0,0.0,0.21,0.25,0.07,0,90136.0
22,9,312,353,1,0.0,0.0,1.0,0.0,0.08,0.0,0.0,0,36088.0
22,1,0,0,0,0.0,0.0,1.0,0.0,0.03,0.0,0.0,0,97969.0
22,9,276,728,1,0.0,0.0,1.0,0.0,0.0,0.0,0.0,0,39770.0
13,9,8,0,0,0.0,0.0,1.0,0.0,0.27,0.0,0.0,1,78418.0
46,5,0,0,0,1.0,1.0,0.16,0.06,0.0,1.0,1.0,1,101013.0
22,9,205,4275,1,0.0,0.0,1.0,0.0,0.04,0.0,0.0,0,18271.0
22,9,190,3772,1,0.0,0.0,1.0,0.0,0.05,0.0,0.0,0,93184.0
22,9,285,3097,1,0.0,0.0,1.0,0.0,0.02,0.0,0.0,0,33065.0
41,1,0,0,0,0.0,0.0,1.0,0.0,0.0,0.0,0.0,1,93812.0
41,1,0,0,0,0.09,0.0,0.0,1.0,0.0,0.09,0.0,1,11031.0
19,9,854,0,1,0.0,0.0,1.0,0.0,0.03,0.01,0.0,0,3728.0
11,9,45,150,0,0.0,0.0,1.0,0.0,0.0,0.0,0.0,0,42711.0
6,5,0,0,0,1.0,1.0,0.01,0.06,0.0,1.0,1.0,1,118670.0
22,9,209,935,1,0.0,0.0,1.0,0.0,0.0,0.0,0.0,0,84944.0
19,9,1766,0,1,0.0,0.0,1.0,0.0,0.04,0.0,0.0,0,81434.0
17,5,0,0,0,1.0,1.0,1.0,0.0,0.14,1.0,0.57,1,21999.0
51,9,12237,1549,1,0.0,0.0,1.0,0.0,0.0,0.71,0.0,0,30470.0
61,5,0,0,0,1.0,1.0,0.08,0.07,0.0,1.0,1.0,1,31167.0
22,9,280,453,1,0.0,0.0,1.0,0.0,0.0,0.0,0.0,0,93116.0
46,5,0,0,0,1.0,1.0,0.08,0.06,0.0,1.0,1.0,1,63531.0
22,9,298,677,1,0.0,0.0,1.0,0.0,0.0,0.0,0.0,0,30789.0
22,1,0,0,0,0.0,0.0,1.0,0.0,0.16,0.0,0.0,0,106700.0
22,9,220,190,1,0.0,0.0,1.0,0.0,0.02,0.0,0.0,0,41522.0
22,9,320,12155,1,0.0,0.0,1.0,0.0,0.04,0.0,0.01,0,78903.0
17,9,8,0,0,0.0,0.0,1.0,0.0,0.5,0.0,0.0,1,63832.0
22,9,311,5478,1,0.0,0.0,1.0,0.0,0.05,0.0,0.0,0,73538.0
22,9,267,14496,1,0.0,0.0,1.0,0.0,0.01,0.0,0.0,0,89981.0
22,9,202,8973,1,0.0,0.0,1.0,0.0,0.01,0.0,0.0,0,105587.0
12,5,0,0,0,1.0,1.0,0.0,0.06,0.0,1.0,1.0,1,31413.0
51,9,1566,385,1,0.0,0.0,1.0,0.0,0.0,0.58,0.0,0,4941.0
22,9,296,313,1,0.0,0.0,1.0,0.0,0.0,0.0,0.0,0,97639.0
11,9,45,127,0,0.0,0.0,1.0,0.0,0.0,0.0,0.0,0,74813.0
46,5,0,0,0,1.0,1.0,0.03,0.06,0.0,1.0,1.0,1,54786.0
22,5,0,0,0,1.0,1.0,0.03,0.07,0.0,1.0,1.0,1,98704.0
51,9,616,332,1,0.0,0.0,1.0,0.0,0.03,0.0,0.0,0,113596.0
22,9,340,314,1,0.0,0.0,1.0,0.0,0.04,0.0,0.01,0,24251.0
46,5,0,0,0,1.0,1.0,0.06,0.05,0.0,1.0,1.0,1,116669.0
37,5,0,0,0,1.0,1.0,0.05,0.08,0.0,1.0,1.0,1,94672.0
22,9,214,289,1,0.0,0.0,1.0,0.0,0.01,0.0,0.0,0,112274.0
22,9,215,6008,1,0.0,0.0,1.0,0.0,0.01,0.0,0.0,0,43583.0
22,9,293,1658,1,0.0,0.0,1.0,0.0,0.03,0.01,0.01,0,117761.0
46,9,105,147,0,0.0,0.0,0.18,0.18,0.0,0.0,0.0,0,73425.0
51,9,1669,328,1,0.0,0.0,1.0,0.0,0.0,0.0,0.0,0,39024.0
22,9,210,310,1,0.0,0.0,1.0,0.0,0.02,0.0,0.0,0,114715.0
26,5,0,0,0,1.0,1.0,0.08,0.06,0.0,1.0,1.0,1,49171.0
46,9,105,146,0,0.0,0.0,1.0,0.0,0.0,0.0,0.0,0,40883.0
22,9,364,3390,1,0.0,0.0,1.0,0.0,0.07,0.0,0.0,0,33889.0
21,5,0,0,0,1.0,1.0,0.04,0.06,0.0,1.0,1.0,1,120908.0
56,1,0,0,0,0.0,0.0,0.13,0.06,0.0,0.0,0.0,1,109152.0
46,2,0,0,0,0.0,0.0,0.07,0.06,0.0,0.0,0.0,1,70733.0
19,9,334,0,1,0.0,0.0,1.0,0.0,0.13,0.0,0.02,0,1021.0
11,9,43,130,0,0.0,0.0,1.0,0.0,0.0,0.0,0.0,0,28951.0
41,9,146,105,0,0.0,0.0,1.0,0.0,0.0,0.0,0.0,0,74021.0
51,9,2393,402,1,0.0,0.0,1.0,0.0,0.0,0.52,0.0,0,33401.0
22,9,290,1769,1,0.0,0.0,1.0,0.0,0.0,0.0,0.0,0,106787.0
22,9,296,327,1,0.0,0.0,1.0,0.0,0.0,0.0,0.0,0,22176.0
46,10,0,0,0,1.0,1.0,1.0,0.0,0.0,0.93,1.0,1,98033.0
19,9,7077,0,1,0.0,0.0,1.0,0.0,0.03,0.0,0.0,0,62761.0
11,9,44,130,0,0.0,0.0,0.99,0.01,0.0,0.0,0.0,0,21422.0
22,9,322,1269,1,0.0,0.0,1.0,0.0,0.01,0.0,0.0,0,55783.0
17,5,0,0,0,1.0,1.0,0.14,0.06,0.0,1.0,1.0,1,67659.0
22,5,0,0,0,1.0,1.0,0.31,0.12,0.0,1.0,1.0,1,104146.0
22,9,239,474,1,0.0,0.0,1.0,0.0,0.02,0.0,0.0,0,66313.0
46,1,0,0,0,0.0,0.0,0.39,0.1,0.0,0.0,0.0,1,4342.0
22,9,322,762,1,0.0,0.0,1.0,0.0,0.0,0.0,0.0,0,19811.0
46,5,0,0,0,1.0,1.0,0.37,0.07,0.0,1.0,1.0,1,52181.0
8,5,0,0,0,1.0,1.0,0.08,0.05,0.0,1.0,1.0,1,23733.0
11,9,43,127,0,0.0,0.0,1.0,0.0,0.0,0.0,0.0,0,65819.0
63,5,0,0,0,1.0,1.0,0.08,0.05,0.0,1.0,1.0,1,45400.0
27,1,0,0,0,0.0,0.0,0.11,0.07,0.0,0.0,0.0,1,67493.0
46,4,0,0,0,0.0,0.0,1.0,0.0,0.0,0.0,0.0,1,123569.0
19,9,3775,0,0,0.0,0.0,1.0,0.0,0.0,0.0,0.0,0,54037.0
13,9,8,0,0,0.0,0.0,1.0,0.0,0.5,0.0,0.0,1,18987.0
46,5,0,0,0,1.0,1.0,0.02,0.07,0.0,1.0,1.0,1,75940.0
51,9,1138,331,1,0.0,0.0,1.0,0.0,0.01,0.0,0.0,0,42091.0
22,7,230,0,1,1.0,0.4,1.0,0.0,0.0,0.0,0.0,0,51849.0
13,9,8,0,0,0.0,0.0,1.0,0.0,0.62,0.0,0.0,1,38027.0
46,9,105,147,0,0.0,0.0,1.0,0.0,0.0,0.0,0.0,0,56332.0
13,9,8,0,0,0.0,0.0,1.0,0.0,0.5,0.0,0.0,1,125427.0
46,1,0,0,0,0.11,0.0,0.0,1.0,0.0,0.1,0.0,1,30627.0
22,5,0,0,0,0.5,0.5,1.0,0.0,0.02,0.01,0.01,0,18551.0
11,9,44,72,0,0.0,0.0,1.0,0.0,0.0,0.0,0.0,0,28522.0
51,9,1125,331,1,0.0,0.0,1.0,0.0,0.01,0.01,0.01,0,69369.0
51,9,2944,332,1,0.0,0.0,1.0,0.0,0.0,0.0,0.0,0,34494.0
64,5,0,0,0,1.0,1.0,0.08,0.05,0.0,1.0,1.0,1,80807.0
51,9,689,329,1,0.0,0.0,1.0,0.0,0.0,0.0,0.0,0,28519.0
18,9,1493,4152,1,0.0,0.0,0.5,1.0,0.0,0.0,0.0,0,58366.0
14,9,520,0,0,0.0,0.0,1.0,0.0,0.0,0.0,0.0,0,17337.0
60,9,70,0,0,0.0,0.0,0.24,0.14,0.0,0.0,0.0,0,39550.0
25,5,0,0,0,1.0,1.0,0.03,0.06,0.0,1.0,1.0,1,40242.0
46,9,28,0,0,0.01,0.0,0.99,0.03,0.0,0.0,0.0,1,92637.0
19,9,1470,0,1,0.0,0.0,1.0,0.0,0.03,0.0,0.0,0,119635.0
35,5,0,0,0,1.0,1.0,0.02,0.06,0.0,1.0,1.0,1,61007.0
51,9,1468,329,1,0.0,0.0,1.0,0.0,0.0,0.0,0.0,0,31946.0
41,4,1,0,0,0.0,0.0,1.0,0.0,0.0,0.0,0.0,1,6176.0
22,9,228,398,1,0.33,0.17,1.0,0.0,0.01,0.02,0.0,0,56470.0
41,9,516,4,0,0.0,0.0,1.0,0.0,0.0,0.0,0.0,0,6454.0
11,9,45,76,0,0.0,0.0,0.99,0.01,0.0,0.0,0.0,0,8059.0
46,1,0,0,0,0.0,0.0,0.03,0.06,0.0,0.0,0.0,1,64420.0
14,9,520,0,0,0.0,0.0,1.0,0.0,0.0,0.0,0.0,0,8698.0
22,4,0,0,0,0.0,0.0,1.0,0.0,0.0,0.0,0.0,1,58689.0
18,5,0,0,0,1.0,1.0,0.16,0.1,0.0,1.0,1.0,1,61525.0
46,1,0,0,0,0.0,0.0,0.06,0.07,0.0,0.0,0.0,1,51997.0
9,2,0,0,0,0.0,0.0,0.03,0.08,0.0,0.0,0.0,1,85333.0
14,9,1032,0,0,0.0,0.0,1.0,0.0,0.0,0.0,0.0,0,54131.0
11,9,29,0,0,0.0,0.0,1.0,0.0,0.07,0.0,0.0,0,3700.0
51,9,844,336,1,0.0,0.0,1.0,0.0,0.01,0.0,0.0,0,100815.0
22,9,298,13020,1,0.0,0.0,1.0,0.0,0.0,0.0,0.0,0,100606.0
11,9,45,80,0,0.0,0.0,0.99,0.02,0.0,0.0,0.0,0,106033.0
7,5,0,0,0,1.0,1.0,0.04,0.06,0.0,1.0,1.0,1,108728.0
46,1,0,0,0,0.0,0.0,1.0,0.0,0.0,0.0,0.0,1,121660.0
22,9,290,2747,1,0.0,0.0,1.0,0.0,0.07,0.0,0.0,0,10816.0
18,9,1257,2451,1,0.0,0.0,1.0,0.0,0.0,0.0,0.0,0,36744.0
13,9,8,0,0,0.0,0.0,1.0,0.0,0.54,0.0,0.0,1,44659.0
19,9,8325,0,0,0.0,0.0,1.0,0.0,0.0,0.0,0.0,0,75226.0
22,9,282,1008,1,0.0,0.0,1.0,0.0,0.03,0.0,0.0,0,80209.0
22,9,157,2645,1,0.0,0.0,1.0,0.0,0.0,0.0,0.0,0,93698.0
51,9,1525,400,1,0.0,0.0,1.0,0.0,0.0,0.0,0.0,0,13963.0
22,9,160,2436,1,0.0,0.0,1.0,0.0,0.05,0.0,0.0,0,79698.0
18,5,0,0,0,1.0,1.0,0.1,0.07,0.0,1.0,1.0,1,30408.0
46,5,0,0,0,1.0,1.0,0.05,0.05,0.0,1.0,1.0,1,86360.0
22,9,237,2229,1,0.12,0.12,1.0,0.0,0.04,0.12,0.01,0,37033.0
46,5,0,0,0,1.0,1.0,0.01,0.06,0.0,1.0,1.0,1,56289.0
22,9,247,2073,1,0.0,0.0,1.0,0.0,0.0,0.0,0.0,0,83237.0
51,9,714,329,1,0.0,0.0,1.0,0.0,0.0,0.01,0.01,0,109485.0
22,9,207,431,1,0.0,0.0,1.0,0.0,0.14,0.0,0.0,0,73325.0
46,1,0,0,0,0.0,0.0,1.0,0.0,0.0,0.0,0.0,1,16388.0
22,9,215,1022,1,0.0,0.0,1.0,0.0,0.05,0.0,0.0,0,80358.0
51,9,1129,372,1,0.0,0.0,1.0,0.0,0.02,0.0,0.0,0,45263.0
51,9,1444,330,1,0.0,0.0,1.0,0.0,0.01,0.0,0.0,0,82440.0
22,9,303,260,1,0.0,0.0,1.0,0.0,0.0,0.0,0.0,0,60354.0
11,9,45,114,0,0.0,0.0,1.0,0.0,0.0,0.0,0.0,0,112177.0
19,5,0,0,0,1.0,1.0,0.07,0.06,0.0,1.0,1.0,1,24960.0
51,9,834,324,1,0.0,0.0,1.0,0.0,0.0,0.0,0.0,0,48153.0
22,9,220,8422,1,0.0,0.0,1.0,0.0,0.0,0.0,0.0,0,50412.0
22,9,332,7355,1,0.0,0.0,1.0,0.0,0.0,0.0,0.0,0,124509.0
22,9,207,3227,1,0.0,0.0,1.0,0.0,0.02,0.0,0.0,0,29536.0
26,5,0,0,0,1.0,1.0,0.05,0.06,0.0,1.0,1.0,1,46399.0
4,5,0,0,0,1.0,1.0,0.04,0.06,0.0,1.0,1.0,1,17915.0
22,9,157,16954,1,0.0,0.0,1.0,0.0,0.04,0.0,0.0,0,40143.0
46,5,0,0,0,1.0,1.0,0.06,0.05,0.0,0.99,1.0,1,11476.0
30,5,0,0,0,1.0,1.0,0.02,0.07,0.0,1.0,1.0,1,89452.0
46,5,0,0,0,1.0,1.0,0.03,0.06,0.0,1.0,1.0,1,69004.0
51,9,637,332,1,0.0,0.0,1.0,0.0,0.01,0.0,0.0,0,27840.0
11,9,41,41,0,0.0,0.0,1.0,0.0,0.0,0.0,0.0,0,34670.0
20,5,0,0,0,1.0,1.0,0.08,0.07,0.0,1.0,1.0,1,103453.0
62,5,0,0,0,1.0,1.0,0.03,0.06,0.0,1.0,1.0,1,96430.0
11,9,44,44,0,0.0,0.0,1.0,0.0,0.0,0.0,0.0,0,10871.0
36,1,0,0,0,0.0,0.0,0.06,0.07,0.0,0.0,0.0,1,23565.0
41,1,0,0,0,0.13,0.0,0.0,1.0,0.0,0.08,0.0,1,116185.0
22,9,292,16390,1,0.0,0.0,1.0,0.0,0.04,0.0,0.0,0,98881.0
22,9,345,1282,1,0.0,0.0,1.0,0.0,0.04,0.0,0.0,0,78297.0
46,1,0,0,0,0.0,0.0,0.03,1.0,0.0,0.0,0.0,1,26293.0
22,9,315,7736,1,0.0,0.0,1.0,0.0,0.01,0.0,0.0,0,34395.0
57,5,0,0,0,1.0,1.0,0.07,0.06,0.0,1.0,1.0,1,1344.0
11,9,42,42,0,0.0,0.0,1.0,0.0,0.0,0.0,0.0,0,4711.0
22,9,322,998,1,0.0,0.0,1.0,0.0,0.0,0.0,0.0,0,69286.0
19,9,740,0,0,0.0,0.0,1.0,0.0,0.06,0.0,0.0,0,34505.0
51,9,3308,329,1,0.0,0.0,1.0,0.0,0.0,0.0,0.0,0,83799.0
17,5,0,0,0,1.0,1.0,0.23,0.09,0.0,1.0,1.0,1,121678.0
38,5,0,0,0,1.0,1.0,0.05,0.06,0.0,1.0,1.0,1,117755.0
22,1,0,0,0,0.0,0.0,0.03,0.07,0.0,0.0,0.0,1,2007.0
34,1,0,0,0,0.0,0.0,0.02,0.07,0.0,0.0,0.0,1,21374.0
52,5,0,0,0,1.0,1.0,0.04,0.05,0.0,1.0,1.0,1,92832.0
22,9,250,1102,1,0.0,0.0,1.0,0.0,0.02,0.0,0.01,0,40361.0
58,5,0,0,0,1.0,1.0,0.03,0.06,0.0,1.0,1.0,1,29304.0
22,9,229,3688,1,0.0,0.14,1.0,0.0,0.04,0.0,0.0,0,75375.0
13,9,8,0,0,0.0,0.0,1.0,0.0,0.51,0.0,0.0,1,41676.0
22,9,166,4360,1,0.0,0.0,1.0,0.0,0.05,0.0,0.0,0,105644.0
7,5,0,0,0,1.0,1.0,0.07,0.06,0.0,1.0,1.0,1,54863.0
9,5,0,0,0,1.0,1.0,0.03,0.06,0.0,1.0,1.0,1,41603.0
32,5,0,0,0,1.0,1.0,0.02,0.06,0.0,1.0,1.0,1,33676.0
22,9,180,4386,1,0.0,0.0,1.0,0.0,0.07,0.0,0.0,0,93030.0
41,9,32,0,0,0.0,0.0,1.0,0.0,0.0,0.0,0.0,1,99025.0
22,9,240,2994,1,0.0,0.0,1.0,0.0,0.03,0.0,0.0,0,104733.0
46,9,1,0,0,0.0,0.0,1.0,0.0,0.0,0.0,0.0,1,119195.0
36,5,0,0,0,1.0,1.0,0.06,0.06,0.0,1.0,1.0,1,93860.0
11,9,29,0,0,0.0,0.0,1.0,0.0,0.09,0.0,0.0,0,124842.0
22,9,292,805,1,0.0,0.0,1.0,0.0,0.02,0.0,0.0,0,38462.0
51,9,601,341,1,0.0,0.0,1.0,0.0,0.01,0.0,0.0,0,23074.0
38,5,0,0,0,1.0,1.0,0.04,0.06,0.0,1.0,1.0,1,96471.0
18,5,0,0,0,1.0,1.0,0.07,0.06,0.0,1.0,1.0,1,106893.0
22,9,258,7770,1,0.0,0.0,1.0,0.0,0.0,0.0,0.0,0,57391.0
46,1,0,0,0,0.0,0.0,0.05,0.06,0.0,0.0,0.0,1,123334.0
51,9,2850,368,1,0.0,0.0,1.0,0.0,0.0,0.0,0.0,0,26217.0
22,9,298,6515,1,0.0,0.0,1.0,0.0,0.0,0.0,0.0,0,24263.0
11,9,44,129,0,0.0,0.0,0.99,0.01,0.0,0.0,0.0,0,12120.0
46,5,0,0,0,1.0,1.0,0.07,0.05,0.0,1.0,1.0,1,22866.0
9,5,0,0,0,1.0,1.0,0.07,0.07,0.0,1.0,1.0,1,65309.0
5,5,0,0,0,1.0,1.0,0.12,0.07,0.0,1.0,1.0,1,5927.0
11,9,46,134,0,0.0,0.0,1.0,0.0,0.0,0.0,0.0,0,49780.0
19,5,0,0,0,1.0,1.0,0.0,0.06,0.0,1.0,1.0,1,22044.0
56,1,0,0,0,0.0,0.0,0.02,0.06,0.0,0.0,0.0,1,47034.0
41,1,0,0,0,0.1,0.0,0.0,1.0,0.0,0.13,0.0,1,24755.0
11,9,44,161,0,0.0,0.0,1.0,0.01,0.0,0.0,0.0,0,18705.0
46,1,0,0,0,0.1,0.0,0.0,1.0,0.0,0.09,0.0,1,33589.0
46,9,28,0,0,0.0,0.0,1.0,0.0,0.0,0.0,0.0,1,88890.0
46,5,0,0,0,1.0,1.0,0.02,0.08,0.0,1.0,1.0,1,379.0
46,5,0,0,0,1.0,1.0,0.24,0.1,0.0,1.0,1.0,1,90529.0
22,9,222,3438,1,0.0,0.0,1.0,0.0,0.04,0.0,0.0,0,117790.0
29,1,0,0,0,0.0,0.0,0.12,0.07,0.0,0.0,0.0,1,68850.0
22,9,211,1209,1,0.0,0.0,1.0,0.0,0.04,0.0,0.0,0,14608.0
57,5,0,0,0,0.94,1.0,0.19,0.31,0.0,1.0,1.0,1,19640.0
46,5,0,0,0,1.0,1.0,0.03,0.17,0.0,1.0,1.0,1,16351.0
22,9,324,1918,1,0.0,0.0,1.0,0.0,0.01,0.0,0.0,0,67679.0
62,5,0,0,0,1.0,1.0,0.08,0.06,0.0,1.0,1.0,1,26754.0
23,1,0,0,0,0.07,0.0,0.0,1.0,0.0,0.1,0.0,1,45071.0
46,5,0,0,0,1.0,1.0,0.13,0.06,0.0,1.0,1.0,1,65714.0
22,9,179,5592,1,0.0,0.0,1.0,0.0,0.02,0.0,0.0,0,9456.0
51,9,3245,330,1,0.0,0.0,1.0,0.0,0.01,0.0,0.0,0,52193.0
46,3,0,0,0,0.73,0.5,0.01,0.36,0.0,0.38,0.5,1,87050.0
31,5,0,0,0,1.0,1.0,0.01,0.06,0.0,1.0,1.0,1,97350.0
22,9,327,303,1,0.0,0.0,1.0,0.0,0.0,0.0,0.0,0,93674.0
22,1,0,0,0,0.0,0.0,1.0,0.0,0.17,0.0,0.0,0,60156.0
22,9,219,19309,1,0.0,0.0,1.0,0.0,0.04,0.0,0.0,0,20093.0
22,9,208,2444,1,0.0,0.0,1.0,0.0,0.03,0.0,0.0,0,124226.0
46,1,0,0,0,0.0,0.0,1.0,0.0,1.0,0.0,0.0,1,99442.0
51,9,2498,368,1,0.0,0.0,1.0,0.0,0.01,0.0,0.0,0,46610.0
22,9,313,1802,1,0.0,0.0,1.0,0.0,0.02,0.0,0.0,0,85852.0
19,9,3690,0,1,0.0,0.0,1.0,0.0,0.03,0.0,0.0,0,110731.0
46,5,0,0,0,1.0,1.0,0.04,0.06,0.0,1.0,1.0,1,17048.0
14,9,1032,0,0,0.0,0.0,1.0,0.0,0.0,0.0,0.0,0,99007.0
22,9,191,15706,1,0.0,0.0,1.0,0.0,0.01,0.0,0.0,0,124894.0
17,5,0,0,0,0.96,1.0,0.25,0.12,0.0,1.0,1.0,1,100777.0
46,1,0,0,0,0.0,0.0,0.04,0.07,0.0,0.0,0.0,1,60394.0
51,9,1320,388,1,0.0,0.0,1.0,0.0,0.0,0.85,0.0,0,73003.0
22,9,239,128,1,0.0,0.0,1.0,0.0,0.03,0.0,0.0,0,23807.0
6,1,0,0,0,0.0,0.0,0.11,0.05,0.0,0.0,0.0,1,88495.0
53,1,0,0,0,0.0,0.0,0.06,0.08,0.0,0.0,0.0,1,94763.0
22,9,323,771,1,0.0,0.0,1.0,0.0,0.0,0.0,0.0,0,109244.0
22,9,225,2193,1,0.0,0.0,1.0,0.0,0.05,0.01,0.01,0,78164.0
22,9,205,187,1,0.0,0.0,1.0,0.0,0.02,0.0,0.0,0,118740.0
46,5,0,0,0,1.0,1.0,0.06,0.05,0.0,1.0,1.0,1,9204.0
46,5,0,0,0,1.0,1.0,0.05,0.05,0.0,0.99,1.0,1,78006.0
11,9,45,45,0,0.0,0.0,1.0,0.0,0.0,0.0,0.0,0,33434.0
46,5,0,0,0,1.0,1.0,0.05,0.05,0.0,1.0,1.0,1,121697.0
57,5,0,0,0,1.0,1.0,1.0,0.0,0.0,0.89,0.89,1,44916.0
19,9,1153,0,1,0.0,0.0,1.0,0.0,0.06,0.0,0.0,0,1866.0
46,5,0,0,0,1.0,1.0,0.08,0.05,0.0,1.0,1.0,1,115951.0
22,9,167,5940,1,0.0,0.0,1.0,0.0,0.01,0.0,0.0,0,106652.0
22,9,213,1614,1,0.0,0.0,1.0,0.0,0.15,0.0,0.0,0,40095.0
11,9,17,0,0,0.0,0.0,1.0,0.0,0.0,0.0,0.0,1,76763.0
11,9,44,44,0,0.0,0.0,1.0,0.0,0.0,0.0,0.0,0,20500.0
22,9,215,5184,1,0.0,0.0,1.0,0.0,0.02,0.0,0.0,0,117413.0
46,9,28,0,0,0.0,0.0,1.0,0.0,0.0,0.0,0.0,1,45013.0
22,9,328,1989,1,0.0,0.0,1.0,0.0,0.0,0.0,0.0,0,52625.0
22,9,316,4704,1,0.0,0.0,1.0,0.0,0.07,0.0,0.0,0,9649.0
46,5,0,0,0,1.0,1.0,0.05,0.08,0.0,1.0,1.0,1,44078.0
46,1,0,0,0,0.0,0.0,0.01,0.08,0.0,0.0,0.0,1,104703.0
46,10,0,0,0,1.0,1.0,1.0,0.0,0.0,0.97,1.0,1,85731.0
13,9,8,0,0,0.0,0.0,1.0,0.0,0.51,0.0,0.0,1,12892.0
46,5,0,0,0,1.0,1.0,0.15,0.08,0.0,1.0,1.0,1,60682.0
60,9,78,0,0,0.0,0.0,0.18,0.18,0.0,0.0,0.0,0,26999.0
15,5,0,0,0,1.0,1.0,0.13,0.05,0.0,1.0,1.0,1,115711.0
11,9,44,128,0,0.0,0.0,1.0,0.0,0.0,0.0,0.0,0,8977.0
46,1,0,0,0,0.0,0.0,0.1,0.07,0.0,0.0,0.0,1,12135.0
22,6,286,21900,1,0.5,0.02,1.0,0.0,0.0,0.0,0.0,0,8090.0
46,9,28,0,0,0.0,0.0,1.0,0.0,0.0,0.02,0.0,1,49791.0
46,5,0,0,0,1.0,1.0,0.12,0.06,0.0,1.0,1.0,1,19228.0
46,4,0,0,0,0.0,0.0,1.0,0.0,0.0,0.03,0.0,1,22739.0
46,1,0,0,0,0.0,0.0,0.04,0.09,0.0,0.0,0.0,1,18289.0
51,9,2588,386,1,0.0,0.0,1.0,0.0,0.0,0.57,0.0,0,68966.0
22,9,149,12632,1,0.0,0.0,1.0,0.0,0.03,0.0,0.0,0,53598.0
46,5,0,0,0,1.0,1.0,0.05,0.08,0.0,1.0,1.0,1,17308.0
22,9,303,479,1,0.0,0.0,1.0,0.0,0.0,0.0,0.0,0,26940.0
46,9,1,0,0,0.0,0.0,0.87,0.03,0.0,0.0,0.0,1,58784.0
41,9,1199,0,1,0.0,0.0,1.0,0.0,0.0,0.02,0.0,0,110914.0
22,9,168,1150,1,0.0,0.0,1.0,0.0,0.04,0.0,0.0,0,62123.0
11,9,43,130,0,0.0,0.0,1.0,0.0,0.0,0.0,0.0,0,32969.0
46,9,105,147,0,0.0,0.0,1.0,0.0,0.0,0.0,0.0,0,108241.0
14,9,30,0,0,0.0,0.0,1.0,0.0,0.0,0.0,0.0,0,80583.0
46,5,0,0,0,1.0,1.0,0.01,0.06,0.0,1.0,1.0,1,56696.0
22,9,212,2473,1,0.0,0.0,1.0,0.0,0.04,0.0,0.0,0,61273.0
17,5,0,0,0,1.0,1.0,0.37,0.21,0.0,1.0,1.0,1,119738.0
11,9,42,42,0,0.0,0.0,1.0,0.0,0.0,0.0,0.0,0,85430.0
22,9,164,430,1,0.0,0.0,1.0,0.0,0.02,0.0,0.01,0,7446.0
13,9,8,0,0,0.0,0.0,1.0,0.0,0.26,0.0,0.0,1,67451.0
63,5,0,0,0,1.0,1.0,0.0,0.07,0.0,1.0,1.0,1,15361.0
22,9,246,2169,1,0.0,0.0,1.0,0.0,0.04,0.0,0.0,0,56119.0
22,9,217,492,1,0.0,0.0,1.0,0.0,0.0,0.0,0.0,0,82806.0
22,9,317,6907,1,0.0,0.0,1.0,0.0,0.05,0.0,0.0,0,101883.0
22,9,230,1556,1,0.0,0.0,1.0,0.0,0.04,0.0,0.0,0,41731.0
46,5,0,0,0,1.0,1.0,0.13,0.06,0.0,1.0,1.0,1,45385.0
20,5,0,0,0,1.0,1.0,0.04,0.07,0.0,1.0,1.0,1,27257.0
8,5,0,0,0,1.0,1.0,0.01,0.05,0.0,1.0,1.0,1,24749.0
30,5,0,0,0,1.0,1.0,0.08,0.07,0.0,1.0,1.0,1,65115.0
22,9,312,739,1,0.0,0.0,1.0,0.0,0.12,0.0,0.0,0,117822.0
14,9,30,0,0,0.0,0.0,1.0,0.0,0.0,0.0,0.0,0,10449.0
29,5,0,0,0,1.0,1.0,0.19,0.06,0.0,1.0,1.0,1,64998.0
19,5,0,0,0,1.0,1.0,0.02,0.05,0.0,1.0,1.0,1,34248.0
11,9,93,52,0,0.0,0.0,1.0,0.0,0.0,0.0,0.0,0,93565.0
22,9,352,772,1,0.0,0.0,1.0,0.0,0.0,0.0,0.0,0,10203.0
2,5,0,0,0,1.0,1.0,0.08,0.05,0.0,1.0,1.0,1,105302.0
6,5,0,0,0,1.0,1.0,0.03,0.07,0.0,1.0,1.0,1,53483.0
57,9,159,14131,1,0.0,0.0,1.0,0.0,1.0,0.0,0.0,0,109990.0
11,9,46,82,0,0.0,0.0,1.0,0.0,0.0,0.0,0.0,0,109989.0
10,5,0,0,0,1.0,1.0,0.01,0.06,0.0,1.0,1.0,1,19365.0
22,1,0,0,0,0.0,0.0,1.0,0.0,0.2,0.0,0.0,0,14660.0
22,9,196,3946,1,0.0,0.0,1.0,0.0,0.03,0.0,0.0,0,106882.0
26,5,0,0,0,1.0,1.0,0.1,0.05,0.0,1.0,1.0,1,46630.0
41,9,147,0,0,0.0,0.0,0.25,0.75,0.0,0.0,0.0,0,15659.0
22,9,342,5401,1,0.0,0.0,1.0,0.0,0.02,0.0,0.0,0,34173.0
28,5,0,0,0,1.0,1.0,0.02,0.06,0.0,1.0,1.0,1,30786.0
3,5,0,0,0,1.0,1.0,0.03,0.06,0.0,1.0,1.0,1,45278.0
36,5,0,0,0,1.0,1.0,0.06,0.05,0.0,1.0,1.0,1,96659.0
46,5,0,0,0,1.0,1.0,0.01,0.07,0.0,1.0,1.0,1,22703.0
18,9,1006,3081,1,0.0,0.0,1.0,0.0,0.0,0.0,0.0,0,8066.0
26,5,0,0,0,1.0,1.0,0.02,0.06,0.0,1.0,1.0,1,108634.0
13,9,8,0,0,0.0,0.0,1.0,0.0,0.52,0.0,0.0,1,71261.0
2,5,0,0,0,1.0,1.0,0.01,0.08,0.0,1.0,1.0,1,77492.0
22,9,211,11379,1,0.0,0.0,1.0,0.0,0.06,0.0,0.0,0,62072.0
51,9,668,334,1,0.0,0.0,1.0,0.0,0.01,0.01,0.01,0,70137.0
46,1,0,0,0,0.0,0.0,0.05,0.07,0.0,0.0,0.0,1,58517.0
46,5,0,0,0,1.0,1.0,0.02,0.05,0.0,1.0,1.0,1,104585.0
19,9,151,0,0,0.0,0.0,1.0,0.0,0.0,0.0,0.0,0,54239.0
0,4,115,1567,1,0.0,0.0,1.0,0.0,0.0,0.25,0.33,0,1725.0
61,5,0,0,0,1.0,1.0,0.05,0.06,0.0,1.0,1.0,1,108007.0
13,9,8,0,0,0.0,0.0,1.0,0.0,0.53,0.0,0.0,1,14363.0
13,9,8,0,0,0.0,0.0,1.0,0.0,0.5,0.0,0.0,1,79113.0
19,9,0,11269,0,0.0,0.0,0.5,1.0,0.0,0.01,0.03,0,18854.0
10,5,0,0,0,1.0,1.0,0.17,0.06,0.0,1.0,1.0,1,13229.0
46,5,0,0,0,1.0,1.0,0.01,0.06,0.0,1.0,1.0,1,89270.0
22,9,301,3609,1,0.0,0.08,1.0,0.0,0.06,0.0,0.01,0,97446.0
38,1,0,0,0,0.0,0.0,0.14,0.06,0.0,0.0,0.0,1,30504.0
22,9,226,5866,1,0.0,0.0,1.0,0.0,0.05,0.0,0.0,0,54646.0
22,9,284,6418,1,0.0,0.0,1.0,0.0,0.04,0.0,0.0,0,53938.0
46,4,1,0,0,0.0,0.0,1.0,0.0,0.0,0.0,0.0,1,4620.0
22,9,292,247,1,0.0,0.0,1.0,0.0,0.03,0.0,0.0,0,110308.0
5,1,0,0,0,0.0,0.0,0.05,0.07,0.0,0.0,0.0,1,119331.0
22,9,302,2507,1,0.0,0.0,1.0,0.0,0.0,0.0,0.0,0,117364.0
19,9,259,0,1,0.0,0.0,1.0,0.0,0.0,0.0,0.0,0,124628.0
22,9,270,9442,1,0.0,0.0,1.0,0.0,0.06,0.0,0.0,0,105221.0
46,5,0,0,0,1.0,1.0,0.05,0.07,0.0,1.0,1.0,1,117222.0
22,1,0,0,0,0.0,0.0,1.0,0.0,0.17,0.0,0.0,0,76878.0
46,5,0,0,0,1.0,1.0,0.02,0.07,0.0,1.0,1.0,1,114710.0
11,9,44,73,0,0.0,0.0,1.0,0.0,0.0,0.0,0.0,0,114305.0
46,1,0,0,0,0.0,0.0,0.04,0.07,0.0,0.0,0.0,1,11925.0
22,5,0,0,0,1.0,1.0,1.0,0.0,0.16,1.0,0.07,1,123090.0
11,9,46,157,0,0.0,0.0,0.99,0.03,0.0,0.0,0.0,0,44309.0
11,9,43,71,0,0.0,0.0,1.0,0.0,0.0,0.0,0.0,0,81553.0
22,9,217,1065,1,0.0,0.0,1.0,0.0,0.0,0.0,0.0,0,11316.0
22,9,248,7903,1,0.0,0.0,1.0,0.0,0.01,0.0,0.0,0,108857.0
46,9,1,0,0,0.0,0.0,0.45,0.08,0.0,0.0,0.0,1,98565.0
62,5,0,0,0,1.0,1.0,0.07,0.06,0.0,1.0,1.0,1,9797.0
11,9,44,120,0,0.0,0.0,1.0,0.0,0.0,0.0,0.0,0,117270.0
46,5,0,0,0,1.0,1.0,0.01,0.08,0.0,1.0,1.0,1,125376.0
22,9,365,482,1,0.0,0.0,1.0,0.0,0.0,0.0,0.0,0,52802.0
46,5,0,0,0,1.0,1.0,0.07,0.06,0.0,1.0,1.0,1,53032.0
54,5,0,0,0,1.0,1.0,0.07,0.06,0.0,1.0,1.0,1,24668.0
22,9,204,1271,1,0.1,0.06,1.0,0.0,0.0,0.01,0.01,0,65525.0
11,9,43,73,0,0.0,0.0,1.0,0.0,0.0,0.0,0.0,0,9536.0
22,9,236,1885,1,0.25,0.4,1.0,0.0,0.01,0.01,0.0,0,104880.0
22,9,257,473,1,0.0,0.0,1.0,0.0,0.0,0.0,0.0,0,123353.0
46,5,0,0,0,1.0,1.0,0.23,0.06,0.0,1.0,1.0,1,65434.0
22,9,298,709,1,0.0,0.0,1.0,0.0,0.02,0.0,0.0,0,119974.0
5,5,0,0,0,1.0,1.0,0.01,0.06,0.0,1.0,1.0,1,83925.0
14,9,1032,0,0,0.0,0.0,1.0,0.0,0.0,0.0,0.0,0,2893.0
22,1,0,0,0,0.0,0.0,1.0,0.0,0.15,0.0,0.0,0,104878.0
25,5,0,0,0,1.0,1.0,0.05,0.05,0.0,1.0,1.0,1,20869.0
46,9,105,146,0,0.0,0.0,0.25,0.5,0.0,0.0,0.0,0,74301.0
22,9,273,732,1,0.0,0.0,1.0,0.0,0.05,0.0,0.0,0,94776.0
51,9,1660,332,1,0.0,0.0,1.0,0.0,0.0,0.0,0.0,0,95501.0
51,9,1236,329,1,0.0,0.0,1.0,0.0,0.03,0.0,0.0,0,70385.0
46,5,0,0,0,1.0,1.0,0.02,0.05,0.0,1.0,1.0,1,81284.0
22,9,54540,8314,1,0.0,0.0,1.0,0.0,0.0,0.0,0.0,0,125499.0
57,9,176,3846,1,0.0,0.0,1.0,0.0,0.0,0.0,0.0,0,63539.0
41,9,147,105,0,0.0,0.0,1.0,0.0,0.0,0.0,0.0,0,50076.0
46,9,28,0,0,0.0,0.0,1.0,0.0,0.0,0.01,0.0,1,20013.0
41,9,10272,0,0,0.11,0.0,0.11,0.78,0.0,0.01,0.0,0,17834.0
22,9,293,313,1,0.0,0.0,1.0,0.0,0.0,0.0,0.0,0,106612.0
19,5,0,0,0,1.0,1.0,0.01,0.06,0.0,1.0,1.0,1,39519.0
19,9,12983,0,1,0.0,0.0,1.0,0.0,0.0,0.0,0.0,0,32009.0
22,9,217,13110,1,0.0,0.0,1.0,0.0,0.04,0.0,0.0,0,5225.0
4,5,0,0,0,1.0,1.0,0.05,0.06,0.0,1.0,1.0,1,27877.0
46,9,105,145,0,0.0,0.0,0.17,0.33,0.0,0.0,0.0,0,33793.0
46,5,0,0,0,1.0,1.0,0.03,0.06,0.0,1.0,1.0,1,48075.0
46,5,0,0,0,1.0,1.0,0.01,0.06,0.0,1.0,1.0,1,95795.0
22,9,311,3369,1,0.0,0.0,1.0,0.0,0.03,0.0,0.01,0,28630.0
22,9,369,6193,1,0.0,0.0,1.0,0.0,0.0,0.0,0.0,0,4327.0
22,9,162,10384,1,0.0,0.0,1.0,0.0,0.04,0.0,0.0,0,4814.0
46,9,105,147,0,0.0,0.0,0.14,0.29,0.0,0.0,0.0,0,26305.0
25,5,0,0,0,1.0,1.0,0.06,0.07,0.0,1.0,1.0,1,103860.0
22,9,156,6046,1,0.0,0.0,1.0,0.0,0.06,0.33,0.0,0,66211.0
22,9,242,4401,1,0.0,0.0,1.0,0.0,0.02,0.0,0.0,0,54617.0
22,9,270,2133,1,0.0,0.0,1.0,0.0,0.05,0.0,0.0,0,72717.0
11,9,43,43,0,0.0,0.0,1.0,0.0,0.0,0.0,0.0,0,36580.0
51,9,2069,483,1,0.0,0.0,1.0,0.0,0.0,0.0,0.0,0,78983.0
22,9,313,4597,1,0.0,0.0,1.0,0.0,0.0,0.0,0.0,0,59127.0
11,9,42,42,0,0.0,0.0,1.0,0.0,0.0,0.0,0.0,0,123500.0
22,9,202,2669,1,0.0,0.0,1.0,0.0,0.04,0.0,0.0,0,28431.0
19,9,7077,0,1,0.0,0.0,1.0,0.0,0.02,0.01,0.0,0,12033.0
46,5,0,0,0,1.0,1.0,0.12,0.07,0.0,1.0,1.0,1,122776.0
24,5,0,0,0,1.0,1.0,0.01,0.07,0.0,1.0,1.0,1,37730.0
20,5,0,0,0,1.0,1.0,0.0,0.05,0.0,1.0,1.0,1,24716.0
22,1,0,0,0,0.0,0.0,1.0,0.0,0.18,0.0,0.0,0,47927.0
46,9,100,0,0,0.0,0.0,1.0,0.0,0.0,0.0,0.0,0,63901.0
11,9,33,0,0,0.0,0.0,1.0,0.0,0.13,0.0,0.0,0,14235.0
22,9,287,925,1,0.0,0.0,1.0,0.0,0.05,0.0,0.0,0,6180.0
33,5,0,0,0,1.0,1.0,0.01,0.06,0.0,1.0,1.0,1,27113.0
14,9,30,0,0,0.0,0.0,1.0,0.0,0.0,0.0,0.0,0,13623.0
51,9,880,281,1,0.0,0.0,0.5,1.0,0.0,0.01,0.02,0,56081.0
28,5,0,0,0,1.0,1.0,0.15,0.05,0.0,1.0,1.0,1,78922.0
17,9,9,0,0,0.0,0.0,1.0,0.0,0.22,0.0,0.0,0,77677.0
41,9,1,0,0,0.0,0.0,0.09,0.82,0.0,0.0,0.0,1,89915.0
61,5,0,0,0,1.0,1.0,0.03,0.07,0.0,1.0,1.0,1,83619.0
5,5,0,0,0,1.0,1.0,0.46,0.11,0.0,1.0,1.0,1,101683.0
22,9,218,546,1,0.0,0.0,1.0,0.0,0.0,0.0,0.0,0,89516.0
46,4,0,0,0,0.0,0.0,1.0,0.0,0.0,0.0,0.0,1,27532.0
22,9,298,5931,1,0.0,0.0,1.0,0.0,0.02,0.0,0.0,0,21788.0
46,4,1,0,0,0.0,0.0,1.0,0.0,0.0,0.0,0.0,1,37229.0
22,2,0,0,1,0.0,0.0,1.0,0.0,0.02,0.04,0.0,0,16852.0
11,9,44,130,0,0.0,0.0,0.99,0.02,0.0,0.0,0.0,0,39643.0
22,9,217,369,1,0.0,0.0,1.0,0.0,0.0,0.0,0.0,0,66372.0
19,9,1363,0,0,0.0,0.0,1.0,0.0,0.0,0.0,0.0,0,24206.0
22,9,242,291,1,0.0,0.0,1.0,0.0,0.0,0.0,0.0,0,68457.0
22,9,193,2141,1,0.0,0.0,1.0,0.0,0.04,0.0,0.0,0,68985.0
11,9,43,69,0,0.0,0.0,1.0,0.0,0.0,0.0,0.0,0,55040.0
22,9,206,471,1,0.0,0.0,1.0,0.0,0.02,0.0,0.0,0,79892.0
57,9,39,121,0,0.07,0.0,0.0,1.0,0.0,0.13,0.0,0,49980.0
17,9,7,311,0,0.0,0.0,1.0,0.0,0.33,0.01,0.0,0,41230.0
46,5,0,0,0,1.0,1.0,0.11,0.06,0.0,1.0,1.0,1,93159.0
22,9,191,1958,1,0.0,0.0,1.0,0.0,0.0,0.0,0.0,0,58484.0
57,5,0,0,0,1.0,1.0,0.33,0.07,0.0,1.0,1.0,1,29868.0
51,9,3134,334,1,0.0,0.0,1.0,0.0,0.0,0.0,0.0,0,56838.0
46,5,0,0,0,1.0,1.0,0.15,0.11,0.0,1.0,1.0,1,71211.0
46,1,0,0,0,0.0,0.0,0.12,0.06,0.0,0.0,0.0,1,104339.0
22,9,230,2527,1,0.0,0.0,1.0,0.0,0.0,0.0,0.0,0,93916.0
22,9,218,3076,1,0.0,0.0,1.0,0.0,0.0,0.0,0.0,0,117699.0
26,5,0,0,0,1.0,1.0,0.02,0.06,0.0,1.0,1.0,1,47065.0
43,5,0,0,0,1.0,1.0,0.02,0.06,0.0,1.0,1.0,1,32273.0
22,9,171,9038,1,0.0,0.0,1.0,0.0,0.01,0.0,0.0,0,124589.0
20,5,0,0,0,1.0,1.0,0.0,0.07,0.0,1.0,1.0,1,9566.0
18,9,239,769,1,0.0,0.0,1.0,0.0,0.0,0.01,0.0,0,14315.0
22,9,300,1771,1,0.0,0.0,1.0,0.0,0.04,0.0,0.0,0,69684.0
7,1,0,0,0,0.0,0.0,0.06,0.06,0.0,0.0,0.0,1,8832.0
46,5,0,0,0,1.0,1.0,0.02,0.06,0.0,1.0,1.0,1,30569.0
22,9,305,2613,1,0.0,0.0,1.0,0.0,0.03,0.0,0.0,0,47958.0
46,1,0,0,0,0.0,0.0,0.07,0.07,0.0,0.0,0.0,1,15341.0
33,5,0,0,0,1.0,1.0,0.17,0.05,0.0,1.0,1.0,1,73855.0
51,9,1473,335,1,0.0,0.0,1.0,0.0,0.01,0.0,0.0,0,121826.0
51,9,616,329,1,0.0,0.0,1.0,0.0,0.0,0.0,0.0,0,16325.0
46,5,0,0,0,1.0,1.0,0.13,0.07,0.0,1.0,1.0,1,24093.0
51,9,873,454,1,0.99,0.0,0.01,0.06,0.0,0.98,0.0,0,65426.0
41,5,0,0,0,0.2,1.0,0.0,1.0,0.0,0.27,1.0,1,72360.0
13,9,8,0,0,0.0,0.0,1.0,0.0,0.27,0.0,0.0,1,81850.0
22,9,305,2073,1,0.0,0.0,1.0,0.0,0.0,0.0,0.0,0,43801.0
51,9,1824,478,1,0.0,0.0,1.0,0.0,0.04,0.0,0.0,0,112441.0
46,1,0,0,0,0.0,0.0,0.08,0.07,0.0,0.0,0.0,1,2495.0
19,9,61298,0,0,0.0,0.0,1.0,0.0,0.03,0.0,0.0,0,45649.0
7,5,0,0,0,1.0,1.0,0.14,0.06,0.0,1.0,1.0,1,82662.0
51,9,1353,331,1,0.0,0.0,1.0,0.0,0.01,0.0,0.0,0,95796.0
51,9,11090,1552,1,0.0,0.0,1.0,0.0,0.0,0.78,0.0,0,71633.0
11,9,43,43,0,0.0,0.0,1.0,0.0,0.0,0.0,0.0,0,35661.0
46,5,0,0,0,1.0,1.0,0.09,0.06,0.0,1.0,1.0,1,120318.0
11,9,43,126,0,0.0,0.0,0.99,0.01,0.0,0.0,0.0,0,10108.0
22,9,194,290,1,0.0,0.0,1.0,0.0,0.0,0.0,0.0,0,27648.0
22,9,225,1039,1,0.0,0.0,1.0,0.0,0.0,0.0,0.0,0,47192.0
58,5,0,0,0,1.0,1.0,0.02,0.06,0.0,1.0,1.0,1,15285.0
46,5,0,0,0,1.0,1.0,0.21,0.05,0.0,1.0,1.0,1,3145.0
11,9,44,137,0,0.0,0.0,1.0,0.0,0.0,0.0,0.0,0,89444.0
11,9,46,46,0,0.0,0.0,1.0,0.01,0.0,0.0,0.0,0,13123.0
33,5,0,0,0,1.0,1.0,0.06,0.05,0.0,1.0,1.0,1,70856.0
22,9,196,1368,1,0.0,0.0,1.0,0.0,0.04,0.0,0.0,0,30572.0
22,9,288,1091,1,0.0,0.0,1.0,0.0,0.04,0.0,0.0,0,111774.0
22,9,223,1380,1,0.0,0.0,1.0,0.0,0.0,0.0,0.0,0,100677.0
46,5,0,0,0,1.0,1.0,0.05,0.07,0.0,1.0,1.0,1,42344.0
13,9,8,0,0,0.0,0.0,1.0,0.0,0.5,0.0,0.0,1,33048.0
46,5,0,0,0,1.0,1.0,0.02,0.07,0.0,1.0,1.0,1,63233.0
51,9,2258,333,1,0.0,0.0,1.0,0.0,0.02,0.0,0.0,0,108178.0
46,9,105,146,0,0.0,0.0,1.0,0.0,0.0,0.0,0.0,0,105631.0
12,5,0,0,0,1.0,1.0,0.04,0.05,0.0,1.0,1.0,1,124952.0
46,5,0,0,0,1.0,1.0,0.05,0.07,0.0,1.0,1.0,1,56284.0
46,5,0,0,0,1.0,1.0,0.02,0.06,0.0,1.0,1.0,1,38004.0
58,5,0,0,0,1.0,1.0,0.14,0.06,0.0,1.0,1.0,1,22092.0
11,9,30,0,0,0.0,0.0,1.0,0.0,0.04,0.0,0.0,0,53575.0
46,9,207,0,0,0.0,0.0,1.0,0.0,0.0,0.0,0.0,0,69013.0
29,5,0,0,0,1.0,1.0,0.08,0.05,0.0,1.0,1.0,1,29596.0
22,9,206,998,1,0.0,0.0,1.0,0.0,0.0,0.0,0.0,0,53080.0
19,9,2105,0,1,0.0,0.0,1.0,0.0,0.03,0.0,0.0,0,124754.0
18,2,0,0,0,0.0,0.0,0.07,0.06,0.0,0.0,0.0,1,65360.0
46,5,0,0,0,1.0,1.0,0.03,0.06,0.0,1.0,1.0,1,86196.0
11,9,45,45,0,0.0,0.0,0.99,0.02,0.0,0.0,0.0,0,94914.0
13,9,8,0,0,0.0,0.0,1.0,0.0,0.27,0.0,0.0,1,67171.0
22,9,285,9736,1,0.0,0.0,1.0,0.0,0.03,0.0,0.0,0,94992.0
22,9,295,465,1,0.0,0.0,1.0,0.0,0.04,0.0,0.0,0,169.0
22,4,20440,1460,1,0.0,0.0,1.0,0.0,0.0,0.0,0.0,0,27851.0
61,5,0,0,0,1.0,1.0,0.15,0.05,0.0,1.0,1.0,1,123342.0
22,9,222,931,1,0.0,0.0,1.0,0.0,0.0,0.0,0.0,0,87956.0
57,5,0,0,0,1.0,1.0,0.02,0.06,0.0,1.0,1.0,1,75404.0
0,4,2335,8163,1,0.0,0.0,0.5,1.0,0.0,0.0,0.0,0,16853.0
22,9,272,1198,1,0.25,0.07,1.0,0.0,0.17,0.11,0.08,0,103327.0
22,1,0,0,0,0.0,0.0,1.0,0.0,0.11,0.0,0.0,0,24316.0
22,9,236,508,1,0.0,0.0,1.0,0.0,0.04,0.0,0.0,0,71787.0
22,9,244,268,1,0.0,0.0,1.0,0.0,0.04,0.0,0.0,0,12573.0
22,9,201,2914,1,0.0,0.0,1.0,0.0,0.04,0.0,0.0,0,31327.0
0,4,934,9562,0,0.0,0.0,1.0,0.0,0.0,0.0,0.0,0,12383.0
46,5,0,0,0,1.0,1.0,0.02,0.06,0.0,1.0,1.0,1,102011.0
18,9,1224,2449,1,0.0,0.0,1.0,0.0,0.0,0.02,0.0,0,26757.0
22,9,252,1542,1,0.0,0.0,1.0,0.0,0.0,0.0,0.0,0,50696.0
22,1,0,0,0,0.0,0.0,1.0,0.0,0.26,0.0,0.0,0,38251.0
46,4,0,0,0,0.0,0.0,0.05,0.54,0.0,0.01,0.0,1,119083.0
46,4,0,0,0,0.0,0.0,0.25,0.5,0.0,0.01,0.0,1,96876.0
13,9,8,0,0,0.0,0.0,1.0,0.0,0.5,0.0,0.0,1,90092.0
41,9,147,0,0,0.0,0.0,0.25,0.75,0.0,0.0,0.0,0,32382.0
22,9,289,12640,1,0.0,0.0,1.0,0.0,0.0,0.0,0.0,0,26205.0
22,9,297,9287,1,0.0,0.0,1.0,0.0,0.01,0.0,0.0,0,23128.0
51,9,723,393,1,0.0,0.0,1.0,0.0,0.0,0.0,0.0,0,4795.0
22,9,359,893,1,0.0,0.0,1.0,0.0,0.03,0.0,0.0,0,108598.0
22,9,205,6692,1,0.0,0.0,1.0,0.0,0.0,0.0,0.0,0,90915.0
32,5,0,0,0,1.0,1.0,0.02,0.05,0.0,1.0,1.0,1,105095.0
22,9,188,1765,1,0.0,0.0,1.0,0.0,0.02,0.0,0.0,0,118558.0
46,5,0,0,0,1.0,1.0,0.07,0.06,0.0,1.0,1.0,1,25094.0
22,9,54540,8314,1,0.0,0.0,1.0,0.0,0.0,0.0,0.0,0,33707.0
11,9,44,134,0,0.0,0.0,1.0,0.0,0.0,0.0,0.0,0,29437.0
22,9,244,828,1,0.0,0.0,1.0,0.0,0.0,0.0,0.0,0,42333.0
11,9,41,74,0,0.0,0.0,1.0,0.0,0.0,0.0,0.0,0,115478.0
22,9,373,9357,1,0.0,0.0,1.0,0.0,0.01,0.0,0.0,0,92162.0
46,9,1,0,0,0.0,0.0,0.41,0.11,0.0,0.0,0.0,1,29378.0
13,9,8,0,0,0.0,0.0,1.0,0.0,0.25,0.0,0.0,1,13523.0
22,9,254,801,1,0.0,0.0,1.0,0.0,0.02,0.0,0.0,0,119982.0
13,9,8,0,0,0.0,0.0,1.0,0.0,0.25,0.0,0.0,1,55086.0
11,9,43,43,0,0.0,0.0,1.0,0.0,0.0,0.0,0.0,0,23872.0
4,5,0,0,0,1.0,1.0,0.01,0.05,0.0,1.0,1.0,1,117954.0
22,9,305,379,1,0.0,0.0,1.0,0.0,0.02,0.0,0.0,0,66235.0
46,9,1,0,0,0.0,0.0,1.0,0.0,0.0,0.02,0.0,1,107550.0
46,5,0,0,0,1.0,1.0,0.04,0.06,0.0,1.0,1.0,1,22799.0
11,9,146,46,0,0.0,0.0,1.0,0.01,0.0,0.0,0.0,0,63438.0
4,5,0,0,0,1.0,1.0,0.36,0.27,0.0,1.0,1.0,1,26445.0
5,1,0,0,0,0.0,0.0,0.14,0.06,0.0,0.0,0.0,1,69287.0
19,9,74,0,0,0.0,0.0,1.0,0.0,0.0,0.55,0.0,0,53637.0
46,1,0,0,0,0.0,0.0,0.08,0.07,0.0,0.0,0.0,1,16859.0
22,9,341,2451,1,0.0,0.0,1.0,0.0,0.03,0.0,0.0,0,35212.0
64,5,0,0,0,1.0,1.0,0.01,0.07,0.0,1.0,1.0,1,48352.0
46,1,0,0,0,0.0,0.0,0.11,0.06,0.0,0.0,0.0,1,113781.0
46,5,0,0,0,1.0,1.0,0.01,0.06,0.0,1.0,1.0,1,2627.0
51,9,1154,333,1,0.0,0.0,1.0,0.0,0.02,0.0,0.0,0,66672.0
22,9,232,3424,1,0.0,0.0,1.0,0.0,0.04,0.0,0.0,0,71846.0
43,5,0,0,0,1.0,1.0,0.07,0.07,0.0,1.0,1.0,1,5000.0
51,9,1317,367,1,0.0,0.0,1.0,0.0,0.02,0.0,0.0,0,9488.0
22,9,318,4759,1,0.0,0.0,1.0,0.0,0.02,0.0,0.0,0,80019.0
32,5,0,0,0,1.0,1.0,0.07,0.06,0.0,1.0,1.0,1,9892.0
13,9,8,0,0,0.0,0.0,1.0,0.0,0.5,0.0,0.0,1,90055.0
22,9,358,2116,1,0.0,0.0,1.0,0.0,0.04,0.0,0.0,0,77693.0
29,1,0,0,0,0.0,0.0,0.03,0.07,0.0,0.0,0.0,1,85455.0
18,9,317,1054,1,0.0,0.0,1.0,0.0,0.0,0.0,0.0,0,11326.0
22,9,235,512,1,0.0,0.0,1.0,0.0,0.02,0.0,0.0,0,93625.0
22,9,276,791,1,0.0,0.0,1.0,0.0,0.0,0.0,0.0,0,82488.0
22,9,198,6026,1,0.0,0.0,1.0,0.0,0.04,0.0,0.0,0,59874.0
22,9,174,5916,1,0.0,0.0,1.0,0.0,0.02,0.01,0.0,0,4325.0
5,5,0,0,0,1.0,1.0,0.12,0.05,0.0,1.0,1.0,1,32110.0
13,9,8,0,0,0.0,0.0,1.0,0.0,0.25,0.0,0.0,1,44149.0
15,5,0,0,0,1.0,1.0,0.13,0.05,0.0,1.0,1.0,1,47595.0
22,9,308,253,1,0.0,0.0,1.0,0.0,0.0,0.0,0.0,0,29424.0
57,5,0,0,0,1.0,1.0,0.24,0.19,0.0,1.0,1.0,1,40621.0
13,9,8,0,0,0.0,0.0,1.0,0.0,0.5,0.0,0.0,1,59632.0
22,9,220,769,1,0.0,0.0,1.0,0.0,0.02,0.0,0.0,0,43989.0
28,5,0,0,0,1.0,1.0,0.02,0.06,0.0,1.0,1.0,1,122590.0
46,9,1,0,0,0.0,0.0,0.69,0.25,0.0,0.0,0.0,1,16433.0
64,5,0,0,0,1.0,1.0,0.07,0.05,0.0,1.0,1.0,1,12836.0
8,5,0,0,0,1.0,1.0,0.03,0.07,0.0,1.0,1.0,1,60143.0
57,9,150,7204,1,0.0,0.0,1.0,0.0,0.75,0.0,0.0,0,86592.0
22,9,281,1395,1,0.0,0.0,1.0,0.0,0.0,0.0,0.0,0,16231.0
11,9,45,83,0,0.0,0.0,1.0,0.0,0.0,0.0,0.0,0,19142.0
22,9,231,16566,1,0.0,0.0,1.0,0.0,0.03,0.0,0.0,0,81916.0
13,9,18,0,0,0.0,0.0,1.0,0.0,0.25,0.0,0.0,1,13616.0
46,9,1,0,0,0.0,0.0,0.04,0.25,0.0,0.0,0.0,1,28820.0
46,5,0,0,0,1.0,1.0,0.07,0.07,0.0,1.0,1.0,1,14113.0
57,5,0,0,0,1.0,1.0,0.18,0.14,0.0,1.0,1.0,1,75704.0
51,9,678,280,1,0.0,0.0,1.0,0.0,0.01,0.0,0.0,0,5604.0
64,1,0,0,0,0.0,0.0,0.05,0.06,0.0,0.0,0.0,1,69955.0
22,9,244,3053,1,0.0,0.0,1.0,0.0,0.03,0.0,0.0,0,52057.0
41,1,0,0,0,0.08,0.0,0.0,1.0,0.0,0.07,0.0,1,28487.0
13,9,8,0,0,0.0,0.0,1.0,0.0,0.5,0.0,0.0,1,3787.0
22,9,228,984,1,0.0,0.0,1.0,0.0,0.0,0.0,0.0,0,102462.0
51,9,767,332,1,0.0,0.0,0.5,1.0,0.06,0.0,0.0,0,21659.0
22,9,293,704,1,0.0,0.0,1.0,0.0,0.04,0.0,0.0,0,71900.0
46,5,0,0,0,1.0,1.0,0.09,0.07,0.0,1.0,1.0,1,117317.0
57,6,93,2832,1,1.0,1.0,1.0,0.0,0.0,0.05,0.27,0,26012.0
46,5,0,0,0,1.0,1.0,0.09,0.07,0.0,1.0,1.0,1,88140.0
22,6,215,11680,1,1.0,0.07,1.0,0.0,0.02,0.5,0.0,0,933.0
22,9,368,11342,1,0.0,0.0,1.0,0.0,0.05,0.0,0.0,0,116890.0
46,5,0,0,0,1.0,1.0,0.02,0.07,0.0,1.0,1.0,1,322.0
22,9,344,349,1,0.0,0.0,1.0,0.0,0.02,0.0,0.0,0,103413.0
7,5,0,0,0,1.0,1.0,0.07,0.06,0.0,1.0,1.0,1,13085.0
19,9,7422,0,1,0.0,0.0,1.0,0.0,0.03,0.0,0.0,0,54938.0
22,9,247,1884,1,0.0,0.0,1.0,0.0,0.01,0.0,0.0,0,90989.0
46,9,28,0,0,0.0,0.0,1.0,0.0,0.0,0.09,0.0,1,44259.0
11,9,42,76,0,0.0,0.0,1.0,0.0,0.0,0.0,0.0,0,96383.0
46,5,0,0,0,1.0,1.0,0.03,0.07,0.0,1.0,1.0,1,58842.0
22,9,260,436,1,0.0,0.0,1.0,0.0,0.01,0.0,0.0,0,101552.0
22,5,0,0,0,1.0,1.0,0.5,1.0,0.0,0.98,1.0,1,40573.0
46,5,0,0,0,1.0,1.0,0.05,0.07,0.0,1.0,1.0,1,58589.0
51,9,4115,320,1,0.0,0.0,1.0,0.0,0.01,0.0,0.0,0,36585.0
55,5,0,0,0,1.0,1.0,0.01,0.06,0.0,1.0,1.0,1,64302.0
22,1,0,0,0,0.0,0.0,1.0,0.0,0.07,0.0,0.0,0,108517.0
22,9,237,11271,1,0.0,0.0,1.0,0.0,0.05,0.0,0.0,0,56313.0
46,5,0,0,0,1.0,1.0,0.05,0.08,0.0,1.0,1.0,1,60153.0
46,1,0,0,0,0.0,0.0,0.01,0.08,0.0,0.0,0.0,1,34572.0
46,5,0,0,0,1.0,1.0,0.04,0.06,0.0,1.0,1.0,1,122731.0
13,9,8,0,0,0.0,0.0,1.0,0.0,0.25,0.0,0.0,1,7595.0
29,5,0,0,0,1.0,1.0,0.13,0.06,0.0,1.0,1.0,1,80675.0
46,5,0,0,0,1.0,1.0,0.14,0.57,0.0,1.0,1.0,1,48143.0
22,9,246,1112,1,0.0,0.0,1.0,0.0,0.0,0.0,0.0,0,65713.0
22,9,221,8440,1,0.0,0.0,1.0,0.0,0.06,0.0,0.0,0,4514.0
55,1,0,0,0,0.0,0.0,0.08,0.06,0.0,0.0,0.0,1,79584.0
19,9,768,0,1,0.0,0.0,1.0,0.0,0.0,0.0,0.0,0,58988.0
14,9,1480,0,0,0.0,0.0,1.0,0.0,0.0,0.0,0.0,0,40861.0
22,9,205,649,1,0.0,0.0,1.0,0.0,0.0,0.01,0.01,0,22661.0
46,1,0,0,0,0.0,0.0,0.0,0.52,0.0,0.0,0.0,1,32632.0
22,9,235,2698,1,0.0,0.0,1.0,0.0,0.0,0.0,0.0,0,16114.0
17,5,0,0,0,0.91,0.75,0.27,0.45,0.0,1.0,1.0,1,66788.0
22,9,195,377,1,0.0,0.0,1.0,0.0,0.05,0.0,0.0,0,12814.0
11,9,41,41,0,0.0,0.0,1.0,0.0,0.0,0.0,0.0,0,3585.0
18,9,1227,2449,1,0.0,0.0,1.0,0.0,0.0,0.0,0.0,0,83626.0
11,9,44,119,0,0.0,0.0,0.98,0.03,0.0,0.0,0.0,0,11933.0
41,9,3468,0,1,0.04,0.0,0.04,0.09,0.0,0.01,0.0,0,81759.0
7,5,0,0,0,1.0,1.0,0.0,0.07,0.0,1.0,1.0,1,59426.0
46,5,0,0,0,1.0,1.0,0.04,0.06,0.0,1.0,1.0,1,78586.0
53,5,0,0,0,1.0,1.0,0.04,0.06,0.0,1.0,1.0,1,14628.0
22,9,354,1425,1,0.0,0.0,1.0,0.0,0.02,0.0,0.0,0,118334.0
24,1,0,0,0,0.0,0.0,0.15,0.08,0.0,0.0,0.0,1,86730.0
63,5,0,0,0,1.0,1.0,0.06,0.06,0.0,1.0,1.0,1,77707.0
11,9,45,133,0,0.0,0.0,1.0,0.0,0.0,0.0,0.0,0,63786.0
11,9,46,129,0,0.0,0.0,0.99,0.02,0.0,0.0,0.0,0,61098.0
41,9,147,105,0,0.0,0.0,1.0,0.0,0.0,0.0,0.0,0,49168.0
46,9,105,0,0,0.0,0.0,1.0,0.0,0.0,0.0,0.0,0,28992.0
46,4,0,0,0,0.0,0.0,1.0,0.0,0.0,0.0,0.0,1,15698.0
22,5,0,0,0,1.0,1.0,0.04,0.06,0.0,1.0,1.0,1,103878.0
46,5,0,0,0,1.0,1.0,0.02,0.06,0.0,1.0,1.0,1,89156.0
15,5,0,0,0,1.0,1.0,0.12,0.05,0.0,1.0,1.0,1,27483.0
22,9,235,654,1,0.0,0.0,1.0,0.0,0.0,0.0,0.0,0,9062.0
46,5,0,0,0,1.0,1.0,1.0,0.0,0.0,1.0,1.0,1,113314.0
46,5,0,0,0,1.0,1.0,0.05,0.06,0.0,1.0,1.0,1,15893.0
24,5,0,0,0,1.0,1.0,0.12,0.06,0.0,1.0,1.0,1,36940.0
22,9,257,1978,1,0.0,0.0,1.0,0.0,0.04,0.0,0.0,0,69350.0
14,9,520,0,0,0.0,0.0,1.0,0.0,0.0,0.0,0.0,0,19002.0
22,9,309,1471,1,0.0,0.0,1.0,0.0,0.0,0.0,0.0,0,90785.0
46,4,1,0,0,0.0,0.0,1.0,0.0,0.0,0.0,0.0,1,84901.0
13,9,8,0,0,0.0,0.0,1.0,0.0,0.5,0.0,0.0,1,64841.0
11,9,44,115,0,0.0,0.0,1.0,0.0,0.0,0.0,0.0,0,23832.0
22,9,216,5938,1,0.0,0.0,1.0,0.0,0.0,0.0,0.0,0,53026.0
46,5,0,0,0,1.0,1.0,0.1,0.07,0.0,1.0,1.0,1,123969.0
51,9,1268,329,1,0.0,0.0,1.0,0.0,0.0,0.0,0.0,0,73223.0
51,9,1896,330,1,0.0,0.0,1.0,0.0,0.01,0.0,0.0,0,116373.0
46,5,0,0,0,1.0,1.0,0.16,0.08,0.0,1.0,1.0,1,93449.0
19,9,6062,0,1,0.0,0.0,1.0,0.0,0.02,0.01,0.0,0,52406.0
15,5,0,0,0,1.0,1.0,0.02,0.06,0.0,1.0,1.0,1,43701.0
14,9,1032,0,0,0.0,0.0,1.0,0.0,0.0,0.17,0.0,0,47855.0
22,9,271,494,1,0.0,0.0,1.0,0.0,0.03,0.0,0.01,0,18100.0
51,9,1651,330,1,0.0,0.0,1.0,0.0,0.02,0.0,0.0,0,45037.0
13,9,8,0,0,0.0,0.0,1.0,0.0,0.5,0.0,0.0,1,63942.0
51,9,1194,331,1,0.0,0.0,1.0,0.0,0.0,0.0,0.0,0,60950.0
37,5,0,0,0,1.0,1.0,0.05,0.06,0.0,1.0,1.0,1,92817.0
22,9,294,478,1,0.0,0.0,1.0,0.0,0.0,0.0,0.0,0,41190.0
41,1,0,0,0,0.08,0.0,0.0,1.0,0.0,0.1,0.0,1,120637.0
51,9,1283,439,1,0.0,0.0,1.0,0.0,0.0,0.31,0.0,0,74258.0
11,9,43,126,0,0.0,0.0,1.0,0.0,0.0,0.0,0.0,0,110965.0
19,5,0,0,0,1.0,1.0,0.23,0.06,0.0,1.0,1.0,1,30614.0
14,9,1032,0,0,0.0,0.0,1.0,0.0,0.0,0.01,0.0,0,20248.0
51,9,1804,362,1,0.0,0.0,1.0,0.0,0.01,0.0,0.0,0,56530.0
0,9,76,18,1,0.0,0.0,1.0,0.0,0.0,0.0,0.0,0,20554.0
46,1,0,0,0,0.0,0.0,0.04,0.08,0.0,0.0,0.0,1,52959.0
46,5,0,0,0,1.0,1.0,0.22,0.06,0.0,1.0,1.0,1,87833.0
46,4,1,0,0,0.0,0.0,1.0,0.0,0.0,0.0,0.0,1,28506.0
11,9,44,77,0,0.0,0.0,1.0,0.0,0.0,0.0,0.0,0,54453.0
54,5,0,0,0,1.0,1.0,0.06,0.06,0.0,1.0,1.0,1,47266.0
62,5,0,0,0,1.0,1.0,0.04,0.07,0.0,1.0,1.0,1,1289.0
17,9,8,136,0,0.0,0.0,1.0,0.0,0.25,0.0,0.0,0,20654.0
46,5,0,0,0,1.0,1.0,0.13,0.05,0.0,1.0,1.0,1,103136.0
43,1,0,0,0,0.0,0.0,0.01,0.07,0.0,0.0,0.0,1,88753.0
22,9,331,2935,1,0.0,0.0,1.0,0.0,0.01,0.0,0.0,0,124740.0
39,5,0,0,0,1.0,1.0,0.1,0.06,0.0,1.0,1.0,1,62649.0
51,9,687,362,1,0.0,0.0,1.0,0.0,0.02,0.0,0.0,0,122905.0
13,9,18,0,0,0.0,0.0,1.0,0.0,0.25,0.0,0.0,1,78028.0
55,5,0,0,0,1.0,1.0,0.1,0.08,0.0,1.0,1.0,1,67386.0
22,9,54540,8314,1,0.0,0.0,1.0,0.0,0.0,0.0,0.0,0,48895.0
55,5,0,0,0,1.0,1.0,0.12,0.07,0.0,1.0,1.0,1,112403.0
22,9,265,619,1,0.0,0.0,1.0,0.0,0.0,0.0,0.0,0,55374.0
22,9,187,16414,1,0.0,0.0,1.0,0.0,0.01,0.0,0.0,0,122685.0
41,1,0,0,0,0.08,0.0,0.0,0.95,0.0,0.1,0.0,1,97561.0
41,1,0,0,0,0.08,0.0,0.0,1.0,0.0,0.06,0.0,1,41974.0
51,9,1153,329,1,0.0,0.0,1.0,0.0,0.01,0.0,0.0,0,45267.0
22,9,244,307,1,0.0,0.0,1.0,0.0,0.01,0.0,0.0,0,46866.0
46,5,0,0,0,1.0,1.0,0.06,0.05,0.0,1.0,1.0,1,116159.0
22,9,171,409,1,0.0,0.0,1.0,0.0,0.02,0.01,0.0,0,29214.0
22,9,262,3315,1,0.0,0.0,1.0,0.0,0.03,0.0,0.0,0,121367.0
46,1,0,0,0,0.0,0.0,0.17,0.08,0.0,0.0,0.0,1,11323.0
46,5,0,0,0,1.0,1.0,0.07,0.06,0.0,1.0,1.0,1,111944.0
22,9,184,1310,1,0.0,0.0,1.0,0.0,0.03,0.0,0.0,0,121968.0
22,9,245,299,1,0.0,0.0,1.0,0.0,0.0,0.0,0.0,0,22902.0
22,9,334,455,1,0.0,0.0,1.0,0.0,0.02,0.0,0.0,0,563.0
46,5,0,0,0,1.0,1.0,0.1,0.06,0.0,1.0,1.0,1,82463.0
13,9,8,0,0,0.0,0.0,1.0,0.0,0.6,0.0,0.0,1,90544.0
22,9,210,5320,1,0.0,0.0,1.0,0.0,0.0,0.0,0.0,0,31037.0
22,5,0,0,0,1.0,1.0,0.3,0.1,0.0,1.0,1.0,1,5057.0
22,9,283,173,1,0.0,0.0,1.0,0.0,0.02,0.0,0.0,0,44933.0
46,1,0,0,0,0.0,0.0,1.0,0.0,0.0,0.01,0.0,1,82946.0
22,9,300,1524,1,0.0,0.0,1.0,0.0,0.0,0.0,0.0,0,72478.0
8,5,0,0,0,1.0,1.0,0.09,0.06,0.0,1.0,1.0,1,122251.0
22,1,0,0,0,0.0,0.0,1.0,0.0,0.09,0.0,0.0,0,71311.0
22,9,215,488,1,0.0,0.0,1.0,0.0,0.03,0.0,0.0,0,52851.0
40,9,48,48,0,0.0,0.0,0.14,0.29,0.0,0.0,0.0,0,111228.0
19,5,0,0,0,1.0,1.0,0.17,0.11,0.0,1.0,1.0,1,43664.0
13,9,8,0,0,0.0,0.0,1.0,0.0,0.52,0.0,0.0,1,7607.0
22,9,295,2483,1,0.0,0.0,1.0,0.0,0.01,0.0,0.0,0,92467.0
51,9,1947,368,1,0.0,0.0,1.0,0.0,0.0,0.0,0.0,0,64096.0
22,9,232,397,1,0.0,0.0,1.0,0.0,0.0,0.0,0.0,0,64568.0
46,4,1,0,0,0.0,0.0,1.0,0.0,0.0,0.0,0.0,1,27082.0
57,2,0,0,0,0.0,0.0,0.0,0.07,0.0,0.0,0.0,1,120941.0
51,9,1140,330,1,0.0,0.0,1.0,0.0,0.0,0.0,0.0,0,19410.0
51,9,1283,386,1,0.0,0.0,1.0,0.0,0.01,0.0,0.0,0,75393.0
57,5,0,0,0,1.0,1.0,0.24,0.08,0.0,1.0,1.0,1,15009.0
46,5,0,0,0,1.0,1.0,0.05,0.05,0.0,0.98,1.0,1,89449.0
25,5,0,0,0,1.0,1.0,0.1,0.05,0.0,1.0,1.0,1,31686.0
46,9,1,0,0,0.0,0.0,0.59,0.1,0.0,0.0,0.0,1,110203.0
46,5,0,0,0,1.0,1.0,0.04,0.07,0.0,1.0,1.0,1,118753.0
13,9,18,0,0,0.0,0.0,1.0,0.0,1.0,0.0,0.0,1,56634.0
19,9,501760,0,0,0.0,0.0,1.0,0.0,0.0,0.0,0.0,0,19011.0
51,9,2005,363,1,0.0,0.0,1.0,0.0,0.0,0.0,0.04,0,36035.0
22,9,234,873,1,0.0,0.0,1.0,0.0,0.01,0.0,0.0,0,115785.0
14,9,1480,0,0,0.0,0.0,1.0,0.0,0.03,0.25,0.0,0,37793.0
61,2,0,0,0,0.0,0.0,0.13,0.07,0.0,0.0,0.0,1,80561.0
11,9,44,110,0,0.0,0.0,1.0,0.0,0.0,0.0,0.0,0,48752.0
15,5,0,0,0,1.0,1.0,0.14,0.05,0.0,1.0,1.0,1,34243.0
22,9,228,1452,1,0.0,0.0,1.0,0.0,0.03,0.0,0.0,0,15311.0
22,9,220,2079,1,0.0,0.0,1.0,0.0,0.1,0.0,0.0,0,36216.0
58,5,0,0,0,1.0,1.0,0.07,0.07,0.0,1.0,1.0,1,25784.0
22,9,360,3222,1,0.0,0.0,1.0,0.0,0.01,0.0,0.0,0,98459.0
51,9,1115,324,1,0.0,0.0,1.0,0.0,0.01,0.0,0.0,0,64358.0
46,5,0,0,0,1.0,1.0,0.05,0.06,0.0,1.0,1.0,1,121427.0
36,5,0,0,0,1.0,1.0,0.07,0.06,0.0,1.0,1.0,1,5340.0
41,2,0,0,0,0.0,0.0,0.04,0.06,0.0,0.0,0.0,1,20642.0
22,9,330,6891,1,0.0,0.0,1.0,0.0,0.02,0.0,0.0,0,6031.0
14,9,1032,0,0,0.0,0.0,1.0,0.0,0.0,0.0,0.0,0,48700.0
56,5,0,0,0,1.0,1.0,0.03,0.07,0.0,1.0,1.0,1,3557.0
22,9,285,1479,1,0.0,0.0,1.0,0.0,0.05,0.0,0.0,0,83175.0
22,9,298,1075,1,0.0,0.0,1.0,0.0,0.0,0.0,0.0,0,83115.0
22,9,225,4203,1,0.0,0.0,1.0,0.0,0.01,0.0,0.0,0,68872.0
51,9,1517,332,1,0.0,0.0,1.0,0.0,0.02,0.0,0.01,0,15378.0
5,5,0,0,0,1.0,1.0,0.03,0.07,0.0,1.0,1.0,1,46303.0
51,9,1137,335,1,0.0,0.0,1.0,0.0,0.01,0.0,0.0,0,97718.0
19,9,567,0,1,0.0,0.0,1.0,0.0,0.0,0.01,0.07,0,113181.0
64,5,0,0,0,1.0,1.0,0.01,0.06,0.0,1.0,1.0,1,10185.0
19,9,14052,0,0,0.0,0.0,1.0,0.0,0.0,0.0,0.0,0,52381.0
22,9,296,581,1,0.0,0.0,1.0,0.0,0.01,0.0,0.0,0,62487.0
11,9,45,45,0,0.0,0.0,1.0,0.0,0.0,0.0,0.0,0,11272.0
51,9,1514,328,1,0.0,0.0,1.0,0.0,0.0,0.0,0.01,0,93440.0
22,9,237,56533,1,0.0,0.0,1.0,0.0,0.03,0.0,0.0,0,42893.0
22,9,350,128,1,0.0,0.0,1.0,0.0,0.03,0.0,0.0,0,11837.0
51,9,1369,333,1,0.0,0.0,1.0,0.0,0.01,0.0,0.0,0,10591.0
22,9,286,365,1,0.0,0.0,1.0,0.0,0.0,0.0,0.0,0,5677.0
51,9,978,329,1,0.0,0.0,1.0,0.0,0.0,0.0,0.0,0,48430.0
22,9,427,338,1,0.0,0.0,1.0,0.0,0.0,0.0,0.0,0,39075.0
17,9,10,178,0,0.0,0.0,1.0,0.0,0.07,0.0,0.93,0,48560.0
11,9,42,133,0,0.0,0.0,1.0,0.01,0.0,0.0,0.0,0,24858.0
46,5,0,0,0,0.99,1.0,0.09,0.07,0.0,1.0,1.0,1,60369.0
17,5,0,0,0,1.0,1.0,0.44,0.12,0.0,1.0,1.0,1,101003.0
51,9,2511,332,1,0.0,0.0,1.0,0.0,0.02,0.0,0.0,0,19538.0
57,5,0,0,0,0.97,1.0,0.27,0.17,0.0,1.0,1.0,1,108597.0
22,9,313,255,1,0.0,0.0,1.0,0.0,0.0,0.0,0.0,0,2943.0
3,1,0,0,0,0.0,0.0,0.0,0.07,0.0,0.0,0.0,1,2176.0
46,5,0,0,0,1.0,1.0,0.04,0.07,0.0,1.0,1.0,1,68373.0
46,5,0,0,0,1.0,1.0,0.11,0.06,0.0,1.0,1.0,1,116700.0
19,9,7321,0,1,0.0,0.0,1.0,0.0,0.0,0.0,0.0,0,6095.0
14,9,1032,0,0,0.0,0.0,1.0,0.0,0.0,0.0,0.0,0,96208.0
46,5,0,0,0,1.0,1.0,0.1,0.06,0.0,1.0,1.0,1,51661.0
19,5,0,0,0,1.0,1.0,0.02,0.06,0.0,1.0,1.0,1,119736.0
6,1,0,0,0,0.0,0.0,0.01,0.07,0.0,0.0,0.0,1,111663.0
11,9,44,76,0,0.0,0.0,0.99,0.02,0.0,0.0,0.0,0,28753.0
62,1,0,0,0,0.0,0.0,0.07,0.06,0.0,0.0,0.0,1,116606.0
11,9,46,46,0,0.0,0.0,1.0,0.0,0.0,0.0,0.0,0,59350.0
5,5,0,0,0,1.0,1.0,0.03,0.06,0.0,1.0,1.0,1,98739.0
11,9,43,129,0,0.0,0.0,1.0,0.0,0.0,0.0,0.0,0,77285.0
13,9,8,0,0,0.0,0.0,1.0,0.0,0.54,0.0,0.0,1,88181.0
22,1,0,0,0,0.0,0.0,1.0,0.0,0.31,0.0,0.0,0,71388.0
22,9,330,1183,1,0.0,0.0,1.0,0.0,0.04,0.0,0.0,0,60172.0
31,5,0,0,0,1.0,1.0,0.67,0.33,0.0,1.0,1.0,1,123911.0
22,9,295,655,1,0.0,0.0,1.0,0.0,0.0,0.0,0.0,0,12005.0
19,5,0,0,0,1.0,1.0,0.23,0.13,0.0,1.0,1.0,1,61695.0
51,9,3346,374,1,0.0,0.0,1.0,0.0,0.01,0.0,0.01,0,22051.0
22,9,232,3118,1,0.0,0.0,1.0,0.0,0.0,0.0,0.0,0,110745.0
30,5,0,0,0,1.0,1.0,0.08,0.05,0.0,1.0,1.0,1,44934.0
11,9,44,135,0,0.0,0.0,0.98,0.03,0.0,0.0,0.0,0,56349.0
46,5,0,0,0,1.0,1.0,0.11,0.07,0.0,1.0,1.0,1,96439.0
22,9,160,2954,1,0.0,0.0,1.0,0.0,0.03,0.0,0.0,0,106065.0
41,9,145,0,0,0.0,0.0,0.33,0.67,0.0,0.0,0.0,0,15672.0
22,9,54540,8314,1,0.0,0.0,1.0,0.0,0.0,0.0,0.0,0,40113.0
51,9,1515,335,1,0.0,0.0,1.0,0.0,0.01,0.0,0.0,0,22998.0
41,9,146,105,0,0.0,0.0,1.0,0.0,0.0,0.0,0.0,0,87156.0
64,5,0,0,0,1.0,1.0,0.0,0.07,0.0,1.0,1.0,1,86636.0
19,5,0,0,0,0.97,1.0,0.19,0.16,0.0,1.0,1.0,1,21064.0
38,5,0,0,0,1.0,1.0,0.1,0.06,0.0,1.0,1.0,1,9682.0
11,9,46,46,0,0.0,0.0,1.0,0.0,0.0,0.0,0.0,0,86083.0
22,9,312,1628,1,0.0,0.0,1.0,0.0,0.02,0.0,0.01,0,84848.0
11,9,44,128,0,0.0,0.0,1.0,0.0,0.0,0.0,0.0,0,116195.0
46,5,0,0,0,1.0,1.0,0.06,0.05,0.0,1.0,1.0,1,58155.0
19,9,5929,0,1,0.0,0.0,1.0,0.0,0.02,0.0,0.0,0,12226.0
46,1,0,0,0,0.0,0.0,0.0,0.51,0.0,0.0,0.0,1,116348.0
57,2,1,15,0,0.0,0.0,0.33,0.67,0.0,0.0,0.0,1,63527.0
46,5,0,0,0,1.0,1.0,0.06,0.04,0.0,0.94,1.0,1,93285.0
6,5,0,0,0,1.0,1.0,0.09,0.05,0.0,1.0,1.0,1,115628.0
46,5,0,0,0,1.0,1.0,0.2,0.06,0.0,1.0,1.0,1,3382.0
11,9,42,42,0,0.0,0.0,1.0,0.0,0.0,0.0,0.0,0,61464.0
46,4,1,0,0,0.0,0.0,1.0,0.0,0.0,0.0,0.0,1,109961.0
22,9,205,12325,1,0.0,0.0,1.0,0.0,0.0,0.0,0.0,0,60042.0
22,9,313,930,1,0.0,0.0,1.0,0.0,0.04,0.0,0.0,0,14593.0
58,9,0,4,0,0.0,0.0,1.0,0.0,1.0,0.0,0.0,1,81795.0
22,1,0,0,0,0.0,0.0,1.0,0.0,0.09,0.0,0.0,0,38684.0
22,9,218,1701,1,0.0,0.0,1.0,0.0,0.02,0.0,0.0,0,81345.0
22,9,284,517,1,0.0,0.0,1.0,0.0,0.04,0.0,0.0,0,54580.0
14,9,1032,0,0,0.0,0.0,1.0,0.0,0.0,0.0,0.0,0,29190.0
22,9,316,406,1,0.0,0.0,1.0,0.0,0.0,0.0,0.0,0,88408.0
28,5,0,0,0,1.0,1.0,0.14,0.06,0.0,1.0,1.0,1,38412.0
8,5,0,0,0,1.0,1.0,0.06,0.05,0.0,1.0,1.0,1,63768.0
22,9,156,2377,1,0.0,0.0,1.0,0.0,0.05,0.0,0.0,0,67812.0
22,5,0,0,0,0.97,1.0,0.28,0.08,0.0,1.0,1.0,1,86689.0
22,9,221,6480,1,0.0,0.0,1.0,0.0,0.05,0.0,0.0,0,6902.0
41,9,1,0,0,0.0,0.0,0.31,0.46,0.0,0.0,0.0,1,115370.0
11,9,43,135,0,0.0,0.0,1.0,0.0,0.0,0.0,0.0,0,123665.0
46,5,0,0,0,0.99,1.0,0.08,0.06,0.0,1.0,1.0,1,37098.0
11,9,43,121,0,0.0,0.0,1.0,0.0,0.0,0.0,0.0,0,68107.0
22,9,218,501,1,0.0,0.0,1.0,0.0,0.02,0.0,0.01,0,98393.0
19,9,12324,0,1,0.0,0.0,1.0,0.0,0.04,0.0,0.02,0,43952.0
41,9,146,105,0,0.0,0.0,1.0,0.0,0.0,0.0,0.0,0,70549.0
24,5,0,0,0,1.0,1.0,0.1,0.06,0.0,1.0,1.0,1,49407.0
21,5,0,0,0,1.0,1.0,0.09,0.07,0.0,1.0,1.0,1,53514.0
11,9,43,82,0,0.0,0.0,1.0,0.0,0.0,0.0,0.0,0,56996.0
64,1,0,0,0,0.0,0.0,0.09,0.07,0.0,0.0,0.0,1,109041.0
19,9,567,0,1,0.0,0.0,1.0,0.0,0.02,0.0,0.0,0,94898.0
22,9,227,392,1,0.0,0.0,1.0,0.0,0.0,0.0,0.0,0,108966.0
5,5,0,0,0,1.0,1.0,0.12,0.06,0.0,1.0,1.0,1,15116.0
46,5,0,0,0,1.0,1.0,0.04,0.06,0.0,1.0,1.0,1,100650.0
22,9,192,759,1,0.0,0.0,1.0,0.0,0.02,0.0,0.0,0,122541.0
13,9,18,0,0,0.0,0.0,1.0,0.0,1.0,0.0,0.0,1,110359.0
22,9,217,468,1,0.0,0.0,1.0,0.0,0.03,0.02,0.0,0,82453.0
46,5,0,0,0,1.0,1.0,0.02,0.07,0.0,1.0,1.0,1,80948.0
6,5,0,0,0,1.0,1.0,0.06,0.07,0.0,1.0,1.0,1,108287.0
53,5,0,0,0,1.0,1.0,0.09,0.05,0.0,1.0,1.0,1,78703.0
19,9,748,0,1,0.0,0.0,1.0,0.0,0.06,0.0,0.03,0,35308.0
22,9,231,6731,1,0.0,0.0,1.0,0.0,0.02,0.0,0.0,0,49349.0
14,9,1032,0,0,0.0,0.0,1.0,0.0,0.0,0.0,0.0,0,115701.0
17,5,0,0,0,1.0,1.0,0.03,0.06,0.0,1.0,1.0,1,11488.0
22,9,54540,8314,1,0.0,0.0,1.0,0.0,0.0,0.0,0.0,0,39926.0
22,9,310,3222,1,0.0,0.0,1.0,0.0,0.0,0.0,0.0,0,51199.0
22,9,224,449,1,0.1,0.09,1.0,0.0,0.04,0.03,0.0,0,220.0
46,9,28,0,0,0.01,0.0,0.98,0.03,0.0,0.0,0.0,1,98185.0
11,9,45,131,0,0.0,0.0,1.0,0.0,0.0,0.0,0.0,0,107169.0
51,9,1053,324,1,0.0,0.0,1.0,0.0,0.01,0.0,0.0,0,49633.0
41,1,0,0,0,0.18,0.0,0.0,1.0,0.0,0.22,0.0,1,89838.0
22,9,220,2714,1,0.0,0.0,1.0,0.0,0.0,0.0,0.0,0,5561.0
11,9,31,0,0,0.0,0.0,1.0,0.0,0.04,0.0,0.0,0,75128.0
46,5,0,0,0,1.0,1.0,0.05,0.06,0.0,1.0,1.0,1,8298.0
48,5,0,0,0,1.0,1.0,0.08,0.05,0.0,1.0,1.0,1,11193.0
35,1,0,0,0,0.0,0.0,0.09,0.07,0.0,0.0,0.0,1,17324.0
46,9,28,0,0,0.0,0.0,1.0,0.0,0.0,0.02,0.0,1,24531.0
33,1,0,0,0,0.0,0.0,0.02,0.07,0.0,0.0,0.0,1,41517.0
51,9,1086,330,1,0.0,0.0,1.0,0.0,0.0,0.0,0.0,0,109452.0
46,5,0,0,0,0.99,1.0,0.02,0.08,0.0,1.0,1.0,1,61129.0
60,9,136,0,0,0.0,0.0,1.0,0.0,0.13,0.0,0.0,0,46716.0
46,1,0,0,0,0.0,0.0,0.03,0.07,0.0,0.0,0.0,1,65892.0
46,5,0,0,0,1.0,1.0,0.07,0.07,0.0,1.0,1.0,1,7948.0
19,9,175337,0,1,0.0,0.0,1.0,0.0,0.0,0.0,0.0,0,35411.0
27,5,0,0,0,1.0,1.0,0.15,0.05,0.0,1.0,1.0,1,124827.0
11,9,43,129,0,0.0,0.0,1.0,0.0,0.0,0.0,0.0,0,40073.0
22,9,348,2280,1,0.0,0.0,1.0,0.0,0.06,0.0,0.0,0,10065.0
22,9,325,278,1,0.0,0.0,1.0,0.0,0.0,0.0,0.0,0,87805.0
46,5,0,0,0,0.99,1.0,0.13,0.06,0.0,1.0,1.0,1,16947.0
14,9,1480,0,0,0.0,0.0,1.0,0.0,0.0,0.0,0.0,0,96556.0
22,9,212,334,1,0.0,0.0,1.0,0.0,0.0,0.0,0.0,0,51257.0
22,9,211,2776,1,0.0,0.0,1.0,0.0,0.05,0.0,0.0,0,44735.0
22,9,247,15233,1,0.0,0.0,1.0,0.0,0.04,0.03,0.0,0,37469.0
22,9,205,3156,1,0.0,0.0,1.0,0.0,0.01,0.0,0.0,0,54446.0
41,9,1,0,0,0.0,0.0,0.18,0.55,0.0,0.0,0.0,1,62859.0
51,9,627,329,1,0.0,0.0,1.0,0.0,0.02,0.0,0.0,0,94613.0
62,5,0,0,0,1.0,1.0,0.01,0.07,0.0,1.0,1.0,1,7125.0
63,5,0,0,0,1.0,1.0,0.18,0.07,0.0,1.0,1.0,1,13570.0
22,1,0,0,0,0.0,0.0,0.01,0.07,0.0,0.0,0.0,1,42212.0
46,1,0,0,0,0.0,0.0,0.1,0.06,0.0,0.0,0.0,1,64968.0
13,9,8,0,0,0.0,0.0,1.0,0.0,0.0,0.0,0.0,1,77815.0
57,5,0,0,0,1.0,1.0,0.24,0.12,0.0,1.0,1.0,1,84179.0
46,5,0,0,0,1.0,1.0,0.08,0.06,0.0,1.0,1.0,1,38571.0
17,5,0,0,0,1.0,1.0,0.25,0.33,0.0,1.0,1.0,1,115426.0
46,5,0,0,0,1.0,1.0,0.01,0.07,0.0,1.0,1.0,1,72511.0
19,5,0,0,0,1.0,1.0,0.24,0.05,0.0,1.0,1.0,1,38754.0
41,1,0,0,0,0.11,0.0,0.0,1.0,0.0,0.13,0.0,1,31178.0
22,9,335,5083,1,0.0,0.0,1.0,0.0,0.01,0.0,0.0,0,115045.0
46,9,28,0,0,0.0,0.0,1.0,0.0,0.0,0.0,0.0,1,97437.0
46,1,0,0,0,0.0,0.0,0.5,1.0,0.0,0.18,0.0,1,31733.0
3,5,0,0,0,1.0,1.0,0.01,0.06,0.0,1.0,1.0,1,23778.0
5,5,0,0,0,1.0,1.0,0.13,0.06,0.0,1.0,1.0,1,63677.0
56,5,0,0,0,1.0,1.0,0.06,0.05,0.0,1.0,1.0,1,85655.0
46,5,0,0,0,1.0,1.0,0.09,0.06,0.0,1.0,1.0,1,13846.0
11,9,44,72,0,0.0,0.0,1.0,0.0,0.0,0.0,0.0,0,42605.0
46,5,0,0,0,1.0,1.0,0.0,0.06,0.0,1.0,1.0,1,123007.0
46,9,28,0,0,0.0,0.0,1.0,0.0,0.0,0.0,0.0,1,61904.0
14,9,520,0,0,0.0,0.0,1.0,0.0,0.0,0.0,0.0,0,98067.0
22,9,266,1639,1,0.0,0.0,1.0,0.0,0.02,0.0,0.0,0,12212.0
29,5,0,0,0,1.0,1.0,0.07,0.05,0.0,1.0,1.0,1,99713.0
46,5,0,0,0,1.0,1.0,0.11,0.06,0.0,1.0,1.0,1,8789.0
22,9,274,3225,1,0.0,0.0,1.0,0.0,0.02,0.0,0.0,0,2036.0
22,9,235,1314,1,0.0,0.0,1.0,0.0,0.02,0.0,0.0,0,81833.0
41,9,147,0,0,0.0,0.0,0.33,0.67,0.0,0.0,0.0,0,115195.0
13,9,8,0,0,0.0,0.0,1.0,0.0,0.5,0.0,0.0,1,31811.0
22,9,318,475,1,0.0,0.0,1.0,0.0,0.04,0.0,0.0,0,87010.0
22,9,240,438,1,0.0,0.0,1.0,0.0,0.0,0.0,0.0,0,87867.0
11,9,44,44,0,0.0,0.0,1.0,0.0,0.0,0.0,0.0,0,119383.0
51,9,1511,332,1,0.0,0.0,1.0,0.0,0.01,0.01,0.0,0,72855.0
57,9,111,3118,1,0.0,0.0,1.0,0.0,0.0,0.01,0.0,0,39382.0
11,9,44,131,0,0.0,0.0,0.97,0.04,0.0,0.0,0.0,0,115075.0
19,9,201,0,1,0.0,0.0,1.0,0.0,0.0,0.0,0.0,0,123331.0
41,9,147,105,0,0.0,0.0,1.0,0.0,0.0,0.0,0.0,0,101741.0
46,5,0,0,0,1.0,1.0,0.05,0.06,0.0,1.0,1.0,1,82320.0
17,5,0,0,0,0.96,1.0,0.28,0.2,0.0,1.0,1.0,1,38242.0
35,1,0,0,0,0.0,0.0,0.04,0.06,0.0,0.0,0.0,1,82930.0
22,9,221,1259,1,0.0,0.0,1.0,0.0,0.05,0.0,0.0,0,4950.0
51,9,847,328,1,0.0,0.0,1.0,0.0,0.03,0.01,0.0,0,67796.0
22,9,147,10063,1,0.0,0.0,1.0,0.0,0.03,0.0,0.0,0,61805.0
22,9,214,261,1,0.0,0.0,1.0,0.0,0.01,0.0,0.0,0,3301.0
11,9,46,77,0,0.0,0.0,1.0,0.0,0.0,0.0,0.0,0,66059.0
32,5,0,0,0,1.0,1.0,0.07,0.07,0.0,1.0,1.0,1,107647.0
19,9,2194619,0,1,0.0,0.0,1.0,0.0,0.1,0.0,0.0,0,103108.0
46,5,0,0,0,1.0,1.0,0.27,0.05,0.0,1.0,1.0,1,34996.0
25,5,0,0,0,1.0,1.0,0.08,0.07,0.0,1.0,1.0,1,7159.0
22,9,260,398,1,0.0,0.0,1.0,0.0,0.0,0.0,0.0,0,95404.0
22,9,164,19950,1,0.0,0.0,1.0,0.0,0.01,0.0,0.0,0,22896.0
46,5,0,0,0,1.0,1.0,0.11,0.06,0.0,1.0,1.0,1,109424.0
9,5,0,0,0,1.0,1.0,0.16,0.05,0.0,1.0,1.0,1,69358.0
18,5,0,0,0,1.0,1.0,0.06,0.06,0.0,1.0,1.0,1,120462.0
22,9,230,1374,1,0.0,0.0,1.0,0.0,0.0,0.0,0.0,0,8206.0
11,9,33,0,0,0.0,0.0,1.0,0.0,0.08,0.0,0.0,0,8459.0
46,1,0,0,0,0.0,0.0,0.02,0.08,0.0,0.0,0.0,1,55062.0
46,5,0,0,0,1.0,1.0,0.07,0.07,0.0,1.0,1.0,1,122496.0
13,9,8,0,0,0.0,0.0,1.0,0.0,0.5,0.0,0.0,1,44734.0
46,1,0,0,0,0.0,0.0,0.03,0.06,0.0,0.0,0.0,1,53785.0
41,9,147,105,0,0.0,0.0,1.0,0.0,0.0,0.0,0.0,0,91568.0
46,5,0,0,0,1.0,1.0,0.07,0.06,0.0,1.0,1.0,1,12788.0
46,5,0,0,0,1.0,1.0,0.01,0.07,0.0,1.0,1.0,1,51992.0
22,9,340,3627,1,0.0,0.0,1.0,0.0,0.05,0.0,0.0,0,114557.0
51,9,823,385,1,0.0,0.0,1.0,0.0,0.0,0.56,0.0,0,72300.0
22,9,161,433,1,0.0,0.0,1.0,0.0,0.06,0.0,0.0,0,65555.0
37,5,0,0,0,1.0,1.0,0.15,0.06,0.0,1.0,1.0,1,102867.0
46,5,0,0,0,1.0,1.0,0.06,0.06,0.0,1.0,1.0,1,77816.0
22,9,338,819,1,0.0,0.0,1.0,0.0,0.01,0.0,0.0,0,123011.0
3,5,0,0,0,1.0,1.0,0.09,0.06,0.0,1.0,1.0,1,63131.0
46,1,0,0,0,0.0,0.0,1.0,0.0,0.0,0.0,0.0,1,101177.0
46,5,0,0,0,1.0,1.0,0.13,0.06,0.0,1.0,1.0,1,95873.0
22,9,260,19560,1,0.0,0.0,1.0,0.0,0.02,0.0,0.02,0,42298.0
13,9,20,0,0,0.0,0.0,1.0,0.0,0.0,0.0,0.0,0,63968.0
46,9,1,0,0,0.0,0.0,0.69,0.15,0.0,0.02,0.0,1,103235.0
22,9,54540,8314,1,0.0,0.0,1.0,0.0,0.0,0.0,0.0,0,56153.0
14,9,520,0,0,0.0,0.0,1.0,0.0,0.0,0.0,0.0,0,49532.0
19,9,641,0,1,0.0,0.0,1.0,0.0,0.02,0.0,0.0,0,65924.0
20,5,0,0,0,1.0,1.0,0.0,0.06,0.0,1.0,1.0,1,113731.0
46,5,0,0,0,1.0,1.0,0.03,0.06,0.0,1.0,1.0,1,30472.0
41,9,3888,0,0,0.09,0.0,0.09,0.55,0.0,0.01,0.0,0,119874.0
11,9,42,42,0,0.0,0.0,1.0,0.0,0.0,0.0,0.0,0,90772.0
11,9,42,42,0,0.0,0.0,1.0,0.0,0.0,0.0,0.0,0,70632.0
22,9,215,480,1,0.0,0.0,1.0,0.0,0.0,0.0,0.0,0,91837.0
22,1,0,0,0,0.0,0.0,1.0,0.0,0.04,0.0,0.0,0,114758.0
22,9,218,342,1,0.0,0.0,1.0,0.0,0.0,0.0,0.0,0,120519.0
14,9,1032,0,0,0.0,0.0,1.0,0.0,0.0,0.0,0.0,0,43295.0
46,5,0,0,0,1.0,1.0,0.05,0.07,0.0,1.0,1.0,1,18725.0
46,4,0,0,0,0.0,0.0,1.0,0.0,0.0,0.0,0.0,1,36189.0
22,9,203,6066,1,0.0,0.0,1.0,0.0,0.03,0.0,0.0,0,38683.0
19,9,2890,0,1,0.0,0.0,1.0,0.0,0.0,0.0,0.0,0,30332.0
46,9,207,0,0,0.0,0.0,1.0,0.0,0.0,0.0,0.0,0,56140.0
46,1,0,0,0,0.11,0.0,0.0,1.0,0.0,0.1,0.0,1,43534.0
14,9,1032,0,0,0.0,0.0,1.0,0.0,0.0,0.0,0.0,0,81291.0
11,9,34,0,0,0.0,0.0,1.0,0.0,0.04,0.0,0.0,0,95888.0
22,9,313,2083,1,0.0,0.0,1.0,0.0,0.02,0.0,0.0,0,92975.0
22,9,228,8539,1,0.0,0.0,1.0,0.0,0.0,0.0,0.0,0,18645.0
38,5,0,0,0,1.0,1.0,0.14,0.05,0.0,1.0,1.0,1,69151.0
13,9,8,0,0,0.0,0.0,1.0,0.0,0.51,0.0,0.0,1,60240.0
57,6,400,2169,1,1.0,1.0,1.0,0.0,0.0,0.01,0.1,0,36790.0
51,9,843,328,1,0.0,0.0,1.0,0.0,0.0,0.01,0.0,0,68272.0
46,9,1,0,0,0.0,0.0,0.89,0.07,0.0,0.0,0.0,1,68349.0
11,9,43,43,0,0.0,0.0,1.0,0.0,0.0,0.0,0.0,0,86431.0
57,6,342,8243,1,1.0,1.0,1.0,0.0,0.0,0.69,0.12,0,6111.0
64,5,0,0,0,1.0,1.0,0.05,0.05,0.0,1.0,1.0,1,66447.0
51,5,0,0,0,0.5,0.5,1.0,0.0,0.01,0.1,0.02,0,17524.0
46,5,0,0,0,1.0,1.0,0.05,0.06,0.0,1.0,1.0,1,85646.0
3,5,0,0,0,1.0,1.0,0.12,0.06,0.0,1.0,1.0,1,62753.0
41,4,1,0,0,0.0,0.0,1.0,0.0,0.0,0.0,0.0,1,63791.0
41,9,146,105,0,0.0,0.0,0.25,0.75,0.0,0.0,0.0,0,74942.0
3,5,0,0,0,1.0,1.0,0.07,0.06,0.0,1.0,1.0,1,44857.0
64,1,0,0,0,0.0,0.0,0.04,0.06,0.0,0.0,0.0,1,88968.0
11,9,43,126,0,0.0,0.0,1.0,0.0,0.0,0.0,0.0,0,53944.0
57,9,399,11167,1,0.0,0.0,1.0,0.0,0.0,0.56,0.7,0,102964.0
6,5,0,0,0,1.0,1.0,0.01,0.07,0.0,1.0,1.0,1,105464.0
13,9,8,0,0,0.0,0.0,1.0,0.0,0.29,0.0,0.0,1,16810.0
51,9,875,328,1,0.0,0.0,1.0,0.0,0.02,0.0,0.0,0,105313.0
55,5,0,0,0,1.0,1.0,0.02,0.06,0.0,1.0,1.0,1,8124.0
22,9,363,8677,1,0.0,0.0,1.0,0.0,0.06,0.0,0.01,0,36877.0
8,5,0,0,0,1.0,1.0,0.03,0.06,0.0,1.0,1.0,1,101676.0
10,5,0,0,0,1.0,1.0,0.05,0.06,0.0,1.0,1.0,1,75625.0
18,9,1502,4152,1,0.0,0.0,1.0,0.0,0.0,0.0,0.0,0,16590.0
51,9,696,333,1,0.0,0.0,1.0,0.0,0.02,0.0,0.0,0,65.0
22,9,227,1362,1,0.0,0.0,1.0,0.0,0.0,0.0,0.0,0,69089.0
22,9,335,6594,1,0.0,0.0,1.0,0.0,0.07,0.0,0.0,0,49444.0
22,9,338,664,1,0.0,0.0,1.0,0.0,0.07,0.0,0.01,0,18552.0
22,9,244,302,1,0.0,0.0,1.0,0.0,0.1,0.0,0.0,0,118418.0
46,4,1,0,0,0.0,0.0,1.0,0.0,0.0,0.0,0.0,1,27827.0
22,9,207,49083,1,0.0,0.0,1.0,0.0,0.12,0.0,0.0,0,78613.0
46,5,0,0,0,1.0,1.0,0.08,0.07,0.0,1.0,1.0,1,14150.0
32,5,0,0,0,1.0,1.0,0.07,0.17,0.0,1.0,1.0,1,68971.0
46,1,0,0,0,0.0,0.0,0.08,0.07,0.0,0.0,0.0,1,3412.0
17,5,0,0,0,1.0,1.0,0.38,0.09,0.0,1.0,1.0,1,71219.0
2,5,0,0,0,1.0,1.0,0.05,0.05,0.0,1.0,1.0,1,17482.0
11,9,45,74,0,0.0,0.0,1.0,0.01,0.0,0.0,0.0,0,72325.0
46,5,0,0,0,1.0,1.0,0.11,0.06,0.0,1.0,1.0,1,80533.0
46,5,0,0,0,1.0,1.0,0.04,0.05,0.0,1.0,1.0,1,38074.0
8,5,0,0,0,1.0,1.0,0.12,0.06,0.0,1.0,1.0,1,5242.0
18,9,1238,2449,1,0.0,0.0,1.0,0.0,0.0,0.0,0.0,0,82302.0
22,9,331,1907,1,0.0,0.0,1.0,0.0,0.04,0.0,0.0,0,24323.0
14,9,1032,0,0,0.0,0.0,1.0,0.0,0.0,0.26,0.0,0,107883.0
51,9,900,327,1,0.0,0.0,1.0,0.0,0.0,0.0,0.0,0,98715.0
46,4,1,0,0,0.0,0.0,1.0,0.0,0.0,0.0,0.0,1,1235.0
46,1,0,0,0,0.0,0.0,0.04,0.08,0.0,0.0,0.0,1,1291.0
51,9,842,335,1,0.0,0.0,1.0,0.0,0.02,0.0,0.0,0,57800.0
2,5,0,0,0,1.0,1.0,0.05,0.07,0.0,1.0,1.0,1,86185.0
51,9,1146,328,1,0.0,0.0,1.0,0.0,0.0,0.0,0.0,0,111523.0
51,9,11649,1380,1,0.0,0.0,1.0,0.0,0.01,0.0,0.0,0,28830.0
11,9,44,74,0,0.0,0.0,1.0,0.0,0.0,0.0,0.0,0,15318.0
18,9,1205,2447,1,0.0,0.0,1.0,0.0,0.0,0.0,0.0,0,121771.0
11,9,43,83,0,0.0,0.0,1.0,0.0,0.0,0.0,0.0,0,3855.0
53,5,0,0,0,1.0,1.0,0.27,0.04,0.0,1.0,1.0,1,21184.0
19,9,59,0,1,0.0,0.0,1.0,0.0,0.0,0.0,0.0,0,72358.0
46,1,0,0,0,0.03,0.0,0.0,1.0,0.0,0.04,0.0,1,106956.0
9,5,0,0,0,1.0,1.0,0.05,0.07,0.0,1.0,1.0,1,100878.0
18,9,58,189,0,0.0,0.0,1.0,0.0,0.0,0.0,0.0,0,120182.0
22,9,200,626,1,0.0,0.0,1.0,0.0,0.03,0.0,0.0,0,15613.0
14,9,520,0,0,0.0,0.0,1.0,0.0,0.0,0.0,0.0,0,52446.0
44,9,35,130,1,0.0,0.0,1.0,0.0,0.4,0.0,0.0,0,109739.0
51,9,852,439,1,0.0,0.0,1.0,0.0,0.02,0.0,0.0,0,4276.0
41,9,147,105,0,0.0,0.0,1.0,0.0,0.0,0.0,0.0,0,116535.0
14,9,1480,0,0,0.0,0.0,1.0,0.0,0.0,0.56,0.0,0,60359.0
22,9,322,4009,1,0.0,0.0,1.0,0.0,0.04,0.0,0.0,0,110539.0
46,5,0,0,0,1.0,1.0,0.04,0.1,0.0,1.0,1.0,1,52961.0
22,9,230,1141,1,0.0,0.0,1.0,0.0,0.03,0.0,0.0,0,7835.0
46,5,0,0,0,1.0,1.0,0.05,0.06,0.0,1.0,1.0,1,78444.0
22,9,202,128,1,0.0,0.0,1.0,0.0,0.04,0.0,0.0,0,24102.0
51,9,3286,332,1,0.0,0.0,1.0,0.0,0.02,0.0,0.0,0,114809.0
13,9,30,0,0,0.0,0.0,0.14,0.29,0.0,0.0,0.0,0,88188.0
18,2,0,0,0,0.0,0.0,0.04,0.07,0.0,0.0,0.0,1,68376.0
22,1,0,0,0,0.0,0.0,1.0,0.0,0.0,0.0,0.0,0,122146.0
51,9,1098,327,1,0.0,0.0,1.0,0.0,0.0,0.0,0.0,0,113102.0
22,1,0,0,0,0.0,0.0,1.0,0.0,0.17,0.0,0.0,0,71422.0
22,9,208,373,1,0.0,0.0,1.0,0.0,0.01,0.0,0.0,0,51502.0
22,9,306,1319,1,0.0,0.0,1.0,0.0,0.02,0.0,0.0,0,1204.0
22,9,304,1412,1,0.0,0.0,1.0,0.0,0.04,0.0,0.0,0,22420.0
46,5,0,0,0,1.0,1.0,0.08,0.06,0.0,1.0,1.0,1,9228.0
22,9,203,12954,1,0.0,0.0,1.0,0.0,0.03,0.0,0.0,0,112334.0
11,9,45,45,0,0.0,0.0,1.0,0.0,0.0,0.0,0.0,0,87284.0
3,5,0,0,0,1.0,1.0,0.0,0.07,0.0,1.0,1.0,1,115609.0
46,9,28,0,0,0.01,0.0,0.99,0.02,0.0,0.0,0.0,1,46002.0
46,10,0,0,0,1.0,1.0,1.0,0.0,0.0,0.56,1.0,1,76366.0
41,1,0,0,0,0.22,0.0,0.0,1.0,0.0,0.21,0.0,1,90817.0
27,5,0,0,0,1.0,1.0,1.0,0.0,0.0,1.0,1.0,1,43317.0
22,9,237,6042,1,0.0,0.0,1.0,0.0,0.03,0.0,0.0,0,116761.0
11,9,33,95,0,0.0,0.0,1.0,0.0,0.0,0.0,0.0,0,38898.0
22,9,54540,8314,1,0.0,0.0,1.0,0.0,0.0,0.03,0.03,0,44856.0
51,9,803,328,1,0.0,0.0,1.0,0.0,0.02,0.0,0.0,0,41412.0
46,5,0,0,0,1.0,1.0,0.13,0.05,0.0,1.0,1.0,1,74869.0
46,5,0,0,0,1.0,1.0,0.01,0.08,0.0,1.0,1.0,1,9469.0
62,5,0,0,0,1.0,1.0,0.02,0.06,0.0,1.0,1.0,1,17730.0
41,9,516,4,0,0.0,0.0,1.0,0.0,0.0,0.0,0.0,0,19474.0
15,4,0,0,0,0.0,0.0,1.0,0.0,0.0,0.0,0.0,1,21147.0
33,5,0,0,0,1.0,1.0,0.01,0.06,0.0,1.0,1.0,1,6592.0
51,9,1146,337,1,0.0,0.0,1.0,0.0,0.02,0.0,0.0,0,102529.0
22,9,228,3749,1,0.0,0.0,1.0,0.0,0.04,0.0,0.0,0,6760.0
3,1,0,0,0,0.0,0.0,0.01,0.06,0.0,0.0,0.0,1,17717.0
22,9,283,1995,1,0.0,0.0,1.0,0.0,0.02,0.0,0.0,0,54569.0
22,9,296,495,1,0.0,0.0,1.0,0.0,0.0,0.0,0.0,0,1881.0
8,2,0,0,0,0.0,0.0,0.04,0.06,0.0,0.0,0.0,1,29223.0
22,1,0,0,0,0.0,0.0,1.0,0.0,0.23,0.0,0.0,0,70964.0
22,9,276,359,1,0.0,0.0,1.0,0.0,0.14,0.0,0.0,0,19997.0
22,9,284,3724,1,0.0,0.0,1.0,0.0,0.0,0.0,0.0,0,125444.0
12,5,0,0,0,1.0,1.0,0.0,0.06,0.0,1.0,1.0,1,115906.0
22,9,209,383,1,0.0,0.0,1.0,0.0,0.0,0.0,0.0,0,97735.0
46,9,105,147,0,0.0,0.0,1.0,0.0,0.0,0.0,0.0,0,14093.0
41,9,147,105,0,0.0,0.0,0.14,0.57,0.0,0.0,0.0,0,20370.0
46,1,0,0,0,0.08,0.0,0.0,1.0,0.0,0.08,0.0,1,101748.0
10,5,0,0,0,1.0,1.0,0.02,0.06,0.0,1.0,1.0,1,59430.0
46,5,0,0,0,1.0,1.0,0.09,0.05,0.0,1.0,1.0,1,103792.0
22,9,211,1223,1,0.0,0.0,1.0,0.0,0.04,0.0,0.0,0,60491.0
39,9,6,0,1,0.02,0.0,0.0,1.0,0.0,0.02,0.0,1,19110.0
51,9,895,339,1,0.0,0.0,1.0,0.0,0.03,0.0,0.0,0,57360.0
22,9,279,477,1,0.0,0.0,1.0,0.0,0.03,0.0,0.0,0,9088.0
8,5,0,0,0,1.0,1.0,0.02,0.04,0.0,1.0,1.0,1,103059.0
22,9,236,2911,1,0.0,0.0,1.0,0.0,0.05,0.0,0.0,0,2740.0
51,9,814,328,1,0.0,0.0,1.0,0.0,0.01,0.0,0.0,0,76998.0
11,9,45,45,0,0.0,0.0,0.99,0.02,0.0,0.0,0.0,0,109746.0
21,5,0,0,0,1.0,1.0,0.04,0.06,0.0,1.0,1.0,1,69029.0
41,9,147,105,0,0.0,0.0,0.33,0.5,0.0,0.0,0.0,0,67898.0
22,9,326,434,1,0.0,0.0,1.0,0.0,0.0,0.0,0.0,0,62354.0
40,9,48,48,0,0.0,0.0,1.0,0.0,0.0,0.0,0.0,0,11023.0
51,9,250697,329,1,0.0,0.0,1.0,0.0,0.01,0.0,0.0,0,77897.0
46,5,0,0,0,1.0,1.0,0.06,0.06,0.0,1.0,1.0,1,122000.0
46,9,1,0,0,0.0,0.0,0.68,0.05,0.0,0.0,0.0,1,125480.0
22,9,357,269,1,0.0,0.0,1.0,0.0,0.0,0.0,0.0,0,18430.0
46,5,0,0,0,1.0,1.0,0.16,0.06,0.0,1.0,1.0,1,36037.0
11,9,40,73,0,0.0,0.0,1.0,0.0,0.0,0.0,0.0,0,53214.0
22,9,214,961,1,0.0,0.0,1.0,0.0,0.06,0.0,0.0,0,72039.0
11,9,44,75,0,0.0,0.0,1.0,0.0,0.0,0.0,0.0,0,49129.0
36,5,0,0,0,1.0,1.0,0.02,0.05,0.0,1.0,1.0,1,8810.0
11,9,44,82,0,0.0,0.0,1.0,0.0,0.0,0.0,0.0,0,61209.0
22,9,356,1125,1,0.0,0.0,1.0,0.0,0.03,0.0,0.0,0,512.0
46,5,0,0,0,1.0,1.0,0.01,0.07,0.0,1.0,1.0,1,74013.0
51,9,11832,1552,1,0.0,0.0,1.0,0.0,0.0,0.47,0.0,0,50417.0
46,5,0,0,0,1.0,1.0,0.09,0.06,0.0,1.0,1.0,1,27114.0
15,1,0,0,0,0.0,0.0,0.12,0.06,0.0,0.0,0.0,1,110415.0
51,9,780,327,1,0.0,0.0,1.0,0.0,0.0,0.0,0.0,0,85458.0
11,9,45,138,0,0.0,0.0,1.0,0.0,0.0,0.0,0.0,0,98983.0
22,9,301,3840,1,0.0,0.0,1.0,0.0,0.04,0.0,0.01,0,87628.0
51,9,978,331,1,0.0,0.0,1.0,0.0,0.01,0.0,0.0,0,13129.0
17,9,8,138,0,0.0,0.0,1.0,0.0,0.0,0.0,0.0,0,116117.0
46,9,1,0,0,0.0,0.0,0.26,0.11,0.0,0.03,0.0,1,68371.0
11,9,46,81,0,0.0,0.0,1.0,0.01,0.0,0.0,0.0,0,41195.0
22,9,346,353,1,0.0,0.0,1.0,0.0,0.04,0.0,0.0,0,97966.0
14,9,1032,0,0,0.0,0.0,1.0,0.0,0.0,0.01,0.0,0,84980.0
46,5,0,0,0,1.0,1.0,0.13,0.06,0.0,1.0,1.0,1,79922.0
22,9,318,8075,1,0.0,0.0,1.0,0.0,0.0,0.0,0.0,0,24426.0
22,9,245,3390,1,0.0,0.0,1.0,0.0,0.07,0.0,0.0,0,85337.0
18,9,1226,3380,1,0.0,0.0,1.0,0.0,0.0,0.0,0.0,0,100808.0
46,5,0,0,0,1.0,1.0,0.01,0.07,0.0,1.0,1.0,1,21216.0
22,9,301,1779,1,0.0,0.0,1.0,0.0,0.0,0.0,0.0,0,24144.0
41,1,0,0,0,0.11,0.0,0.0,1.0,0.0,0.0,0.0,1,41743.0
3,5,0,0,0,1.0,1.0,0.04,0.06,0.0,1.0,1.0,1,85603.0
46,1,0,0,0,0.0,0.0,1.0,0.0,1.0,0.0,0.0,1,107721.0
22,9,287,594,1,0.0,0.0,1.0,0.0,0.02,0.0,0.0,0,78803.0
51,9,1256,333,1,0.0,0.0,1.0,0.0,0.01,0.01,0.01,0,67619.0
13,9,8,0,0,0.0,0.0,1.0,0.0,0.5,0.0,0.0,1,99919.0
27,5,0,0,0,1.0,1.0,0.16,0.07,0.0,1.0,1.0,1,68117.0
46,1,0,0,0,0.0,0.0,0.02,0.07,0.0,0.0,0.0,1,73640.0
18,2,0,133,0,0.0,0.0,1.0,0.0,0.0,0.0,0.0,0,12162.0
46,5,0,0,0,1.0,1.0,0.19,0.14,0.0,1.0,1.0,1,87751.0
13,9,18,0,0,0.0,0.0,1.0,0.0,1.0,0.0,0.0,1,2620.0
51,9,749,338,1,0.0,0.0,1.0,0.0,0.02,0.0,0.0,0,11525.0
22,9,316,608,1,0.0,0.0,1.0,0.0,0.0,0.0,0.0,0,100981.0
46,5,0,0,0,1.0,1.0,0.04,0.06,0.0,1.0,1.0,1,99413.0
22,9,305,2239,1,0.0,0.0,1.0,0.0,0.0,0.0,0.0,0,86936.0
13,9,8,0,0,0.0,0.0,1.0,0.0,0.5,0.0,0.0,1,109350.0
21,1,0,0,0,0.0,0.0,0.12,0.07,0.0,0.0,0.0,1,87440.0
22,9,226,703,1,0.0,0.0,1.0,0.0,0.0,0.0,0.0,0,54946.0
46,5,0,0,0,1.0,1.0,0.25,0.04,0.0,1.0,1.0,1,37971.0
22,9,250,2577,1,0.0,0.0,1.0,0.0,0.0,0.0,0.0,0,4227.0
22,9,199,522,1,0.0,0.0,1.0,0.0,0.06,0.0,0.0,0,111782.0
22,9,245,13611,1,0.0,0.0,1.0,0.0,0.0,0.01,0.01,0,104107.0
14,9,520,0,0,0.0,0.0,1.0,0.0,0.0,0.0,0.0,0,78727.0
0,4,2493,9386,1,0.0,0.0,1.0,0.0,0.0,0.0,0.0,0,92731.0
22,9,296,1920,1,0.0,0.0,1.0,0.0,0.03,0.0,0.0,0,11548.0
14,9,520,0,0,0.0,0.0,1.0,0.0,0.0,0.0,0.0,0,125360.0
19,9,748,0,1,0.0,0.0,1.0,0.0,0.05,0.0,0.0,0,120319.0
22,9,309,1395,1,0.0,0.0,1.0,0.0,0.0,0.0,0.0,0,98413.0
38,1,0,0,0,0.0,0.0,0.08,0.08,0.0,0.0,0.0,1,71990.0
22,9,54540,8314,1,0.0,0.0,1.0,0.0,0.0,0.0,0.0,0,124472.0
16,5,0,0,0,1.0,1.0,0.06,0.06,0.0,1.0,1.0,1,82531.0
22,9,297,2239,1,0.0,0.0,1.0,0.0,0.0,0.0,0.0,0,30733.0
19,9,1214,0,1,0.0,0.0,1.0,0.0,0.02,0.0,0.0,0,7649.0
46,5,0,0,0,1.0,1.0,0.01,0.07,0.0,1.0,1.0,1,88166.0
46,5,0,0,0,1.0,1.0,0.03,0.07,0.0,1.0,1.0,1,113699.0
19,9,65,0,0,0.0,0.0,1.0,0.0,0.25,0.95,0.0,0,25993.0
22,9,245,13648,1,0.0,0.0,1.0,0.0,0.0,0.0,0.0,0,112947.0
61,5,0,0,0,1.0,1.0,0.05,0.06,0.0,1.0,1.0,1,15667.0
13,9,18,0,0,0.0,0.0,1.0,0.0,1.0,0.0,0.0,1,81925.0
19,9,10272,0,0,0.0,0.0,1.0,0.0,0.0,0.46,0.0,0,99679.0
46,5,0,0,0,1.0,1.0,0.15,0.05,0.0,1.0,1.0,1,90342.0
19,6,2187080,0,1,0.5,0.5,1.0,0.0,0.0,0.01,0.02,0,18750.0
22,9,221,1212,1,0.0,0.0,1.0,0.0,0.02,0.0,0.0,0,52944.0
13,9,8,0,0,0.0,0.0,1.0,0.0,0.26,0.0,0.0,1,42042.0
46,5,0,0,0,1.0,1.0,0.14,0.05,0.0,1.0,1.0,1,28454.0
19,9,637,0,0,0.0,0.0,1.0,0.0,0.06,0.0,0.0,0,42941.0
22,9,250,413,1,0.0,0.0,1.0,0.0,0.0,0.0,0.0,0,99538.0
11,9,44,142,0,0.0,0.0,1.0,0.0,0.0,0.0,0.0,0,105864.0
11,9,43,69,0,0.0,0.0,1.0,0.0,0.0,0.0,0.0,0,117757.0
18,9,905,2586,1,0.0,0.0,1.0,0.0,0.0,0.0,0.0,0,121746.0
13,9,8,0,0,0.0,0.0,1.0,0.0,0.25,0.0,0.0,1,19131.0
22,9,305,364,1,0.0,0.0,1.0,0.0,0.03,0.0,0.0,0,83076.0
22,9,322,1721,1,0.0,0.0,1.0,0.0,0.0,0.01,0.01,0,90824.0
52,5,0,0,0,1.0,1.0,0.08,0.06,0.0,1.0,1.0,1,84169.0
46,5,0,0,0,1.0,1.0,0.21,0.1,0.0,1.0,1.0,1,39532.0
46,4,1,0,0,0.0,0.0,1.0,0.0,0.0,0.0,0.0,1,107242.0
18,9,1216,3380,1,0.0,0.0,1.0,0.0,0.0,0.0,0.0,0,51314.0
11,9,44,110,0,0.0,0.0,1.0,0.0,0.0,0.0,0.0,0,120992.0
61,2,0,0,0,0.0,0.0,0.13,0.06,0.0,0.0,0.0,1,46117.0
46,1,0,0,0,0.0,0.0,0.34,0.05,0.0,0.0,0.0,1,74782.0
46,9,1,0,0,0.0,0.0,0.64,0.18,0.0,0.03,0.0,1,24956.0
22,9,204,2714,1,0.0,0.0,1.0,0.0,0.03,0.0,0.0,0,21802.0
22,9,54540,8314,1,0.0,0.0,1.0,0.0,0.0,0.0,0.0,0,113620.0
19,9,12,0,0,0.0,0.0,1.0,0.0,0.02,0.0,0.0,0,80885.0
22,9,226,1091,1,0.0,0.0,1.0,0.0,0.0,0.0,0.0,0,98313.0
46,1,0,0,0,0.0,0.0,0.04,0.07,0.0,0.0,0.0,1,21534.0
46,9,1,0,0,0.0,0.0,0.11,0.17,0.0,0.16,0.0,1,91067.0
25,5,0,0,0,1.0,1.0,0.06,0.05,0.0,1.0,1.0,1,38378.0
11,9,44,76,0,0.0,0.0,1.0,0.0,0.0,0.0,0.0,0,12928.0
22,9,326,284,1,0.0,0.0,1.0,0.0,0.0,0.0,0.0,0,46154.0
3,1,0,0,0,0.0,0.0,0.05,0.07,0.0,0.0,0.0,1,125645.0
22,9,270,471,1,0.0,0.0,1.0,0.0,0.02,0.0,0.0,0,49623.0
5,5,0,0,0,1.0,1.0,0.13,0.05,0.0,1.0,1.0,1,5815.0
46,5,0,0,0,1.0,1.0,0.04,0.06,0.0,1.0,1.0,1,109417.0
19,9,12324,0,1,0.0,0.0,1.0,0.0,0.04,0.03,0.0,0,10696.0
14,9,1032,0,0,0.0,0.0,1.0,0.0,0.0,0.0,0.0,0,121249.0
46,5,0,0,0,1.0,1.0,0.2,0.06,0.0,1.0,1.0,1,9815.0
19,9,884,0,0,0.0,0.0,1.0,0.0,0.03,0.0,0.0,0,67837.0
17,5,0,0,0,1.0,1.0,0.26,0.06,0.0,1.0,1.0,1,8296.0
11,9,45,146,0,0.0,0.0,1.0,0.0,0.0,0.0,0.0,0,84379.0
51,9,1322,516,1,0.0,0.0,1.0,0.0,0.01,0.0,0.0,0,99531.0
22,9,308,6084,1,0.0,0.0,1.0,0.0,0.0,0.0,0.0,0,65921.0
34,1,0,0,0,0.0,0.0,0.04,0.07,0.0,0.0,0.0,1,40822.0
46,5,0,0,0,1.0,1.0,0.14,0.06,0.0,1.0,1.0,1,35487.0
41,9,147,105,0,0.0,0.0,1.0,0.0,0.0,0.0,0.0,0,4443.0
41,9,6601,0,1,0.06,0.0,0.06,0.28,0.0,0.02,0.0,0,52501.0
22,9,230,465,1,0.0,0.0,1.0,0.0,0.0,0.0,0.0,0,6364.0
62,5,0,0,0,1.0,1.0,0.05,0.07,0.0,1.0,1.0,1,105405.0
46,5,0,0,0,1.0,1.0,0.03,0.05,0.0,1.0,1.0,1,106771.0
22,4,16952,8314,1,0.0,0.0,1.0,0.0,0.0,0.0,0.0,0,81968.0
31,5,0,0,0,1.0,1.0,0.13,0.06,0.0,1.0,1.0,1,124252.0
22,9,272,13154,1,0.0,0.0,1.0,0.0,0.0,0.0,0.0,0,124950.0
22,9,311,1472,1,0.0,0.0,1.0,0.0,0.0,0.0,0.0,0,35899.0
22,9,293,1370,1,0.0,0.0,1.0,0.0,0.02,0.0,0.0,0,118155.0
12,5,0,0,0,1.0,1.0,0.0,0.05,0.0,1.0,1.0,1,31854.0
27,5,0,0,0,1.0,1.0,0.01,0.08,0.0,1.0,1.0,1,47816.0
54,5,0,0,0,1.0,1.0,0.04,0.06,0.0,1.0,1.0,1,54286.0
22,9,201,492,1,0.0,0.0,1.0,0.0,0.0,0.0,0.0,0,62631.0
41,9,516,4,0,0.0,0.0,1.0,0.0,0.0,0.0,0.0,0,75941.0
36,1,0,0,0,0.0,0.0,0.06,0.07,0.0,0.0,0.0,1,2786.0
57,9,6664,15661,1,0.0,0.0,1.0,0.0,0.0,0.3,0.0,0,73134.0
46,5,0,0,0,1.0,1.0,0.11,0.05,0.0,0.84,1.0,1,54579.0
17,5,0,0,0,1.0,1.0,0.5,0.4,0.0,1.0,1.0,1,49978.0
55,5,0,0,0,1.0,1.0,0.06,0.06,0.0,1.0,1.0,1,5744.0
46,1,0,0,0,0.0,0.0,0.15,0.08,0.0,0.0,0.0,1,108431.0
19,9,192,0,1,0.0,0.0,1.0,0.0,0.03,0.0,0.01,0,84172.0
46,5,0,0,0,1.0,1.0,0.02,0.05,0.0,1.0,1.0,1,29227.0
17,2,0,0,0,0.0,0.0,0.01,0.07,0.0,0.0,0.0,1,9941.0
51,9,941,327,1,0.0,0.0,0.5,1.0,0.0,0.0,0.0,0,107036.0
54,2,0,0,0,0.0,0.0,0.04,0.07,0.0,0.0,0.0,1,16108.0
22,9,169,38951,1,0.0,0.0,1.0,0.0,0.0,0.0,0.0,0,59599.0
46,5,0,0,0,1.0,1.0,0.15,0.05,0.0,1.0,1.0,1,114186.0
22,9,304,2459,1,0.33,0.22,1.0,0.0,0.01,0.07,0.01,0,92426.0
19,9,3690,0,0,0.0,0.0,1.0,0.0,0.04,0.0,0.0,0,93507.0
62,1,0,0,0,0.0,0.0,0.0,0.07,0.0,0.0,0.0,1,123322.0
19,9,5133876,0,1,0.0,0.0,1.0,0.0,0.12,0.25,0.02,0,5261.0
22,9,221,916,1,0.0,0.0,1.0,0.0,0.02,0.0,0.0,0,41498.0
32,5,0,0,0,1.0,1.0,0.06,0.05,0.0,1.0,1.0,1,109797.0
20,1,0,0,0,0.0,0.0,0.06,0.07,0.0,0.0,0.0,1,4228.0
46,1,0,0,0,0.03,0.0,0.0,1.0,0.0,0.04,0.0,1,77482.0
19,9,12286,0,1,0.0,0.0,1.0,0.0,0.04,0.0,0.0,0,4256.0
17,9,11,141,0,0.0,0.0,1.0,0.0,0.0,0.0,0.0,0,48141.0
11,9,43,69,0,0.0,0.0,1.0,0.0,0.0,0.0,0.0,0,113512.0
7,5,0,0,0,1.0,1.0,0.13,0.06,0.0,1.0,1.0,1,26113.0
22,9,314,6946,1,0.0,0.0,1.0,0.0,0.06,0.0,0.0,0,2822.0
51,9,746,332,1,0.0,0.0,1.0,0.0,0.0,0.0,0.01,0,64949.0
57,5,0,0,0,1.0,1.0,0.2,0.05,0.0,1.0,1.0,1,114611.0
17,5,0,0,0,1.0,1.0,0.29,0.07,0.0,1.0,1.0,1,93352.0
46,5,0,0,0,1.0,1.0,0.07,0.06,0.0,1.0,1.0,1,63047.0
51,9,1085,334,1,0.0,0.0,1.0,0.0,0.01,0.0,0.01,0,113113.0
46,5,0,0,0,1.0,1.0,0.11,0.06,0.0,1.0,1.0,1,69483.0
19,9,12,0,1,0.0,0.0,1.0,0.0,0.09,0.0,0.0,0,39422.0
11,9,34,0,0,0.0,0.0,1.0,0.0,0.0,0.0,0.0,0,39320.0
22,9,235,1701,1,0.0,0.0,1.0,0.0,0.0,0.0,0.0,0,89593.0
11,9,42,42,0,0.0,0.0,1.0,0.0,0.0,0.0,0.0,0,18315.0
17,2,0,0,0,0.0,0.0,0.05,0.06,0.0,0.0,0.0,1,15482.0
41,9,146,105,0,0.0,0.0,0.5,0.5,0.0,0.0,0.0,0,81817.0
46,9,105,147,0,0.0,0.0,1.0,0.0,0.0,0.0,0.0,0,68546.0
11,9,42,42,0,0.0,0.0,1.0,0.0,0.0,0.0,0.0,0,59255.0
22,9,288,751,1,0.0,0.0,1.0,0.0,0.01,0.0,0.0,0,43519.0
41,9,147,105,0,0.0,0.0,1.0,0.0,0.0,0.0,0.0,0,44977.0
22,9,216,6717,1,0.0,0.0,1.0,0.0,0.0,0.0,0.0,0,33609.0
58,5,0,0,0,1.0,1.0,0.02,0.06,0.0,1.0,1.0,1,50600.0
22,9,312,3325,1,0.0,0.0,1.0,0.0,0.07,0.0,0.0,0,118707.0
18,9,331,1063,1,0.0,0.0,1.0,0.0,0.0,0.0,0.0,0,78377.0
46,1,0,0,0,0.0,0.0,0.47,0.12,0.0,0.0,0.0,1,58151.0
46,5,0,0,0,1.0,1.0,0.11,0.16,0.0,1.0,1.0,1,105225.0
46,9,105,147,0,0.0,0.0,1.0,0.0,0.0,0.0,0.0,0,58561.0
22,9,218,594,1,0.0,0.04,1.0,0.0,0.07,0.0,0.0,0,55511.0
46,5,0,0,0,1.0,1.0,0.09,0.06,0.0,1.0,1.0,1,116009.0
22,9,317,593,1,0.0,0.0,1.0,0.0,0.01,0.0,0.01,0,104682.0
22,9,0,763,0,0.14,0.14,1.0,0.0,0.01,0.14,0.0,0,76833.0
19,5,0,0,0,1.0,1.0,0.5,0.5,0.0,1.0,1.0,1,125293.0
11,9,41,107,0,0.0,0.0,1.0,0.0,0.0,0.0,0.0,0,84991.0
22,9,250,608,1,0.0,0.0,1.0,0.0,0.0,0.0,0.0,0,6921.0
46,4,0,0,0,0.0,0.0,1.0,0.0,0.0,0.0,0.0,1,119402.0
22,9,228,313,1,0.0,0.0,1.0,0.0,0.17,0.0,0.0,0,82765.0
56,1,0,0,0,0.0,0.0,0.05,0.06,0.0,0.0,0.0,1,121016.0
22,9,353,7659,1,0.0,0.0,1.0,0.0,0.0,0.0,0.0,0,79516.0
22,9,330,1032,1,0.0,0.0,1.0,0.0,0.02,0.0,0.0,0,43391.0
22,9,198,299,1,0.0,0.0,1.0,0.0,0.02,0.0,0.0,0,92182.0
63,1,0,0,0,0.0,0.0,0.05,0.07,0.0,0.0,0.0,1,60212.0
22,9,313,447,1,0.0,0.0,1.0,0.0,0.0,0.0,0.0,0,31207.0
38,5,0,0,0,1.0,1.0,0.35,0.2,0.0,1.0,1.0,1,69219.0
33,1,0,0,0,0.0,0.0,0.07,0.07,0.0,0.0,0.0,1,19589.0
14,9,1480,0,0,0.0,0.0,1.0,0.0,0.03,0.33,0.0,0,84552.0
46,5,0,0,0,1.0,1.0,0.16,0.06,0.0,1.0,1.0,1,91000.0
11,9,43,69,0,0.0,0.0,1.0,0.01,0.0,0.0,0.0,0,64057.0
55,5,0,0,0,1.0,1.0,0.1,0.04,0.0,1.0,1.0,1,119844.0
22,9,212,882,1,0.0,0.0,1.0,0.0,0.0,0.0,0.0,0,66164.0
13,9,8,0,0,0.0,0.0,1.0,0.0,0.5,0.0,0.0,1,40728.0
19,9,14052,0,1,0.0,0.0,1.0,0.0,0.0,0.0,0.0,0,7587.0
6,5,0,0,0,1.0,1.0,0.1,0.05,0.0,1.0,1.0,1,57695.0
38,5,0,0,0,1.0,1.0,0.09,0.06,0.0,1.0,1.0,1,98449.0
46,5,0,0,0,1.0,1.0,0.17,0.06,0.0,1.0,1.0,1,94983.0
63,5,0,0,0,1.0,1.0,0.05,0.05,0.0,1.0,1.0,1,53144.0
22,9,174,1733,1,0.0,0.0,1.0,0.0,0.0,0.0,0.0,0,30957.0
46,9,28,0,0,0.0,0.0,1.0,0.0,0.0,0.0,0.0,1,17685.0
22,1,0,0,0,0.0,0.0,1.0,0.0,0.14,0.0,0.0,0,104154.0
46,4,1,0,0,0.0,0.0,1.0,0.0,0.0,0.0,0.0,1,28179.0
22,9,310,2698,1,0.0,0.0,1.0,0.0,0.0,0.0,0.0,0,124183.0
4,5,0,0,0,1.0,1.0,0.04,0.07,0.0,1.0,1.0,1,41622.0
22,5,0,0,0,1.0,1.0,0.0,0.07,0.0,1.0,1.0,1,47737.0
63,5,0,0,0,1.0,1.0,0.27,0.18,0.0,1.0,1.0,1,100790.0
22,9,225,175,1,0.0,0.0,1.0,0.0,0.02,0.0,0.0,0,63456.0
46,5,0,0,0,1.0,1.0,0.05,0.07,0.0,1.0,1.0,1,96307.0
11,9,46,46,0,0.0,0.0,0.2,0.4,0.0,0.0,0.0,0,110443.0
22,9,300,12884,1,0.0,0.0,1.0,0.0,0.0,0.0,0.0,0,44858.0
22,9,288,15621,1,0.0,0.0,1.0,0.0,0.03,0.0,0.0,0,21658.0
22,9,229,2239,1,0.0,0.0,1.0,0.0,0.0,0.0,0.0,0,124254.0
19,9,491,0,0,0.0,0.0,1.0,0.0,0.0,0.0,0.01,0,14133.0
22,1,0,0,0,0.0,0.0,1.0,0.0,0.12,0.0,0.0,0,112601.0
13,9,18,0,0,0.0,0.0,1.0,0.0,0.26,0.0,0.0,1,32473.0
7,5,0,0,0,1.0,1.0,0.03,0.06,0.0,1.0,1.0,1,42254.0
5,5,0,0,0,1.0,1.0,0.02,0.06,0.0,1.0,1.0,1,77126.0
56,5,0,0,0,1.0,1.0,0.02,0.07,0.0,1.0,1.0,1,37524.0
60,9,183,0,0,0.0,0.0,1.0,0.0,0.0,0.0,0.0,0,13947.0
22,9,289,2377,1,0.0,0.0,1.0,0.0,0.06,0.0,0.0,0,68294.0
22,9,199,1330,1,0.0,0.0,1.0,0.0,0.0,0.0,0.0,0,85674.0
22,9,329,15850,1,0.0,0.0,1.0,0.0,0.04,0.0,0.0,0,118078.0
13,9,8,0,0,0.0,0.0,1.0,0.0,0.33,0.0,0.0,1,5459.0
0,4,3658,8518,0,0.0,0.0,1.0,0.0,0.0,0.0,0.0,0,67925.0
22,9,202,7535,1,0.0,0.0,1.0,0.0,0.01,0.0,0.0,0,121669.0
11,9,41,73,0,0.0,0.0,1.0,0.0,0.0,0.0,0.0,0,14240.0
46,5,0,0,0,1.0,1.0,0.14,0.06,0.0,1.0,1.0,1,69352.0
22,9,165,24859,1,0.0,0.0,1.0,0.0,0.07,0.02,0.01,0,89355.0
22,9,195,24572,1,0.0,0.0,1.0,0.0,0.02,0.0,0.0,0,49674.0
46,5,0,0,0,1.0,1.0,0.07,0.06,0.0,1.0,1.0,1,79465.0
13,9,8,0,0,0.0,0.0,1.0,0.0,0.25,0.0,0.0,1,18819.0
14,9,1032,0,0,0.0,0.0,1.0,0.0,0.0,0.0,0.0,0,73434.0
46,1,0,0,0,0.0,0.0,0.04,0.06,0.0,0.0,0.0,1,34515.0
19,9,175337,0,0,0.0,0.0,1.0,0.0,0.0,0.01,0.07,0,119309.0
51,9,1031,335,1,0.0,0.0,1.0,0.0,0.02,0.0,0.0,0,65143.0
22,9,318,382,1,0.0,0.0,1.0,0.0,0.04,0.0,0.0,0,70281.0
11,9,43,107,0,0.0,0.0,1.0,0.0,0.0,0.0,0.0,0,56372.0
11,9,46,79,0,0.0,0.0,1.0,0.0,0.0,0.0,0.0,0,86387.0
46,5,0,0,0,1.0,1.0,0.06,0.05,0.0,1.0,1.0,1,15814.0
22,9,307,3531,1,0.0,0.0,1.0,0.0,0.02,0.0,0.0,0,69784.0
26,5,0,0,0,1.0,1.0,0.01,0.07,0.0,1.0,1.0,1,84475.0
8,5,0,0,0,1.0,1.0,0.02,0.08,0.0,1.0,1.0,1,50715.0
46,1,0,0,0,0.0,0.0,0.05,0.07,0.0,0.0,0.0,1,45130.0
22,9,283,1471,1,0.0,0.0,1.0,0.0,0.06,0.0,0.0,0,66515.0
51,9,3421,330,1,0.0,0.0,1.0,0.0,0.01,0.0,0.0,0,38716.0
22,9,260,50154,1,0.0,0.0,1.0,0.0,0.01,0.0,0.0,0,72266.0
22,9,276,707,1,0.0,0.0,1.0,0.0,0.03,0.0,0.0,0,55697.0
22,9,291,1748,1,0.0,0.0,1.0,0.0,0.0,0.0,0.0,0,67996.0
22,9,303,784,1,0.0,0.0,1.0,0.0,0.0,0.0,0.0,0,63156.0
22,9,256,2052,1,0.0,0.57,1.0,0.0,0.02,0.0,0.0,0,8842.0
32,5,0,0,0,1.0,1.0,0.1,0.05,0.0,1.0,1.0,1,99066.0
46,5,0,0,0,1.0,1.0,0.02,0.06,0.0,1.0,1.0,1,84084.0
22,9,181,5830,1,0.0,0.0,1.0,0.0,0.0,0.01,0.01,0,121181.0
5,1,0,0,0,0.0,0.0,0.11,0.06,0.0,0.0,0.0,1,22836.0
22,9,198,3242,1,0.0,0.0,1.0,0.0,0.06,0.0,0.0,0,52558.0
46,9,28,0,0,0.01,0.0,0.99,0.03,0.0,0.0,0.0,1,53602.0
36,5,0,0,0,1.0,1.0,0.09,0.06,0.0,1.0,1.0,1,103837.0
11,9,45,45,0,0.0,0.0,1.0,0.0,0.0,0.0,0.0,0,119039.0
46,9,1,0,0,0.0,0.0,0.73,0.04,0.0,0.0,0.0,1,26539.0
22,9,54540,8314,1,0.0,0.0,1.0,0.0,0.0,0.0,0.0,0,25774.0
22,9,246,1394,1,0.0,0.0,1.0,0.0,0.0,0.0,0.0,0,53064.0
18,5,0,0,0,1.0,1.0,0.14,0.04,0.0,1.0,1.0,1,122733.0
14,9,1032,0,0,0.0,0.0,1.0,0.0,0.0,0.0,0.0,0,2124.0
22,9,253,1092,1,0.0,0.0,1.0,0.0,0.02,0.0,0.0,0,105909.0
46,5,0,0,0,1.0,1.0,0.07,0.06,0.0,1.0,1.0,1,43213.0
11,9,51,117,0,0.0,0.0,1.0,0.0,0.0,0.0,0.0,0,123459.0
22,9,320,12922,1,0.0,0.0,1.0,0.0,0.01,0.0,0.0,0,61937.0
22,9,307,727,1,0.0,0.0,1.0,0.0,0.02,0.0,0.0,0,21971.0
22,9,272,6461,1,0.0,0.0,1.0,0.0,0.0,0.0,0.0,0,66301.0
46,5,0,0,0,1.0,1.0,0.05,0.07,0.0,1.0,1.0,1,119625.0
38,5,0,0,0,1.0,1.0,0.04,0.07,0.0,1.0,1.0,1,33592.0
51,9,13510,1361,1,0.0,0.0,1.0,0.0,0.01,0.0,0.0,0,60756.0
4,5,0,0,0,1.0,1.0,0.01,0.07,0.0,1.0,1.0,1,882.0
22,9,54540,8314,1,0.0,0.0,1.0,0.0,0.0,0.0,0.0,0,23047.0
57,9,440,13135,1,0.0,0.0,1.0,0.0,0.0,0.53,0.66,0,63723.0
57,9,101,1291,1,0.0,0.0,1.0,0.0,0.6,0.0,0.0,0,70767.0
62,1,0,0,0,0.0,0.0,0.01,0.06,0.0,0.0,0.0,1,12093.0
11,9,45,128,0,0.0,0.0,1.0,0.0,0.0,0.0,0.0,0,12719.0
46,1,0,0,0,0.0,0.0,0.15,0.07,0.0,0.0,0.0,1,119035.0
46,5,0,0,0,1.0,1.0,0.03,0.06,0.0,1.0,1.0,1,70104.0
22,9,207,2446,1,0.0,0.0,1.0,0.0,0.0,0.0,0.0,0,51131.0
46,5,0,0,0,1.0,1.0,0.02,0.07,0.0,1.0,1.0,1,109926.0
46,9,28,0,0,0.0,0.0,1.0,0.0,0.0,0.0,0.0,1,86587.0
11,9,45,73,0,0.0,0.0,1.0,0.0,0.0,0.0,0.0,0,125120.0
22,9,278,1786,1,0.0,0.0,1.0,0.0,0.05,0.0,0.0,0,119994.0
19,9,5135678,0,1,0.0,0.0,1.0,0.0,0.14,0.0,0.0,0,97456.0
22,9,294,1617,1,0.05,0.07,1.0,0.0,0.01,0.02,0.0,0,111688.0
11,9,43,74,0,0.0,0.0,1.0,0.0,0.0,0.0,0.0,0,124245.0
63,1,0,0,0,0.0,0.0,0.06,0.07,0.0,0.0,0.0,1,11862.0
18,9,227,765,1,0.0,0.0,1.0,0.0,0.0,0.0,0.0,0,39062.0
18,9,332,1054,1,0.0,0.0,0.5,1.0,0.0,0.0,0.0,0,1885.0
46,5,0,0,0,1.0,1.0,0.03,0.06,0.0,1.0,1.0,1,834.0
35,5,0,0,0,1.0,1.0,0.5,0.15,0.0,1.0,1.0,1,87328.0
22,9,198,12149,1,0.0,0.0,1.0,0.0,0.03,0.0,0.0,0,54118.0
46,5,0,0,0,1.0,1.0,0.12,0.05,0.0,1.0,1.0,1,2833.0
46,4,0,0,0,0.0,0.0,1.0,0.0,0.0,0.0,0.0,1,105237.0
46,5,0,0,0,1.0,1.0,0.15,0.06,0.0,1.0,1.0,1,13560.0
58,5,0,0,0,1.0,1.0,0.06,0.05,0.0,1.0,1.0,1,34102.0
64,5,0,0,0,1.0,1.0,0.06,0.05,0.0,1.0,1.0,1,80893.0
11,9,36,101,0,0.0,0.0,1.0,0.0,0.0,0.0,0.0,0,14673.0
51,9,1071,331,1,0.0,0.0,1.0,0.0,0.0,0.0,0.0,0,57019.0
22,9,219,2414,1,0.17,0.17,1.0,0.0,0.01,0.06,0.0,0,71996.0
19,9,59,0,0,0.0,0.0,1.0,0.0,0.03,0.0,0.0,0,2614.0
10,9,48,496,1,0.0,0.0,0.01,0.03,0.0,0.0,0.0,0,102771.0
46,5,0,0,0,1.0,1.0,0.07,0.06,0.0,1.0,1.0,1,23002.0
11,9,45,136,0,0.0,0.0,0.98,0.03,0.0,0.0,0.0,0,17471.0
22,9,240,11766,1,0.0,0.0,1.0,0.0,0.0,0.0,0.0,0,19516.0
22,9,214,383,1,0.12,0.12,1.0,0.0,0.04,0.03,0.01,0,70409.0
46,1,0,0,0,0.0,0.0,1.0,0.0,0.0,0.07,0.0,1,85553.0
51,9,5248,334,1,0.0,0.0,1.0,0.0,0.01,0.0,0.0,0,91809.0
14,9,1032,0,0,0.0,0.0,1.0,0.0,0.0,0.0,0.0,0,38548.0
22,9,329,354,1,0.0,0.0,1.0,0.0,0.0,0.0,0.0,0,5251.0
10,5,0,0,0,1.0,1.0,0.07,0.06,0.0,1.0,1.0,1,81049.0
46,9,28,0,0,0.0,0.0,1.0,0.0,0.0,0.0,0.0,1,47099.0
22,1,0,0,0,0.0,0.0,0.07,0.07,0.0,0.0,0.0,1,17819.0
25,1,0,0,0,0.0,0.0,0.01,0.07,0.0,0.0,0.0,1,63416.0
19,9,7045,0,1,0.0,0.0,1.0,0.0,0.1,0.0,0.0,0,61384.0
22,9,249,3649,1,0.0,0.0,1.0,0.0,0.06,0.0,0.0,0,27359.0
25,1,0,0,0,0.0,0.0,0.03,0.07,0.0,0.0,0.0,1,39084.0
22,9,301,2126,1,0.0,0.0,1.0,0.0,0.04,0.0,0.0,0,65034.0
11,9,97,37,0,0.0,0.0,1.0,0.0,0.0,0.0,0.0,0,102713.0
22,9,179,196,1,0.0,0.0,1.0,0.0,0.04,0.0,0.0,0,75250.0
22,9,193,8441,1,0.0,0.0,1.0,0.0,0.04,0.0,0.04,0,48353.0
46,5,0,0,0,1.0,1.0,0.2,0.06,0.0,1.0,1.0,1,40190.0
3,5,0,0,0,1.0,1.0,0.02,0.06,0.0,1.0,1.0,1,41365.0
22,9,309,2067,1,0.0,0.0,1.0,0.0,0.03,0.0,0.0,0,63444.0
22,9,291,1758,1,0.0,0.0,1.0,0.0,0.0,0.0,0.0,0,21296.0
19,9,26,0,1,0.0,0.0,1.0,0.0,0.0,0.87,0.94,0,108194.0
13,9,8,0,0,0.0,0.0,1.0,0.0,0.51,0.0,0.0,1,104522.0
51,9,1050,335,1,0.0,0.0,1.0,0.0,0.02,0.0,0.0,0,55358.0
22,9,325,2531,1,0.0,0.0,1.0,0.0,0.02,0.0,0.0,0,115461.0
22,9,302,1054,1,0.0,0.0,1.0,0.0,0.02,0.01,0.0,0,37890.0
61,5,0,0,0,1.0,1.0,0.08,0.06,0.0,1.0,1.0,1,105848.0
19,9,879,0,1,0.0,0.0,1.0,0.0,0.02,0.0,0.0,0,45236.0
22,9,241,11067,1,0.0,0.0,1.0,0.0,0.03,0.0,0.0,0,52287.0
22,9,210,2752,1,0.0,0.0,1.0,0.0,0.03,0.0,0.0,0,9161.0
11,9,44,132,0,0.0,0.0,1.0,0.0,0.0,0.0,0.0,0,105634.0
0,4,1669,7532,1,0.0,0.0,0.5,1.0,0.0,0.0,0.0,0,98209.0
46,4,0,0,0,0.0,0.0,1.0,0.0,0.0,0.0,0.0,1,87283.0
46,5,0,0,0,1.0,1.0,0.06,0.06,0.0,1.0,1.0,1,37643.0
46,5,0,0,0,1.0,1.0,0.1,0.06,0.0,1.0,1.0,1,56390.0
51,9,916,327,1,0.0,0.0,1.0,0.0,0.0,0.0,0.0,0,94280.0
22,9,251,272,1,0.0,0.0,1.0,0.0,0.0,0.0,0.0,0,6513.0
51,9,3475,329,1,0.0,0.0,0.5,1.0,0.0,0.0,0.0,0,91070.0
22,9,236,1564,1,0.0,0.0,1.0,0.0,0.0,0.0,0.0,0,31496.0
11,9,45,45,0,0.0,0.0,1.0,0.0,0.0,0.0,0.0,0,57268.0
22,9,243,1718,1,0.0,0.0,1.0,0.0,0.0,0.0,0.0,0,81474.0
51,9,6304,654,1,0.0,0.0,1.0,0.0,0.01,0.0,0.0,0,96117.0
57,5,0,0,0,1.0,1.0,0.21,0.14,0.0,1.0,1.0,1,2575.0
0,4,1506,10566,0,0.0,0.0,1.0,0.0,0.0,0.0,0.0,0,28166.0
5,5,0,0,0,1.0,1.0,0.05,0.06,0.0,1.0,1.0,1,59639.0
5,5,0,0,0,1.0,1.0,0.13,0.06,0.0,1.0,1.0,1,98616.0
46,5,0,0,0,1.0,1.0,0.55,0.1,0.0,1.0,1.0,1,108834.0
22,9,203,406,1,0.0,0.0,1.0,0.0,0.0,0.0,0.0,0,125644.0
11,9,35,51,0,0.0,0.0,1.0,0.0,0.0,0.0,0.0,0,79628.0
22,1,0,0,0,0.0,0.0,1.0,0.0,0.11,0.0,0.0,0,117099.0
46,1,0,0,0,0.01,0.0,0.01,1.0,0.0,0.0,0.0,1,2948.0
3,5,0,0,0,1.0,1.0,0.09,0.06,0.0,1.0,1.0,1,27380.0
1,9,352,592,1,0.0,0.0,1.0,0.0,0.0,0.2,0.2,0,10829.0
22,1,0,0,0,0.0,0.0,1.0,0.0,0.2,0.0,0.01,0,46390.0
46,5,0,0,0,1.0,1.0,0.04,0.06,0.0,1.0,1.0,1,17224.0
46,5,0,0,0,1.0,1.0,0.04,0.06,0.0,1.0,1.0,1,10075.0
46,5,0,0,0,0.99,1.0,0.04,0.06,0.0,1.0,1.0,1,90157.0
51,9,936,334,1,0.0,0.0,0.5,1.0,0.0,0.0,0.0,0,91903.0
6,5,0,0,0,1.0,1.0,0.08,0.05,0.0,1.0,1.0,1,106508.0
11,9,42,42,0,0.0,0.0,1.0,0.0,0.0,0.0,0.0,0,61083.0
35,5,0,0,0,1.0,1.0,0.04,0.06,0.0,1.0,1.0,1,3886.0
19,9,319,0,1,0.0,0.0,1.0,0.0,0.5,0.0,0.0,0,89919.0
51,9,761,336,1,0.0,0.0,1.0,0.0,0.01,0.0,0.0,0,52032.0
22,9,327,2662,1,0.0,0.0,1.0,0.0,0.0,0.0,0.0,0,50089.0
22,5,0,0,0,1.0,1.0,0.75,0.17,0.0,1.0,1.0,1,20992.0
34,5,0,0,0,1.0,1.0,0.08,0.06,0.0,1.0,1.0,1,55721.0
8,5,0,0,0,1.0,1.0,0.09,0.05,0.0,1.0,1.0,1,86667.0
51,9,12424,1550,1,0.0,0.0,1.0,0.0,0.02,0.81,0.78,0,123370.0
22,1,0,0,0,0.0,0.0,1.0,0.0,0.29,0.0,0.01,0,65254.0
38,5,0,0,0,1.0,1.0,0.02,0.07,0.0,1.0,1.0,1,83462.0
32,5,0,0,0,1.0,1.0,0.02,0.06,0.0,1.0,1.0,1,113487.0
22,9,286,310,1,0.0,0.0,1.0,0.0,0.07,0.0,0.0,0,13651.0
57,5,0,0,0,1.0,1.0,0.25,0.05,0.05,0.99,0.93,1,36161.0
14,9,520,0,0,0.0,0.0,1.0,0.0,0.0,0.0,0.0,0,16223.0
18,5,0,0,0,1.0,1.0,0.07,0.05,0.0,1.0,1.0,1,125538.0
22,9,226,655,1,0.0,0.0,1.0,0.0,0.04,0.0,0.0,0,26458.0
51,9,1808,366,1,0.0,0.0,1.0,0.0,0.02,0.0,0.0,0,91231.0
11,9,86,0,0,0.0,0.0,1.0,0.0,0.0,0.0,0.0,0,100524.0
22,9,229,1323,1,0.0,0.0,1.0,0.0,0.03,0.0,0.0,0,62410.0
22,9,209,3227,1,0.0,0.0,1.0,0.0,0.03,0.06,0.01,0,75125.0
22,9,312,6533,1,0.0,0.0,1.0,0.0,0.05,0.0,0.0,0,13211.0
22,9,317,999,1,0.0,0.0,1.0,0.0,0.0,0.0,0.0,0,27919.0
22,9,230,4608,1,0.0,0.0,1.0,0.0,0.02,0.0,0.0,0,56567.0
13,9,8,0,0,0.0,0.0,1.0,0.0,0.5,0.0,0.0,1,38787.0
41,9,147,105,0,0.0,0.0,0.5,0.5,0.0,0.0,0.0,0,115988.0
46,9,105,147,0,0.0,0.0,1.0,0.0,0.0,0.0,0.0,0,15045.0
35,5,0,0,0,1.0,1.0,0.07,0.06,0.0,1.0,1.0,1,118763.0
13,9,8,0,0,0.0,0.0,1.0,0.0,0.5,0.0,0.0,1,55723.0
54,5,0,0,0,1.0,1.0,0.04,0.07,0.0,1.0,1.0,1,80315.0
22,9,226,9703,1,0.0,0.0,1.0,0.0,0.0,0.0,0.0,0,12016.0
20,5,0,0,0,1.0,1.0,0.28,0.11,0.0,1.0,1.0,1,2719.0
22,9,329,641,1,0.0,0.0,1.0,0.0,0.02,0.0,0.0,0,115015.0
11,9,45,45,0,0.0,0.0,1.0,0.0,0.0,0.0,0.0,0,94040.0
46,9,28,0,0,0.0,0.0,1.0,0.0,0.0,0.0,0.0,1,55495.0
46,5,0,0,0,1.0,1.0,0.03,0.06,0.0,1.0,1.0,1,63250.0
12,5,0,0,0,1.0,1.0,0.1,0.06,0.0,1.0,1.0,1,99385.0
41,9,146,105,0,0.0,0.0,1.0,0.0,0.0,0.0,0.0,0,12932.0
24,5,0,0,0,1.0,1.0,0.03,0.07,0.0,1.0,1.0,1,4235.0
41,9,147,0,0,0.0,0.0,0.2,0.6,0.0,0.0,0.0,0,98676.0
46,1,0,0,0,0.0,0.0,0.16,0.07,0.0,0.0,0.0,1,110227.0
46,9,207,207,0,0.0,0.0,1.0,0.0,0.0,0.0,0.0,0,69707.0
46,1,0,0,0,0.17,0.0,0.03,1.0,0.0,0.02,0.0,1,23645.0
22,9,307,2698,1,0.0,0.0,1.0,0.0,0.0,0.0,0.0,0,66873.0
22,1,0,0,0,0.0,0.33,1.0,0.0,0.09,0.0,0.0,0,10355.0
51,9,1415,336,1,0.0,0.0,1.0,0.0,0.01,0.0,0.0,0,121212.0
46,5,0,0,0,1.0,1.0,0.05,0.08,0.0,1.0,1.0,1,6506.0
14,9,520,0,0,0.0,0.0,1.0,0.0,0.0,0.0,0.0,0,83551.0
22,9,318,590,1,0.0,0.0,1.0,0.0,0.01,0.0,0.0,0,53695.0
22,9,272,619,1,0.0,0.0,1.0,0.0,0.03,0.0,0.0,0,99349.0
22,9,200,2276,1,0.0,0.0,1.0,0.0,0.0,0.0,0.0,0,85982.0
36,5,0,0,0,1.0,1.0,0.09,0.06,0.0,1.0,1.0,1,62755.0
22,9,311,4591,1,0.0,0.0,1.0,0.0,0.03,0.0,0.01,0,736.0
57,2,0,0,0,0.0,0.0,0.08,0.07,0.0,0.0,0.0,1,71716.0
51,9,3205,331,1,0.0,0.0,1.0,0.0,0.02,0.0,0.01,0,113570.0
13,9,8,0,0,0.0,0.0,1.0,0.0,0.25,0.0,0.0,1,83995.0
22,9,219,11515,1,0.0,0.0,1.0,0.0,0.0,0.01,0.01,0,46598.0
22,9,54540,8314,1,0.0,0.0,1.0,0.0,0.0,0.0,0.0,0,63350.0
22,9,303,2239,1,0.0,0.0,1.0,0.0,0.0,0.0,0.0,0,106349.0
19,5,0,0,0,1.0,1.0,0.22,0.11,0.0,1.0,1.0,1,65299.0
51,9,1334,339,1,0.0,0.0,1.0,0.0,0.01,0.0,0.0,0,18227.0
46,1,0,0,0,0.0,0.0,0.06,0.06,0.0,0.0,0.0,1,14794.0
11,9,43,75,0,0.0,0.0,1.0,0.01,0.0,0.0,0.0,0,22265.0
60,9,182,0,0,0.0,0.0,0.5,1.0,0.0,0.0,0.0,0,105090.0
54,5,0,0,0,1.0,1.0,0.01,0.06,0.0,1.0,1.0,1,13126.0
46,5,0,0,0,1.0,1.0,0.03,0.06,0.0,1.0,1.0,1,125093.0
46,5,0,0,0,1.0,1.0,0.08,0.06,0.0,1.0,1.0,1,94774.0
22,9,257,1978,1,0.0,0.0,1.0,0.0,0.03,0.0,0.0,0,67958.0
17,5,0,0,0,1.0,1.0,0.07,0.06,0.0,1.0,1.0,1,104499.0
22,9,378,209,1,0.0,0.0,1.0,0.0,0.07,0.0,0.0,0,115273.0
46,1,0,0,0,0.0,0.0,0.03,0.08,0.0,0.0,0.0,1,12287.0
57,5,0,0,0,1.0,1.0,0.18,0.07,0.0,1.0,1.0,1,29093.0
19,9,12,0,1,0.0,0.0,1.0,0.0,0.03,0.0,0.0,0,50728.0
22,9,347,5182,1,0.08,0.07,1.0,0.0,0.02,0.03,0.01,0,78041.0
32,1,0,0,0,0.0,0.0,0.03,0.06,0.0,0.0,0.0,1,5050.0
13,9,18,0,0,0.0,0.0,1.0,0.0,1.0,0.0,0.0,1,10337.0
62,5,0,0,0,1.0,1.0,0.09,0.07,0.0,1.0,1.0,1,112672.0
22,9,212,1010,1,0.0,0.0,1.0,0.0,0.02,0.0,0.0,0,109798.0
19,9,252,0,1,0.0,0.0,1.0,0.0,0.29,0.0,0.0,0,101488.0
46,4,0,0,0,0.0,0.0,1.0,0.0,0.0,0.0,0.0,1,16407.0
22,9,265,22189,1,0.0,0.0,1.0,0.0,0.02,0.0,0.0,0,27697.0
19,9,192,0,1,0.0,0.0,1.0,0.0,0.03,0.0,0.0,0,68636.0
22,9,306,1047,1,0.0,0.0,1.0,0.0,0.01,0.0,0.0,0,31103.0
22,9,228,1380,1,0.0,0.0,1.0,0.0,0.0,0.0,0.0,0,87331.0
61,5,0,0,0,1.0,1.0,0.07,0.06,0.0,1.0,1.0,1,47607.0
22,1,0,0,0,0.0,0.0,1.0,0.0,0.13,0.0,0.0,0,15862.0
26,5,0,0,0,1.0,1.0,0.0,0.06,0.0,1.0,1.0,1,49138.0
22,9,290,14005,1,0.0,0.0,1.0,0.0,0.04,0.0,0.0,0,72991.0
18,9,1255,2451,1,0.0,0.0,1.0,0.0,0.0,0.0,0.0,0,33757.0
3,9,10,39,1,0.0,0.0,0.5,1.0,0.29,0.0,0.0,0,75211.0
46,1,0,0,0,0.0,0.0,0.16,0.05,0.0,0.0,0.0,1,16803.0
46,9,1,74,0,0.0,0.0,0.44,0.12,0.0,0.16,0.0,1,44064.0
22,9,352,390,1,0.29,0.29,1.0,0.0,0.0,0.01,0.01,0,124224.0
18,9,1496,4152,1,0.0,0.0,1.0,0.0,0.0,0.0,0.0,0,109940.0
20,5,0,0,0,1.0,1.0,0.19,0.14,0.0,1.0,1.0,1,107575.0
55,5,0,0,0,1.0,1.0,0.03,0.05,0.0,1.0,1.0,1,26912.0
13,9,30,0,0,0.0,0.0,0.17,0.25,0.0,0.0,0.0,0,61812.0
51,9,883,331,1,0.0,0.0,1.0,0.0,0.01,0.0,0.0,0,77709.0
19,5,0,0,0,1.0,1.0,0.22,0.08,0.0,1.0,1.0,1,103926.0
14,9,30,0,0,0.0,0.0,1.0,0.0,0.0,0.0,0.0,0,55400.0
22,9,201,2280,1,0.0,0.0,1.0,0.0,0.0,0.0,0.0,0,4642.0
22,9,309,1528,1,0.0,0.0,1.0,0.0,0.0,0.01,0.01,0,16310.0
13,9,8,0,0,0.0,0.0,1.0,0.0,0.51,0.0,0.0,1,95117.0
9,5,0,0,0,1.0,1.0,0.01,0.06,0.0,1.0,1.0,1,5146.0
46,9,28,0,0,0.0,0.0,1.0,0.0,0.0,0.0,0.0,1,59806.0
17,5,0,0,0,1.0,1.0,0.36,0.18,0.0,1.0,1.0,1,121226.0
41,1,0,0,0,0.0,0.0,1.0,0.0,0.0,0.0,0.0,1,2559.0
46,5,0,0,0,1.0,1.0,0.02,0.06,0.0,1.0,1.0,1,103853.0
22,9,235,986,1,0.0,0.0,1.0,0.0,0.02,0.0,0.0,0,96018.0
46,5,0,0,0,1.0,1.0,0.14,0.07,0.0,1.0,1.0,1,15849.0
46,5,0,0,0,1.0,1.0,0.08,0.06,0.0,1.0,1.0,1,87023.0
57,5,0,0,0,1.0,1.0,1.0,0.0,0.0,0.99,0.97,1,121059.0
46,5,0,0,0,1.0,1.0,0.01,0.08,0.0,1.0,1.0,1,72530.0
46,5,0,0,0,1.0,1.0,0.1,0.05,0.0,1.0,1.0,1,110482.0
62,5,0,0,0,1.0,1.0,0.11,0.07,0.0,1.0,1.0,1,92405.0
25,5,0,0,0,1.0,1.0,0.07,0.04,0.0,1.0,1.0,1,76467.0
11,9,31,0,0,0.0,0.0,1.0,0.0,0.05,0.0,0.0,0,116957.0
22,9,302,891,1,0.0,0.0,1.0,0.0,0.02,0.0,0.0,0,34075.0
46,1,0,0,0,0.0,0.0,0.5,1.0,0.0,0.0,0.0,1,97653.0
19,9,19,0,0,0.0,0.0,1.0,0.0,0.02,0.0,0.0,0,48423.0
22,9,298,3751,1,0.0,0.0,1.0,0.0,0.05,0.0,0.0,0,18514.0
46,1,0,0,0,0.0,0.0,0.05,0.06,0.0,0.0,0.0,1,109664.0
46,1,0,0,0,0.05,0.0,0.0,1.0,0.0,0.08,0.0,1,59538.0
11,9,110,30,0,0.0,0.0,1.0,0.0,0.0,0.0,0.0,0,77795.0
22,9,366,272,1,0.0,0.0,1.0,0.0,0.0,0.0,0.0,0,91785.0
10,1,0,0,0,0.0,0.0,0.01,0.06,0.0,0.0,0.0,1,101541.0
46,5,0,0,0,1.0,1.0,0.34,0.13,0.0,1.0,1.0,1,58721.0
22,9,165,35341,1,0.0,0.0,1.0,0.0,0.02,0.0,0.0,0,84615.0
51,9,724,328,1,0.0,0.0,1.0,0.0,0.01,0.0,0.0,0,83846.0
51,9,845,330,1,0.0,0.0,1.0,0.0,0.0,0.0,0.0,0,98621.0
46,1,0,0,0,0.0,0.0,0.09,0.06,0.0,0.0,0.0,1,1694.0
51,9,1008,370,1,0.0,0.0,1.0,0.0,0.04,0.0,0.0,0,96427.0
46,5,0,0,0,1.0,1.0,0.08,0.07,0.0,1.0,1.0,1,89255.0
22,9,267,2611,1,0.0,0.0,1.0,0.0,0.03,0.0,0.0,0,100264.0
46,5,0,0,0,1.0,1.0,0.07,0.07,0.0,1.0,1.0,1,77194.0
46,5,0,0,0,1.0,1.0,0.19,0.07,0.0,1.0,1.0,1,34982.0
22,1,0,0,0,0.0,0.0,1.0,0.0,0.22,0.0,0.01,0,22035.0
22,9,174,3819,1,0.0,0.0,1.0,0.0,0.04,0.0,0.01,0,38749.0
14,9,1032,0,0,0.0,0.0,1.0,0.0,0.0,0.13,0.0,0,27901.0
46,10,0,0,0,1.0,1.0,1.0,0.0,0.0,0.91,1.0,1,9561.0
46,5,0,0,0,1.0,1.0,0.03,0.06,0.0,1.0,1.0,1,3406.0
62,5,0,0,0,1.0,1.0,0.02,0.07,0.0,1.0,1.0,1,55846.0
22,9,320,308,1,0.0,0.0,1.0,0.0,0.0,0.0,0.0,0,19510.0
22,9,318,3501,1,0.0,0.0,1.0,0.0,0.03,0.0,0.0,0,59482.0
15,5,0,0,0,1.0,1.0,0.14,0.06,0.0,1.0,1.0,1,44710.0
46,5,0,0,0,1.0,1.0,0.05,0.06,0.0,1.0,1.0,1,55976.0
46,5,0,0,0,1.0,1.0,0.19,0.05,0.0,1.0,1.0,1,88674.0
51,9,1704,330,1,0.0,0.0,1.0,0.0,0.0,0.0,0.0,0,98197.0
22,9,233,5166,1,0.0,0.0,1.0,0.0,0.04,0.0,0.0,0,85555.0
32,5,0,0,0,1.0,1.0,0.11,0.08,0.0,1.0,1.0,1,30608.0
22,9,275,2907,1,0.0,0.0,1.0,0.0,0.0,0.0,0.0,0,93444.0
22,9,54540,8314,1,0.0,0.0,1.0,0.0,0.0,0.0,0.0,0,42092.0
46,4,1,0,0,0.0,0.0,1.0,0.0,0.0,0.0,0.0,1,59661.0
46,5,0,0,0,1.0,1.0,0.01,0.07,0.0,1.0,1.0,1,68144.0
11,9,31,0,0,0.0,0.0,1.0,0.0,0.05,0.0,0.0,0,70028.0
19,9,7162,0,0,0.0,0.0,1.0,0.0,0.0,0.53,0.0,0,93833.0
61,2,0,0,0,0.0,0.0,0.07,0.07,0.0,0.0,0.0,1,118379.0
22,9,244,2211,1,0.0,0.0,1.0,0.0,0.02,0.0,0.0,0,1834.0
14,9,1032,0,0,0.0,0.0,1.0,0.0,0.0,0.0,0.0,0,112916.0
46,5,0,0,0,1.0,1.0,0.06,0.06,0.0,1.0,1.0,1,10352.0
19,9,245,0,1,0.0,0.0,0.67,0.67,0.02,0.0,0.0,0,112675.0
46,1,0,0,0,0.0,0.0,0.03,0.07,0.0,0.0,0.0,1,66687.0
22,9,352,261,1,0.0,0.0,1.0,0.0,0.02,0.0,0.0,0,66730.0
22,9,238,10378,1,0.0,0.0,1.0,0.0,0.0,0.0,0.0,0,95666.0
22,2,0,0,1,0.0,0.0,1.0,0.0,0.08,0.0,0.0,0,110555.0
22,5,0,0,0,1.0,1.0,0.33,0.11,0.0,1.0,1.0,1,59621.0
18,9,58,189,0,0.0,0.0,1.0,0.0,0.0,0.03,0.07,0,37782.0
22,9,306,309,1,0.0,0.0,1.0,0.0,0.0,0.0,0.0,0,36415.0
22,9,158,4049,1,0.0,0.0,1.0,0.0,0.0,0.0,0.0,0,13256.0
14,9,1032,0,0,0.0,0.0,1.0,0.0,0.0,0.0,0.0,0,109267.0
51,9,2053,537,1,0.0,0.0,0.12,0.25,0.0,0.0,0.0,0,91265.0
22,9,309,434,1,0.0,0.0,1.0,0.0,0.0,0.0,0.0,0,93908.0
46,4,1,0,0,0.0,0.0,1.0,0.0,0.0,0.0,0.0,1,52353.0
22,9,208,6992,1,0.0,0.0,1.0,0.0,0.0,0.0,0.0,0,102616.0
46,5,0,0,0,1.0,1.0,0.11,0.06,0.0,1.0,1.0,1,9669.0
22,9,306,839,1,0.0,0.0,1.0,0.0,0.02,0.0,0.0,0,20262.0
24,5,0,0,0,1.0,1.0,0.09,0.05,0.0,1.0,1.0,1,87780.0
41,4,1,0,0,0.0,0.0,1.0,0.0,0.0,0.0,0.0,1,43304.0
11,9,45,128,0,0.0,0.0,1.0,0.0,0.0,0.0,0.0,0,111031.0
46,5,0,0,0,1.0,1.0,0.06,0.05,0.0,1.0,1.0,1,109598.0
2,5,0,0,0,1.0,1.0,0.07,0.05,0.0,1.0,1.0,1,49967.0
22,9,203,9805,1,0.0,0.0,1.0,0.0,0.07,0.0,0.0,0,85533.0
22,9,299,2239,1,0.0,0.0,1.0,0.0,0.0,0.0,0.0,0,11781.0
19,9,10044,0,1,0.0,0.0,1.0,0.0,0.02,0.0,0.0,0,18986.0
28,5,0,0,0,1.0,1.0,0.07,0.1,0.0,1.0,1.0,1,88764.0
11,9,45,81,0,0.0,0.0,1.0,0.0,0.0,0.0,0.0,0,96315.0
41,1,0,0,0,0.07,0.0,0.0,1.0,0.0,0.06,0.0,1,77215.0
22,6,152,14600,1,1.0,1.0,1.0,0.0,0.0,0.0,0.0,0,107611.0
51,9,1549,328,1,0.0,0.0,1.0,0.0,0.01,0.0,0.0,0,125876.0
22,9,297,1442,1,0.0,0.0,1.0,0.0,0.0,0.0,0.0,0,11959.0
11,9,46,117,0,0.0,0.0,1.0,0.0,0.0,0.0,0.0,0,102151.0
22,9,209,1511,1,0.0,0.0,1.0,0.0,0.0,0.0,0.0,0,116685.0
50,5,0,0,0,1.0,1.0,0.08,0.06,0.0,1.0,1.0,1,16318.0
46,1,0,0,0,0.0,0.0,0.04,0.07,0.0,0.0,0.0,1,51042.0
46,9,105,146,0,0.0,0.0,1.0,0.0,0.0,0.0,0.0,0,118719.0
7,5,0,0,0,1.0,1.0,0.07,0.06,0.0,1.0,1.0,1,113163.0
17,9,9,366,0,0.0,0.0,1.0,0.0,0.29,0.0,0.0,0,121867.0
57,4,126,179,0,0.0,0.0,1.0,0.0,0.0,0.05,0.05,0,120045.0
22,9,309,6086,1,0.0,0.0,1.0,0.0,0.0,0.0,0.0,0,76669.0
22,9,230,7745,1,0.0,0.0,1.0,0.0,0.03,0.0,0.0,0,17534.0
46,5,0,0,0,1.0,1.0,0.09,0.05,0.0,0.96,1.0,1,12546.0
58,5,0,0,0,1.0,1.0,0.06,0.05,0.0,1.0,1.0,1,64075.0
22,9,195,2946,1,0.0,0.0,1.0,0.0,0.04,0.05,0.0,0,83530.0
46,5,0,0,0,1.0,1.0,0.17,0.15,0.0,1.0,1.0,1,27875.0
49,5,0,0,0,1.0,1.0,0.11,0.06,0.0,1.0,1.0,1,118699.0
19,9,1342,0,1,0.0,0.0,1.0,0.0,0.0,0.0,0.0,0,51845.0
37,5,0,0,0,1.0,1.0,0.06,0.06,0.0,1.0,1.0,1,114409.0
46,5,0,0,0,1.0,1.0,0.22,0.06,0.0,1.0,1.0,1,27645.0
2,5,0,0,0,1.0,1.0,0.01,0.07,0.0,1.0,1.0,1,118919.0
46,4,0,0,0,0.0,0.0,1.0,0.0,0.0,0.0,0.0,1,6581.0
46,1,0,0,0,0.0,0.0,0.07,0.06,0.0,0.0,0.0,1,6050.0
13,9,8,0,0,0.0,0.0,1.0,0.0,0.5,0.0,0.0,1,75335.0
46,1,0,0,0,0.0,0.0,1.0,0.0,1.0,0.0,0.0,1,29309.0
22,1,0,0,0,0.0,0.0,1.0,0.0,0.11,0.0,0.0,0,2724.0
62,5,0,0,0,1.0,1.0,0.06,0.04,0.0,1.0,1.0,1,68748.0
46,9,105,105,0,0.0,0.0,0.14,0.29,0.0,0.0,0.0,0,22364.0
8,5,0,0,0,1.0,1.0,0.05,0.06,0.0,1.0,1.0,1,93296.0
22,9,339,781,1,0.0,0.0,1.0,0.0,0.01,0.0,0.0,0,49120.0
22,9,242,2147,1,0.0,0.0,1.0,0.0,0.0,0.0,0.0,0,20286.0
22,9,194,1437,1,0.0,0.0,1.0,0.0,0.02,0.0,0.0,0,102802.0
58,5,0,0,0,1.0,1.0,0.15,0.06,0.0,1.0,1.0,1,21404.0
22,9,229,1380,1,0.0,0.0,1.0,0.0,0.0,0.0,0.0,0,104859.0
46,5,0,0,0,1.0,1.0,0.14,0.07,0.0,1.0,1.0,1,41194.0
22,9,224,2480,1,0.0,0.0,1.0,0.0,0.02,0.0,0.0,0,57079.0
46,5,0,0,0,1.0,1.0,0.1,0.06,0.0,1.0,1.0,1,104093.0
51,9,10578,882,1,0.0,0.0,1.0,0.0,0.01,0.0,0.01,0,63875.0
61,2,0,0,0,0.0,0.0,0.05,0.07,0.0,0.0,0.0,1,59212.0
11,9,46,46,0,0.0,0.0,1.0,0.0,0.0,0.0,0.0,0,94504.0
22,9,252,1263,1,0.0,0.0,1.0,0.0,0.02,0.0,0.0,0,100798.0
22,1,0,0,0,0.0,0.0,1.0,0.0,0.24,0.0,0.0,0,62178.0
57,4,573,17335,1,0.0,0.0,1.0,0.0,0.0,0.42,0.07,0,37713.0
11,9,45,45,0,0.0,0.0,1.0,0.0,0.0,0.0,0.0,0,26356.0
31,5,0,0,0,1.0,1.0,0.13,0.06,0.0,1.0,1.0,1,64865.0
11,9,44,126,0,0.0,0.0,1.0,0.0,0.0,0.0,0.0,0,123265.0
11,9,44,74,0,0.0,0.0,1.0,0.0,0.0,0.0,0.0,0,95657.0
41,9,145,105,0,0.0,0.0,1.0,0.0,0.0,0.0,0.0,0,13216.0
46,4,0,0,0,0.0,0.0,1.0,0.0,0.0,0.0,0.0,1,38994.0
46,4,0,0,0,0.0,0.0,1.0,0.0,0.0,0.09,0.0,1,78452.0
22,9,54540,8314,1,0.0,0.0,1.0,0.0,0.0,0.0,0.0,0,56999.0
5,5,0,0,0,1.0,1.0,0.12,0.08,0.0,1.0,1.0,1,39719.0
19,9,319,0,1,0.0,0.0,1.0,0.0,0.0,0.01,0.01,0,102599.0
46,1,0,0,0,0.0,0.0,0.08,0.07,0.0,0.0,0.0,1,9959.0
22,9,54540,8314,1,0.0,0.0,1.0,0.0,0.0,0.01,0.01,0,98918.0
22,9,238,7106,1,0.0,0.0,1.0,0.0,0.04,0.0,0.0,0,51915.0
38,5,0,0,0,1.0,1.0,0.17,0.05,0.0,1.0,1.0,1,122742.0
22,9,288,283,1,0.0,0.0,1.0,0.0,0.0,0.0,0.0,0,35464.0
41,9,147,105,0,0.0,0.0,1.0,0.0,0.0,0.0,0.0,0,25066.0
22,9,171,1074,1,0.0,0.0,1.0,0.0,0.0,0.0,0.0,0,65320.0
11,9,42,129,0,0.0,0.0,1.0,0.0,0.0,0.0,0.0,0,9331.0
57,5,0,0,0,1.0,1.0,0.21,0.06,0.0,1.0,1.0,1,64793.0
22,5,0,0,0,1.0,1.0,0.25,0.05,0.0,1.0,1.0,1,73486.0
19,9,641,0,1,0.0,0.0,1.0,0.0,0.0,0.0,0.01,0,88800.0
22,9,360,259,1,0.0,0.0,1.0,0.0,0.05,0.0,0.0,0,30145.0
19,9,1470,0,0,0.0,0.0,1.0,0.0,0.04,0.01,0.0,0,21798.0
55,5,0,0,0,1.0,1.0,0.06,0.06,0.0,1.0,1.0,1,46812.0
22,9,201,1496,1,0.25,0.27,1.0,0.0,0.02,0.01,0.01,0,30905.0
18,9,341,1069,1,0.0,0.0,1.0,0.0,0.0,0.0,0.0,0,64167.0
22,9,220,434,1,0.0,0.0,1.0,0.0,0.0,0.0,0.0,0,4971.0
22,9,300,358,1,0.0,0.0,1.0,0.0,0.02,0.0,0.0,0,54114.0
8,5,0,0,0,1.0,1.0,0.08,0.06,0.0,1.0,1.0,1,43923.0
54,5,0,0,0,1.0,1.0,0.05,0.06,0.0,1.0,1.0,1,65918.0
22,9,251,1007,1,0.0,0.0,1.0,0.0,0.03,0.0,0.0,0,83248.0
22,9,278,302,1,0.0,0.0,1.0,0.0,0.12,0.0,0.0,0,29266.0
22,9,292,1024,1,0.0,0.0,1.0,0.0,0.02,0.0,0.0,0,48988.0
46,1,0,0,0,0.0,0.0,1.0,0.0,1.0,0.0,0.0,1,42214.0
46,5,0,0,0,1.0,1.0,0.08,0.07,0.0,1.0,1.0,1,86276.0
22,9,205,14313,1,0.0,0.0,1.0,0.0,0.02,0.0,0.0,0,81729.0
19,9,276,0,1,0.0,0.0,1.0,0.0,0.18,0.0,0.0,0,80680.0
11,9,46,139,0,0.0,0.0,1.0,0.0,0.0,0.0,0.0,0,81646.0
22,9,236,475,1,0.0,0.0,1.0,0.0,0.03,0.0,0.0,0,124337.0
22,9,235,1248,1,0.0,0.0,1.0,0.0,0.0,0.0,0.0,0,117958.0
22,1,0,0,0,0.0,0.0,1.0,0.0,0.0,0.0,0.0,0,50858.0
22,1,0,0,0,0.0,0.0,1.0,0.0,0.04,0.0,0.0,0,77883.0
26,5,0,0,0,1.0,1.0,0.03,0.06,0.0,1.0,1.0,1,81511.0
22,9,381,7279,1,0.0,0.0,1.0,0.0,0.04,0.0,0.0,0,64438.0
22,9,287,749,1,0.0,0.0,1.0,0.0,0.02,0.0,0.0,0,35776.0
11,9,42,127,0,0.0,0.0,1.0,0.01,0.0,0.0,0.0,0,43754.0
51,9,1744,411,1,0.0,0.0,1.0,0.0,0.01,0.03,0.02,0,113730.0
19,9,0,59,0,0.0,0.04,1.0,0.0,0.0,0.0,0.0,1,26146.0
22,9,339,1913,1,0.0,0.0,1.0,0.0,0.06,0.0,0.01,0,98935.0
13,9,18,0,0,0.0,0.0,1.0,0.0,1.0,0.0,0.0,1,53474.0
62,5,0,0,0,1.0,1.0,0.02,0.05,0.0,1.0,1.0,1,53173.0
12,5,0,0,0,1.0,1.0,0.02,0.06,0.0,1.0,1.0,1,26634.0
64,5,0,0,0,1.0,1.0,0.06,0.05,0.0,1.0,1.0,1,15707.0
64,5,0,0,0,1.0,1.0,0.08,0.05,0.0,1.0,1.0,1,113170.0
41,9,145,0,0,0.0,0.0,1.0,0.0,0.0,0.0,0.0,0,107245.0
46,5,0,0,0,1.0,1.0,0.08,0.08,0.0,1.0,1.0,1,107456.0
46,4,0,0,0,0.0,0.0,1.0,0.0,0.0,0.0,0.0,1,27384.0
46,5,0,0,0,1.0,1.0,0.1,0.06,0.0,1.0,1.0,1,114840.0
19,9,30,0,1,0.0,0.0,1.0,0.0,0.24,0.0,0.0,0,31762.0
34,5,0,0,0,1.0,1.0,0.02,0.07,0.0,1.0,1.0,1,35181.0
46,1,0,0,0,0.0,0.0,0.03,0.08,0.0,0.0,0.0,1,30510.0
46,1,0,0,0,0.0,0.0,0.05,0.07,0.0,0.0,0.0,1,105412.0
22,1,0,0,0,0.0,0.0,1.0,0.0,0.25,0.0,0.0,0,115348.0
4,1,0,0,0,0.0,0.0,0.08,0.06,0.0,0.0,0.0,1,7045.0
22,9,212,1538,1,0.0,0.0,1.0,0.0,0.05,0.01,0.01,0,28648.0
19,9,768,0,1,0.0,0.0,1.0,0.0,0.0,0.0,0.01,0,3646.0
38,5,0,0,0,1.0,1.0,0.04,0.07,0.0,1.0,1.0,1,83775.0
22,9,224,1049,1,0.0,0.0,1.0,0.0,0.01,0.0,0.0,0,108784.0
16,5,0,0,0,1.0,1.0,0.13,0.05,0.0,1.0,1.0,1,120174.0
46,1,0,0,0,0.05,0.0,0.0,1.0,0.0,0.08,0.0,1,71326.0
22,9,297,1768,1,0.0,0.0,1.0,0.0,0.0,0.0,0.0,0,38515.0
46,1,0,0,0,0.0,0.0,0.07,0.06,0.0,0.0,0.0,1,16948.0
11,9,44,67,0,0.0,0.0,1.0,0.0,0.0,0.0,0.0,0,75492.0
11,9,42,42,0,0.0,0.0,1.0,0.0,0.0,0.0,0.0,0,70421.0
61,2,0,0,0,0.0,0.0,0.03,0.07,0.0,0.0,0.0,1,76958.0
51,9,1268,333,1,0.0,0.0,1.0,0.0,0.01,0.0,0.0,0,82308.0
13,9,8,0,0,0.0,0.0,1.0,0.0,0.52,0.0,0.0,1,17547.0
11,9,45,131,0,0.0,0.0,1.0,0.0,0.0,0.0,0.0,0,20164.0
19,9,3002,0,1,0.0,0.0,1.0,0.0,0.02,0.0,0.0,0,73876.0
22,9,326,1511,1,0.0,0.0,1.0,0.0,0.01,0.0,0.0,0,1651.0
62,5,0,0,0,1.0,1.0,0.07,0.06,0.0,1.0,1.0,1,42309.0
19,9,259,0,0,0.0,0.0,1.0,0.0,0.0,0.0,0.0,0,81377.0
22,9,330,1935,1,0.0,0.0,1.0,0.0,0.02,0.0,0.0,0,99504.0
11,9,45,73,0,0.0,0.0,1.0,0.0,0.0,0.0,0.0,0,124579.0
22,9,0,0,1,0.0,0.0,1.0,0.0,1.0,0.0,0.0,1,41683.0
51,9,870,332,1,0.0,0.0,1.0,0.0,0.02,0.0,0.0,0,100375.0
41,1,0,0,0,0.19,0.0,0.0,1.0,0.0,0.19,0.0,1,58268.0
57,5,0,0,0,1.0,1.0,0.11,0.21,0.0,1.0,1.0,1,76910.0
22,9,258,11394,1,0.0,0.0,1.0,0.0,0.05,0.0,0.0,0,26846.0
41,1,0,0,0,0.07,0.0,0.0,1.0,0.0,0.06,0.0,1,48637.0
46,1,0,0,0,0.0,0.0,0.5,1.0,0.0,0.16,0.0,1,40537.0
46,1,0,0,0,0.0,0.0,0.15,0.07,0.0,0.0,0.0,1,83812.0
22,9,284,255,1,0.0,0.0,1.0,0.0,0.0,0.0,0.0,0,77092.0
22,9,236,1695,1,0.0,0.0,1.0,0.0,0.0,0.0,0.0,0,86671.0
14,9,1032,0,0,0.0,0.0,1.0,0.0,0.0,0.0,0.0,0,119805.0
19,9,95,0,1,0.0,0.0,1.0,0.0,0.02,0.0,0.0,0,100369.0
19,9,88382,0,0,0.0,0.0,1.0,0.0,0.0,0.01,0.0,0,94924.0
14,9,520,0,0,0.0,0.0,1.0,0.0,0.0,0.0,0.0,0,41784.0
17,2,0,0,0,0.0,0.0,0.08,0.07,0.0,0.0,0.0,1,61131.0
22,9,239,976,1,0.0,0.0,1.0,0.0,0.0,0.0,0.0,0,118074.0
19,9,9,0,1,0.0,0.0,1.0,0.0,0.02,0.0,0.0,0,104471.0
46,9,28,0,0,0.0,0.0,1.0,0.0,0.0,0.0,0.0,1,53908.0
19,9,14189,0,1,0.0,0.0,1.0,0.0,0.02,0.0,0.0,0,5504.0
12,5,0,0,0,1.0,1.0,0.07,0.05,0.0,1.0,1.0,1,96937.0
22,9,321,13599,1,0.0,0.0,1.0,0.0,0.0,0.0,0.0,0,59225.0
13,9,8,0,0,0.0,0.0,1.0,0.0,0.5,0.0,0.0,1,12339.0
22,9,295,993,1,0.03,0.03,1.0,0.0,0.0,0.0,0.0,0,14057.0
22,9,251,1436,1,0.0,0.0,1.0,0.0,0.01,0.0,0.0,0,112746.0
22,9,220,1162,1,0.0,0.0,1.0,0.0,0.0,0.0,0.0,0,63783.0
18,9,909,2720,1,0.0,0.0,1.0,0.0,0.0,0.0,0.0,0,80043.0
3,5,0,0,0,1.0,1.0,0.01,0.07,0.0,1.0,1.0,1,122240.0
19,5,0,0,0,1.0,1.0,0.12,0.06,0.0,1.0,1.0,1,88121.0
11,9,111,32,0,0.0,0.0,1.0,0.0,0.0,0.0,0.0,0,43939.0
22,9,268,4977,1,0.0,0.0,1.0,0.0,0.0,0.0,0.0,0,84003.0
22,9,223,10203,1,0.0,0.0,1.0,0.0,0.04,0.0,0.0,0,114909.0
22,9,0,8549,0,0.14,0.14,1.0,0.0,0.01,0.0,0.0,0,52829.0
41,4,1,0,0,0.0,0.0,1.0,0.0,0.0,0.0,0.0,1,116719.0
22,9,240,560,1,0.0,0.0,1.0,0.0,0.02,0.0,0.0,0,57590.0
51,9,13814,1398,1,0.0,0.0,1.0,0.0,0.01,0.0,0.0,0,39290.0
22,9,222,338,1,0.0,0.0,1.0,0.0,0.09,0.0,0.02,0,51329.0
14,9,1032,0,0,0.0,0.0,1.0,0.0,0.0,0.0,0.0,0,13514.0
46,9,28,0,0,0.0,0.0,1.0,0.0,0.0,0.0,0.0,1,80695.0
46,9,105,147,0,0.0,0.0,1.0,0.0,0.0,0.0,0.0,0,8933.0
11,9,46,139,0,0.0,0.0,1.0,0.0,0.0,0.0,0.0,0,67478.0
55,1,0,0,0,0.0,0.0,0.01,0.06,0.0,0.0,0.0,1,12909.0
46,5,0,0,0,1.0,1.0,0.67,0.25,0.0,1.0,1.0,1,63949.0
41,9,1,0,0,0.0,0.0,0.08,0.54,0.0,0.0,0.0,1,11695.0
18,5,0,0,0,1.0,1.0,0.02,0.06,0.0,1.0,1.0,1,40008.0
46,5,0,0,0,1.0,1.0,0.17,0.06,0.0,1.0,1.0,1,79652.0
17,9,9,223,0,0.0,0.0,0.5,1.0,0.18,0.0,0.0,0,23306.0
22,9,275,303,1,0.0,0.0,1.0,0.0,0.0,0.0,0.0,0,93678.0
31,5,0,0,0,1.0,1.0,0.01,0.06,0.0,1.0,1.0,1,79068.0
46,5,0,0,0,1.0,1.0,0.01,0.07,0.0,1.0,1.0,1,346.0
41,9,516,4,0,0.0,0.0,1.0,0.0,0.0,0.0,0.0,0,121974.0
22,9,300,308,1,0.0,0.0,1.0,0.0,0.0,0.0,0.0,0,114981.0
13,9,8,0,0,0.0,0.0,1.0,0.0,0.5,0.0,0.0,1,80875.0
22,9,328,6469,1,0.0,0.0,1.0,0.0,0.05,0.0,0.0,0,32031.0
19,5,0,0,0,1.0,1.0,0.08,0.05,0.0,1.0,1.0,1,7761.0
55,5,0,0,0,1.0,1.0,0.06,0.07,0.0,1.0,1.0,1,10040.0
22,9,333,2408,1,0.0,0.0,1.0,0.0,0.02,0.0,0.0,0,84899.0
22,9,209,2107,1,0.0,0.0,1.0,0.0,0.02,0.0,0.0,0,120053.0
51,9,2029,324,1,0.0,0.0,1.0,0.0,0.0,0.0,0.0,0,86365.0
41,1,0,0,0,0.16,0.0,0.0,1.0,0.0,0.05,0.0,1,4315.0
10,5,0,0,0,1.0,1.0,0.07,0.05,0.0,1.0,1.0,1,125908.0
22,9,237,3355,1,0.0,0.0,1.0,0.0,0.0,0.0,0.0,0,10991.0
22,9,284,327,1,0.0,0.0,1.0,0.0,0.0,0.0,0.0,0,36662.0
41,9,147,105,0,0.0,0.0,0.5,0.5,0.0,0.0,0.0,0,2436.0
7,1,0,0,0,0.0,0.0,0.03,0.06,0.0,0.0,0.0,1,94750.0
46,5,0,0,0,1.0,1.0,0.02,0.07,0.0,1.0,1.0,1,26910.0
46,9,28,0,0,0.0,0.0,1.0,0.0,0.0,0.0,0.0,1,64078.0
47,9,91,0,0,0.0,0.0,1.0,0.0,0.0,0.0,0.0,0,91299.0
24,5,0,0,0,0.99,1.0,0.18,0.07,0.0,1.0,1.0,1,118040.0
41,9,145,105,0,0.0,0.0,1.0,0.0,0.0,0.0,0.0,0,79139.0
11,9,44,69,0,0.0,0.0,1.0,0.0,0.0,0.0,0.0,0,106093.0
62,5,0,0,0,1.0,1.0,0.03,0.07,0.0,1.0,1.0,1,90162.0
13,9,8,0,0,0.0,0.0,1.0,0.0,0.51,0.0,0.0,1,121970.0
22,9,235,7522,1,0.0,0.0,1.0,0.0,0.05,0.0,0.0,0,45746.0
22,9,268,5032,1,0.0,0.0,1.0,0.0,0.0,0.0,0.0,0,103491.0
17,5,0,0,0,1.0,1.0,0.17,0.05,0.0,1.0,1.0,1,37124.0
19,9,567,0,1,0.0,0.0,1.0,0.0,0.04,0.03,0.02,0,11252.0
22,1,0,0,0,0.0,0.0,0.0,0.0,0.0,0.0,0.0,1,73119.0
7,1,0,0,0,0.0,0.0,0.0,0.07,0.0,0.0,0.0,1,113331.0
46,9,1,0,0,0.0,0.0,0.38,0.12,0.0,0.03,0.0,1,39180.0
22,9,210,273,1,0.0,0.0,1.0,0.0,0.05,0.0,0.0,0,76275.0
22,9,331,2526,1,0.0,0.0,1.0,0.0,0.0,0.0,0.0,0,54922.0
19,9,334,0,1,0.0,0.0,1.0,0.0,0.18,0.0,0.0,0,100913.0
22,9,231,304,1,0.0,0.0,1.0,0.0,0.0,0.0,0.0,0,113281.0
22,9,296,3007,1,0.0,0.0,1.0,0.0,0.03,0.0,0.0,0,33417.0
46,5,0,0,0,1.0,1.0,0.02,0.06,0.0,1.0,1.0,1,26740.0
22,9,282,11940,1,0.5,0.33,1.0,0.0,0.03,0.25,0.0,0,66405.0
46,9,105,146,0,0.0,0.0,1.0,0.0,0.0,0.0,0.0,0,49821.0
22,9,253,552,1,0.2,0.2,1.0,0.0,0.0,0.0,0.0,0,18925.0
22,9,332,15353,1,0.0,0.07,1.0,0.0,0.0,0.0,0.0,0,107187.0
17,9,10,147,0,0.0,0.0,0.5,1.0,0.0,0.87,0.0,0,49430.0
18,9,1287,2453,1,0.0,0.0,1.0,0.0,0.0,0.0,0.0,0,105358.0
46,5,0,0,0,1.0,1.0,0.06,0.06,0.0,1.0,1.0,1,125411.0
14,9,1032,0,0,0.0,0.0,1.0,0.0,0.0,0.0,0.0,0,51475.0
19,5,0,0,0,1.0,1.0,0.13,0.09,0.0,1.0,1.0,1,69498.0
22,9,175,10981,1,0.0,0.0,1.0,0.0,0.0,0.0,0.0,0,120063.0
46,1,0,0,0,0.0,0.0,0.07,0.07,0.0,0.0,0.0,1,45084.0
22,9,243,4975,1,0.0,0.0,1.0,0.0,0.03,0.0,0.0,0,45431.0
22,9,310,662,1,0.0,0.0,1.0,0.0,0.0,0.0,0.0,0,118156.0
34,5,0,0,0,1.0,1.0,0.1,0.05,0.0,1.0,1.0,1,113674.0
22,9,225,927,1,0.0,0.0,1.0,0.0,0.08,0.0,0.0,0,77754.0
17,9,9,223,0,0.0,0.0,1.0,0.0,0.15,0.0,0.0,0,72068.0
18,5,0,0,0,1.0,1.0,0.11,0.06,0.0,1.0,1.0,1,6914.0
35,1,0,0,0,0.0,0.0,0.03,0.06,0.0,0.0,0.0,1,117046.0
19,9,59,0,1,0.0,0.0,1.0,0.0,0.02,0.0,0.0,0,43287.0
46,5,0,0,0,1.0,1.0,0.07,0.06,0.0,1.0,1.0,1,109681.0
22,9,180,32961,1,0.0,0.0,1.0,0.0,0.0,0.0,0.0,0,34051.0
11,9,44,120,0,0.0,0.0,1.0,0.0,0.0,0.0,0.0,0,63423.0
22,9,223,256,1,0.0,0.0,1.0,0.0,0.0,0.0,0.0,0,94981.0
41,4,1,0,0,0.0,0.0,1.0,0.0,0.0,0.0,0.0,1,84682.0
51,9,547,327,1,0.0,0.0,1.0,0.0,0.01,0.0,0.0,0,109014.0
11,9,44,44,0,0.0,0.0,1.0,0.0,0.0,0.0,0.0,0,49013.0
22,9,219,12648,1,0.0,0.0,1.0,0.0,0.04,0.0,0.0,0,111054.0
27,5,0,0,0,1.0,1.0,0.07,0.06,0.0,1.0,1.0,1,21599.0
22,9,313,29623,1,0.0,0.0,1.0,0.0,0.06,0.0,0.0,0,8087.0
46,5,0,0,0,1.0,1.0,0.04,0.06,0.0,1.0,1.0,1,58383.0
46,5,0,0,0,1.0,1.0,0.01,0.06,0.0,1.0,1.0,1,57721.0
46,9,28,0,0,0.0,0.0,1.0,0.0,0.0,0.01,0.0,1,107908.0
46,1,0,0,0,0.0,0.0,0.5,1.0,0.0,0.23,0.0,1,17332.0
46,5,0,0,0,0.03,1.0,0.0,1.0,0.0,0.04,1.0,1,15545.0
46,5,0,0,0,1.0,1.0,0.26,0.06,0.0,1.0,1.0,1,116918.0
11,9,34,0,0,0.0,0.0,1.0,0.0,0.0,0.0,0.0,0,77445.0
46,4,0,0,0,0.0,0.0,0.04,0.54,0.0,0.01,0.0,1,63767.0
22,9,235,4768,1,0.0,0.0,1.0,0.0,0.0,0.0,0.0,0,59950.0
22,9,245,369,1,0.0,0.0,1.0,0.0,0.0,0.0,0.0,0,96202.0
18,9,1469,4152,1,0.0,0.0,1.0,0.0,0.0,0.0,0.0,0,111737.0
51,9,2192,332,1,0.0,0.0,1.0,0.0,0.0,0.0,0.0,0,108148.0
24,5,0,0,0,1.0,1.0,0.08,0.05,0.0,1.0,1.0,1,97710.0
22,9,182,5814,1,0.0,0.0,1.0,0.0,0.0,0.0,0.0,0,81502.0
22,9,284,1415,1,0.0,0.0,1.0,0.0,0.0,0.0,0.0,0,36026.0
22,1,0,0,0,0.0,0.0,1.0,0.0,0.33,0.0,0.0,0,120159.0
22,9,300,1370,1,0.0,0.0,1.0,0.0,0.03,0.0,0.0,0,105881.0
41,1,0,0,0,0.1,0.0,0.0,1.0,0.0,0.09,0.0,1,67539.0
22,9,309,3222,1,0.0,0.0,1.0,0.0,0.0,0.0,0.0,0,101047.0
46,9,1,0,0,0.0,0.0,0.49,0.08,0.0,0.0,0.0,1,85457.0
24,5,0,0,0,1.0,1.0,0.03,0.06,0.0,1.0,1.0,1,42952.0
46,5,0,0,0,1.0,1.0,0.04,0.06,0.0,1.0,1.0,1,53753.0
22,9,221,2280,1,0.0,0.0,1.0,0.0,0.04,0.0,0.0,0,24914.0
22,9,325,1160,1,0.14,0.13,1.0,0.0,0.07,0.02,0.02,0,118381.0
46,4,0,0,0,0.0,0.0,1.0,0.0,0.0,0.0,0.0,1,114566.0
11,9,46,46,0,0.0,0.0,1.0,0.0,0.0,0.0,0.0,0,20039.0
22,9,222,916,1,0.0,0.0,1.0,0.0,0.0,0.0,0.0,0,82321.0
22,1,0,0,0,0.0,0.0,1.0,0.0,0.09,0.0,0.0,0,114031.0
2,5,0,0,0,1.0,1.0,0.1,0.05,0.0,1.0,1.0,1,21603.0
29,5,0,0,0,1.0,1.0,0.14,0.14,0.0,1.0,1.0,1,125368.0
22,9,218,307,1,0.0,0.0,1.0,0.0,0.0,0.0,0.0,0,54553.0
46,5,0,0,0,1.0,1.0,0.04,0.06,0.0,1.0,1.0,1,102717.0
51,9,1941,338,1,0.0,0.0,1.0,0.0,0.01,0.0,0.0,0,54641.0
41,9,516,4,0,0.0,0.0,1.0,0.0,0.0,0.0,0.0,0,69165.0
51,9,1110,362,1,0.0,0.0,1.0,0.0,0.01,0.0,0.0,0,45444.0
22,9,235,473,1,0.0,0.0,1.0,0.0,0.02,0.0,0.0,0,29580.0
60,9,181,0,0,0.0,0.0,0.5,1.0,0.0,0.0,0.0,0,71694.0
33,5,0,0,0,1.0,1.0,0.03,0.06,0.0,1.0,1.0,1,90153.0
46,5,0,0,0,1.0,1.0,0.02,0.07,0.0,1.0,1.0,1,92850.0
22,9,277,215,1,0.0,0.0,1.0,0.0,0.01,0.0,0.0,0,66436.0
11,9,42,135,0,0.0,0.0,1.0,0.0,0.0,0.0,0.0,0,122567.0
11,9,44,90,0,0.0,0.0,1.0,0.0,0.0,0.0,0.0,0,85193.0
22,9,287,5537,1,0.0,0.0,1.0,0.0,0.0,0.0,0.0,0,39445.0
46,5,0,0,0,1.0,1.0,0.07,0.04,0.0,0.94,1.0,1,26935.0
22,9,303,458,1,0.0,0.0,1.0,0.0,0.06,0.0,0.0,0,837.0
22,5,0,0,0,1.0,1.0,0.41,0.24,0.0,1.0,1.0,1,78918.0
46,1,0,0,0,0.0,0.0,1.0,0.0,1.0,0.0,0.0,1,94455.0
34,5,0,0,0,1.0,1.0,0.03,0.06,0.0,1.0,1.0,1,122877.0
51,9,739,386,1,0.0,0.0,1.0,0.0,0.01,0.01,0.0,0,52101.0
13,9,8,0,0,0.0,0.0,1.0,0.0,0.5,0.0,0.0,1,2901.0
22,9,211,1433,1,0.0,0.0,1.0,0.0,0.1,0.0,0.0,0,112476.0
22,9,219,671,1,0.0,0.0,1.0,0.0,0.0,0.0,0.0,0,42718.0
46,5,0,0,0,1.0,1.0,0.03,0.06,0.0,1.0,1.0,1,88963.0
22,9,207,708,1,0.0,0.0,1.0,0.0,0.04,0.0,0.0,0,6558.0
22,9,209,3073,1,0.0,0.0,1.0,0.0,0.04,0.0,0.0,0,49513.0
41,1,0,0,0,0.16,0.0,0.0,1.0,0.0,0.07,0.0,1,112312.0
22,9,246,728,1,0.0,0.0,1.0,0.0,0.02,0.0,0.0,0,3837.0
22,9,239,2052,1,0.0,0.0,1.0,0.0,0.01,0.0,0.0,0,49924.0
22,9,228,1610,1,0.0,0.0,1.0,0.0,0.0,0.0,0.0,0,47281.0
22,9,311,7656,1,0.0,0.0,1.0,0.0,0.07,0.0,0.0,0,48443.0
46,9,1,0,0,0.0,0.0,0.88,0.02,0.0,0.0,0.0,1,103753.0
22,9,226,41971,1,0.0,0.0,1.0,0.0,0.01,0.01,0.0,0,86393.0
46,5,0,0,0,1.0,1.0,0.07,0.06,0.0,1.0,1.0,1,43708.0
11,9,42,42,0,0.0,0.0,1.0,0.0,0.0,0.0,0.0,0,107303.0
19,5,0,0,0,1.0,1.0,0.1,0.06,0.0,1.0,1.0,1,30056.0
19,9,383,0,0,0.0,0.0,1.0,0.0,0.0,0.0,0.0,0,66327.0
46,5,0,0,0,1.0,1.0,0.02,0.06,0.0,1.0,1.0,1,19473.0
51,2,12737,2444,1,0.0,0.0,1.0,0.0,0.02,0.0,0.0,0,103630.0
22,9,227,1016,1,0.0,0.0,1.0,0.0,0.0,0.0,0.0,0,114692.0
14,9,520,0,0,0.0,0.0,1.0,0.0,0.0,0.0,0.0,0,75723.0
41,9,145,105,0,0.0,0.0,0.67,0.67,0.0,0.0,0.0,0,20381.0
28,5,0,0,0,1.0,1.0,0.17,0.06,0.0,1.0,1.0,1,57951.0
46,5,0,0,0,1.0,1.0,0.14,0.06,0.0,1.0,1.0,1,60329.0
22,1,0,0,0,0.0,0.0,1.0,0.0,0.02,0.03,0.01,0,116835.0
57,5,0,0,0,1.0,1.0,0.02,0.06,0.0,1.0,1.0,1,3153.0
51,9,1247,373,1,0.0,0.0,1.0,0.0,0.02,0.0,0.0,0,101658.0
22,9,232,3226,1,0.0,0.0,1.0,0.0,0.01,0.0,0.0,0,21554.0
51,9,599,328,1,0.0,0.0,1.0,0.0,0.0,0.0,0.0,0,121065.0
51,9,678,333,1,0.0,0.0,1.0,0.0,0.02,0.0,0.0,0,11036.0
22,9,205,1108,1,0.0,0.0,1.0,0.0,0.02,0.01,0.0,0,21775.0
51,9,523,331,1,0.0,0.0,1.0,0.0,0.0,0.0,0.0,0,54678.0
22,1,0,0,0,0.0,0.0,1.0,0.0,0.21,0.0,0.0,0,94820.0
22,9,210,456,1,0.0,0.0,1.0,0.0,0.0,0.0,0.0,0,104389.0
22,1,0,0,0,0.0,0.0,1.0,0.0,0.19,0.0,0.01,0,67774.0
41,9,145,105,0,0.0,0.0,1.0,0.0,0.0,0.0,0.0,0,51910.0
46,5,0,0,0,1.0,1.0,0.12,0.06,0.0,1.0,1.0,1,29770.0
22,9,404,8846,1,0.0,0.0,1.0,0.0,0.24,0.0,0.0,0,89010.0
51,9,957,364,1,0.0,0.0,1.0,0.0,0.03,0.0,0.0,0,102047.0
22,9,211,566,1,0.0,0.0,1.0,0.0,0.04,0.0,0.0,0,124210.0
22,9,171,1094,1,0.0,0.0,1.0,0.0,0.04,0.0,0.0,0,113328.0
46,5,0,0,0,1.0,1.0,0.3,0.07,0.0,1.0,1.0,1,91489.0
51,9,8845,332,1,0.0,0.0,1.0,0.0,0.01,0.0,0.0,0,7687.0
22,9,235,1480,1,0.0,0.0,1.0,0.0,0.02,0.0,0.0,0,97658.0
51,9,677,334,1,0.0,0.0,1.0,0.0,0.01,0.0,0.0,0,41477.0
22,9,196,1227,1,0.0,0.0,1.0,0.0,0.0,0.0,0.0,0,82263.0
46,5,0,0,0,1.0,1.0,0.1,0.05,0.0,1.0,1.0,1,18020.0
13,9,30,0,0,0.0,0.0,1.0,0.0,0.0,0.0,0.0,0,37175.0
46,9,105,147,0,0.0,0.0,1.0,0.0,0.0,0.0,0.0,0,52261.0
22,9,253,5895,1,0.0,0.0,1.0,0.0,0.01,0.0,0.0,0,43501.0
22,9,218,323,1,0.0,0.0,1.0,0.0,0.04,0.0,0.0,0,81655.0
24,5,0,0,0,1.0,1.0,0.13,0.06,0.0,1.0,1.0,1,88514.0
46,5,0,0,0,1.0,1.0,0.09,0.07,0.0,1.0,1.0,1,17633.0
22,9,160,21611,1,0.0,0.0,1.0,0.0,0.03,0.0,0.0,0,39911.0
15,5,0,0,0,1.0,1.0,0.75,0.5,0.0,1.0,1.0,1,77386.0
41,9,147,0,0,0.0,0.0,0.2,0.6,0.0,0.0,0.0,0,30053.0
46,5,0,0,0,1.0,1.0,0.06,0.06,0.0,1.0,1.0,1,34815.0
22,9,231,4848,1,0.0,0.0,1.0,0.0,0.05,0.0,0.0,0,7626.0
22,9,305,2239,1,0.0,0.0,1.0,0.0,0.0,0.02,0.0,0,102776.0
22,9,215,921,1,0.0,0.0,1.0,0.0,0.0,0.0,0.0,0,99984.0
19,9,172,0,0,0.0,0.0,1.0,0.0,0.02,0.0,0.0,0,98337.0
22,9,229,2239,1,0.0,0.0,1.0,0.0,0.0,0.0,0.0,0,61671.0
53,5,0,0,0,1.0,1.0,0.08,0.06,0.0,1.0,1.0,1,7308.0
14,9,520,0,0,0.0,0.0,1.0,0.0,0.0,0.0,0.0,0,2583.0
46,5,0,0,0,1.0,1.0,0.01,0.07,0.0,1.0,1.0,1,83897.0
51,9,2996,386,1,0.0,0.0,1.0,0.0,0.0,0.6,0.63,0,33109.0
22,1,0,0,0,0.0,0.0,1.0,0.0,0.06,0.0,0.0,0,69675.0
11,9,35,0,0,0.0,0.0,1.0,0.0,0.0,0.0,0.0,0,32619.0
46,1,0,0,0,0.0,0.0,0.06,0.07,0.0,0.0,0.0,1,57795.0
57,9,103,1448,0,0.0,0.0,1.0,0.0,0.0,0.0,0.0,0,6348.0
18,9,1060,2284,1,0.0,0.0,1.0,0.0,0.0,0.13,0.0,0,89710.0
2,1,0,0,0,0.0,0.0,0.06,0.06,0.0,0.0,0.0,1,113059.0
41,9,145,105,0,0.0,0.0,1.0,0.0,0.0,0.0,0.0,0,71023.0
22,9,257,8888,1,0.0,0.0,1.0,0.0,0.05,0.0,0.0,0,79137.0
11,9,44,44,0,0.0,0.0,1.0,0.0,0.0,0.0,0.0,0,83699.0
22,9,266,21580,1,0.33,0.14,1.0,0.0,0.02,0.07,0.0,0,38265.0
22,9,352,755,1,0.0,0.0,1.0,0.0,0.04,0.0,0.0,0,121848.0
22,9,237,607,1,0.0,0.0,1.0,0.0,0.0,0.0,0.0,0,83311.0
46,5,0,0,0,1.0,1.0,0.09,0.06,0.0,1.0,1.0,1,74739.0
41,4,1,0,0,0.0,0.0,1.0,0.0,0.0,0.0,0.0,1,73064.0
51,9,1283,335,1,0.0,0.0,1.0,0.0,0.02,0.0,0.0,0,26833.0
46,1,0,0,0,0.0,0.0,1.0,0.0,1.0,0.0,0.0,1,38370.0
22,9,221,942,1,0.0,0.0,1.0,0.0,0.0,0.0,0.0,0,73209.0
11,9,46,149,0,0.0,0.0,0.99,0.01,0.0,0.0,0.0,0,74566.0
22,9,333,8019,1,0.33,0.12,1.0,0.0,0.03,0.33,0.01,0,88577.0
22,9,164,15174,1,0.0,0.0,1.0,0.0,0.0,0.0,0.0,0,105946.0
57,9,101,2269,1,0.0,0.0,1.0,0.0,0.67,0.0,0.0,0,119529.0
22,9,318,1446,1,0.0,0.0,1.0,0.0,0.01,0.0,0.01,0,113987.0
46,9,1,0,0,0.0,0.0,0.17,0.5,0.0,0.03,0.0,1,53354.0
51,5,0,0,0,1.0,1.0,0.04,0.07,0.0,1.0,1.0,1,106913.0
22,9,285,8955,1,0.0,0.0,1.0,0.0,0.01,0.0,0.0,0,4853.0
22,9,221,965,1,0.0,0.0,1.0,0.0,0.02,0.0,0.0,0,82844.0
30,5,0,0,0,1.0,1.0,0.07,0.06,0.0,1.0,1.0,1,69711.0
27,5,0,0,0,1.0,1.0,0.81,0.07,0.0,1.0,1.0,1,23795.0
22,9,309,398,1,0.0,0.0,1.0,0.0,0.0,0.0,0.0,0,122422.0
7,5,0,0,0,1.0,1.0,0.01,0.07,0.0,1.0,1.0,1,124176.0
46,4,1,0,0,0.0,0.0,1.0,0.0,0.0,0.0,0.0,1,20028.0
46,1,0,0,0,0.0,0.0,1.0,0.0,1.0,0.0,0.0,1,97936.0
14,9,1480,0,0,0.0,0.0,1.0,0.0,0.14,0.0,0.0,0,63550.0
22,9,236,3222,1,0.0,0.0,1.0,0.0,0.0,0.0,0.0,0,6012.0
22,9,358,256,1,0.0,0.0,1.0,0.0,0.03,0.0,0.0,0,59359.0
11,9,42,42,0,0.0,0.0,1.0,0.0,0.0,0.0,0.0,0,96954.0
17,5,0,0,0,1.0,1.0,0.28,0.1,0.0,1.0,1.0,1,56524.0
38,5,0,0,0,1.0,1.0,0.18,0.07,0.0,1.0,1.0,1,64584.0
13,9,18,0,0,0.0,0.0,1.0,0.0,0.25,0.0,0.0,1,44399.0
3,5,0,0,0,1.0,1.0,0.05,0.05,0.0,1.0,1.0,1,63664.0
22,1,0,0,0,0.0,0.0,0.04,0.07,0.0,0.0,0.0,1,25299.0
22,5,0,0,0,1.0,1.0,0.38,0.09,0.0,1.0,1.0,1,64650.0
57,5,0,0,0,1.0,1.0,1.0,0.0,0.0,0.96,0.94,1,3441.0
4,5,0,0,0,1.0,1.0,0.04,0.07,0.0,1.0,1.0,1,2554.0
22,9,211,305,1,0.0,0.0,1.0,0.0,0.0,0.0,0.0,0,125031.0
22,5,0,0,0,0.5,0.25,1.0,0.0,0.01,0.01,0.0,0,30880.0
46,5,0,0,0,1.0,1.0,0.08,0.09,0.0,1.0,1.0,1,23490.0
21,5,0,0,0,1.0,1.0,0.01,0.08,0.0,1.0,1.0,1,81041.0
22,9,323,2390,1,0.0,0.0,1.0,0.0,0.07,0.0,0.0,0,36627.0
22,9,288,12040,1,0.0,0.0,1.0,0.0,0.04,0.0,0.0,0,21225.0
18,9,883,2713,1,0.0,0.0,1.0,0.0,0.0,0.0,0.0,0,82494.0
22,9,233,1679,1,0.0,0.0,1.0,0.0,0.05,0.0,0.0,0,103410.0
11,9,45,111,0,0.0,0.0,1.0,0.0,0.0,0.0,0.0,0,74402.0
22,9,319,176,1,0.05,0.02,1.0,0.0,0.02,0.01,0.01,0,14516.0
3,5,0,0,0,1.0,1.0,0.04,0.06,0.0,1.0,1.0,1,11171.0
22,1,0,0,0,0.0,0.0,1.0,0.0,0.19,0.0,0.0,0,106762.0
11,9,41,70,0,0.0,0.0,1.0,0.0,0.0,0.0,0.0,0,8515.0
22,9,263,5963,1,0.0,0.0,1.0,0.0,0.0,0.0,0.0,0,107537.0
22,9,236,1367,1,0.0,0.0,1.0,0.0,0.03,0.0,0.0,0,26221.0
19,9,879,0,1,0.0,0.0,1.0,0.0,0.03,0.0,0.01,0,81624.0
38,5,0,0,0,1.0,1.0,0.03,0.06,0.0,1.0,1.0,1,18602.0
19,9,212,0,0,0.0,0.0,1.0,0.0,0.0,0.0,0.0,0,105443.0
46,1,0,0,0,0.01,0.0,0.0,1.0,0.0,0.01,0.0,1,104818.0
11,9,45,45,0,0.0,0.0,1.0,0.0,0.0,0.0,0.0,0,19020.0
22,9,336,2710,1,0.0,0.0,1.0,0.0,0.03,0.0,0.0,0,23098.0
22,9,286,1410,1,0.0,0.0,1.0,0.0,0.01,0.0,0.0,0,61732.0
46,4,0,0,0,0.0,0.0,0.33,0.5,0.0,0.01,0.0,1,64527.0
46,1,0,0,0,0.0,0.0,1.0,0.0,1.0,0.0,0.0,1,5960.0
11,9,44,69,0,0.0,0.0,1.0,0.0,0.0,0.0,0.0,0,102967.0
19,9,334,0,1,0.0,0.0,1.0,0.0,0.11,0.0,0.0,0,5021.0
46,1,0,0,0,0.0,0.0,0.5,1.0,0.0,0.19,0.0,1,53528.0
57,9,104,959,0,0.0,0.0,1.0,0.0,1.0,0.0,0.0,0,52294.0
11,9,44,115,0,0.0,0.0,1.0,0.0,0.0,0.0,0.0,0,106969.0
46,5,0,0,0,1.0,1.0,0.16,0.08,0.0,1.0,1.0,1,35398.0
51,9,961,331,1,0.0,0.0,1.0,0.0,0.0,0.0,0.0,0,91172.0
51,9,982,391,1,0.0,0.0,1.0,0.0,0.02,0.0,0.0,0,60295.0
41,9,59,0,1,0.08,0.0,0.08,0.83,0.0,0.01,0.0,0,15104.0
14,9,1032,0,0,0.0,0.0,1.0,0.0,0.0,0.0,0.0,0,20016.0
11,9,112,41,0,0.0,0.0,1.0,0.01,0.0,0.0,0.0,0,13601.0
41,9,146,0,0,0.0,0.0,0.5,1.0,0.0,0.0,0.0,0,58526.0
46,5,0,0,0,1.0,1.0,0.09,0.05,0.0,1.0,1.0,1,34890.0
10,5,0,0,0,1.0,1.0,0.07,0.06,0.0,1.0,1.0,1,42877.0
24,5,0,0,0,1.0,1.0,0.26,0.14,0.0,1.0,1.0,1,12138.0
46,5,0,0,0,1.0,1.0,0.35,0.09,0.0,1.0,1.0,1,102884.0
22,9,217,778,1,0.0,0.0,1.0,0.0,0.02,0.0,0.0,0,99618.0
22,9,231,6106,1,0.0,0.0,1.0,0.0,0.0,0.0,0.0,0,115807.0
22,9,327,9404,1,0.0,0.0,1.0,0.0,0.03,0.0,0.0,0,87436.0
57,5,0,0,0,1.0,1.0,0.2,0.08,0.22,0.96,0.56,1,25758.0
3,5,0,0,0,1.0,1.0,0.01,0.05,0.0,1.0,1.0,1,47069.0
41,9,145,105,0,0.0,0.0,1.0,0.0,0.0,0.0,0.0,0,102795.0
22,9,169,1535,1,0.0,0.0,1.0,0.0,0.03,0.0,0.01,0,84023.0
22,9,219,2127,1,0.0,0.0,1.0,0.0,0.04,0.0,0.0,0,64977.0
48,5,0,0,0,1.0,1.0,0.05,0.06,0.0,1.0,1.0,1,26961.0
46,5,0,0,0,1.0,1.0,0.07,0.06,0.0,1.0,1.0,1,78519.0
22,9,328,337,1,0.0,0.0,1.0,0.0,0.0,0.0,0.0,0,120413.0
22,9,245,8624,1,0.0,0.0,1.0,0.0,0.02,0.0,0.0,0,39909.0
46,5,0,0,0,1.0,1.0,0.0,0.06,0.0,1.0,1.0,1,927.0
22,9,54540,8314,1,0.0,0.0,1.0,0.0,0.0,0.0,0.0,0,66485.0
51,9,911,329,1,0.0,0.0,1.0,0.0,0.02,0.0,0.0,0,119451.0
11,9,43,132,0,0.0,0.0,1.0,0.0,0.0,0.0,0.0,0,12966.0
53,5,0,0,0,1.0,1.0,0.07,0.06,0.0,1.0,1.0,1,92075.0
39,5,0,0,0,1.0,1.0,0.13,0.06,0.0,1.0,1.0,1,113210.0
22,5,0,0,0,0.5,0.33,1.0,0.0,0.03,0.07,0.01,0,99850.0
22,9,219,259,1,0.0,0.0,1.0,0.0,0.01,0.0,0.0,0,79356.0
0,4,2170,7643,1,0.0,0.0,1.0,0.0,0.0,0.01,0.04,0,119075.0
46,4,1,0,0,0.0,0.0,1.0,0.0,0.0,0.0,0.0,1,124343.0
19,5,0,0,0,1.0,1.0,0.07,0.05,0.0,1.0,1.0,1,118749.0
19,5,0,0,0,1.0,1.0,0.08,0.05,0.0,1.0,1.0,1,75036.0
46,1,0,0,0,0.0,0.0,0.06,0.06,0.0,0.0,0.0,1,65472.0
46,5,0,0,0,1.0,1.0,0.01,0.07,0.0,1.0,1.0,1,20808.0
51,9,3334,332,1,0.0,0.0,1.0,0.0,0.01,0.0,0.0,0,13592.0
25,5,0,0,0,1.0,1.0,0.04,0.06,0.0,1.0,1.0,1,26716.0
22,9,239,11592,1,0.0,0.0,1.0,0.0,0.04,0.0,0.0,0,90946.0
41,6,35040,0,1,0.1,1.0,0.05,0.35,0.0,0.02,1.0,0,109175.0
22,9,273,295,1,0.0,0.0,1.0,0.0,0.1,0.0,0.0,0,10316.0
22,9,308,10706,1,0.0,0.0,1.0,0.0,0.05,0.0,0.0,0,17901.0
22,9,338,342,1,0.0,0.0,1.0,0.0,0.02,0.0,0.02,0,95853.0
46,5,0,0,0,1.0,1.0,0.06,0.06,0.0,1.0,1.0,1,37476.0
41,9,146,105,0,0.0,0.0,0.33,0.67,0.0,0.0,0.0,0,34172.0
41,1,0,0,0,0.12,0.0,0.0,1.0,0.0,0.15,0.0,1,41693.0
22,9,287,594,1,0.0,0.0,1.0,0.0,0.04,0.0,0.0,0,112217.0
22,9,214,5498,1,0.0,0.4,1.0,0.0,0.03,0.0,0.0,0,88844.0
14,9,1480,0,0,0.0,0.0,1.0,0.0,0.57,0.0,0.0,0,45632.0
11,9,44,79,0,0.0,0.0,0.99,0.02,0.0,0.0,0.0,0,44744.0
22,9,157,26903,1,0.0,0.0,1.0,0.0,0.0,0.0,0.0,0,93578.0
22,9,272,2316,1,0.0,0.0,1.0,0.0,0.01,0.0,0.0,0,121726.0
22,9,204,3465,1,0.0,0.0,1.0,0.0,0.03,0.0,0.0,0,110079.0
22,9,170,4937,1,0.0,0.0,1.0,0.0,0.01,0.0,0.0,0,29765.0
22,9,312,3222,1,0.0,0.0,1.0,0.0,0.0,0.0,0.0,0,63024.0
14,9,1032,0,0,0.0,0.0,1.0,0.0,0.0,0.0,0.0,0,39685.0
51,9,1564,337,1,0.0,0.0,1.0,0.0,0.01,0.0,0.0,0,74952.0
22,9,239,3675,1,0.0,0.0,1.0,0.0,0.06,0.0,0.0,0,82074.0
13,9,8,0,0,0.0,0.0,1.0,0.0,0.56,0.0,0.0,1,15435.0
16,5,0,0,0,1.0,1.0,0.01,0.07,0.0,1.0,1.0,1,84546.0
64,1,0,0,0,0.0,0.0,0.01,0.07,0.0,0.0,0.0,1,27519.0
51,9,854,397,1,0.0,0.0,1.0,0.0,0.01,0.0,0.0,0,13824.0
22,9,314,266,1,0.0,0.0,1.0,0.0,0.0,0.0,0.0,0,109776.0
22,9,340,322,1,0.0,0.0,1.0,0.0,0.0,0.0,0.0,0,88816.0
25,5,0,0,0,1.0,1.0,0.04,0.06,0.0,1.0,1.0,1,4422.0
14,9,1032,0,0,0.0,0.0,1.0,0.0,0.0,0.02,0.0,0,100352.0
51,6,2101,323,1,1.0,1.0,1.0,0.0,0.02,0.04,0.03,0,14873.0
22,9,207,288,1,0.0,0.0,1.0,0.0,0.03,0.0,0.0,0,96300.0
46,1,0,0,0,0.0,0.0,0.1,0.06,0.0,0.0,0.0,1,76984.0
11,9,45,131,0,0.0,0.0,1.0,0.0,0.0,0.0,0.0,0,2468.0
22,9,215,292,1,0.0,0.0,1.0,0.0,0.02,0.0,0.0,0,14814.0
11,9,45,111,0,0.0,0.0,1.0,0.0,0.0,0.0,0.0,0,99164.0
22,9,289,4080,1,0.0,0.0,1.0,0.0,0.01,0.0,0.0,0,12172.0
22,9,234,1741,1,0.0,0.0,1.0,0.0,0.04,0.0,0.0,0,125543.0
51,9,1543,404,1,0.0,0.0,1.0,0.0,0.01,0.0,0.0,0,72819.0
46,9,105,146,0,0.0,0.0,0.67,0.67,0.0,0.0,0.0,0,50115.0
57,9,889,558164,1,0.0,0.0,1.0,0.0,0.0,0.0,0.0,0,14703.0
46,5,0,0,0,1.0,1.0,0.18,0.12,0.0,1.0,1.0,1,83966.0
22,9,212,2534,1,0.0,0.0,1.0,0.0,0.04,0.0,0.0,0,120469.0
13,9,18,0,0,0.0,0.0,1.0,0.0,0.25,0.0,0.0,1,33938.0
11,9,34,0,0,0.0,0.0,1.0,0.0,0.05,0.0,0.0,0,36402.0
22,9,314,1540,1,0.0,0.0,1.0,0.0,0.04,0.0,0.0,0,109170.0
22,9,203,1667,1,0.0,0.0,1.0,0.0,0.03,0.0,0.0,0,42048.0
14,9,1032,0,0,0.0,0.0,1.0,0.0,0.0,0.0,0.0,0,103052.0
14,9,520,0,0,0.0,0.0,1.0,0.0,0.0,0.0,0.0,0,88652.0
22,9,211,3376,1,0.0,0.0,1.0,0.0,0.02,0.01,0.01,0,12720.0
46,1,0,0,0,0.0,0.0,0.12,0.05,0.0,0.0,0.0,1,93.0
11,9,130,45,0,0.0,0.0,1.0,0.01,0.0,0.0,0.0,0,84942.0
22,9,226,5260,1,0.0,0.0,1.0,0.0,0.0,0.0,0.0,0,125139.0
17,5,0,0,0,1.0,1.0,0.31,0.07,0.0,1.0,1.0,1,73094.0
22,9,200,260,1,0.0,0.0,1.0,0.0,0.01,0.0,0.0,0,117493.0
51,9,1374,477,1,0.0,0.0,1.0,0.0,0.0,0.0,0.0,0,60132.0
52,5,0,0,0,1.0,1.0,0.07,0.07,0.0,1.0,1.0,1,112779.0
22,9,223,2136,1,0.0,0.0,1.0,0.0,0.01,0.0,0.0,0,40084.0
46,9,100,0,0,0.0,0.0,1.0,0.0,0.0,0.0,0.0,0,47294.0
41,9,516,4,0,0.0,0.0,1.0,0.0,0.0,0.0,0.0,0,114237.0
22,9,214,306,1,0.0,0.0,1.0,0.0,0.0,0.0,0.0,0,13322.0
14,9,1032,0,0,0.0,0.0,1.0,0.0,0.0,0.0,0.0,0,37272.0
17,5,0,0,0,1.0,1.0,0.31,0.25,0.0,1.0,1.0,1,86575.0
22,9,292,14949,1,0.0,0.0,1.0,0.0,0.04,0.0,0.0,0,18833.0
51,9,1580,327,1,0.0,0.0,1.0,0.0,0.0,0.0,0.0,0,6162.0
41,1,0,0,0,0.21,0.0,0.0,1.0,0.0,0.24,0.0,1,4026.0
22,9,218,327,1,0.0,0.0,1.0,0.0,0.04,0.0,0.0,0,94123.0
22,1,0,0,0,0.0,0.0,1.0,0.0,0.0,0.0,0.0,0,16755.0
11,9,46,75,0,0.0,0.0,1.0,0.0,0.0,0.0,0.0,0,117589.0
51,9,935,333,1,0.0,0.0,1.0,0.0,0.02,0.0,0.0,0,43157.0
22,9,300,1388,1,0.0,0.0,1.0,0.0,0.02,0.0,0.0,0,121597.0
46,5,0,0,0,1.0,1.0,0.03,0.06,0.0,1.0,1.0,1,104900.0
18,2,0,0,0,0.0,0.0,0.09,0.06,0.0,0.0,0.0,1,82330.0
19,5,0,0,0,1.0,1.0,0.07,0.05,0.0,1.0,1.0,1,78710.0
46,5,0,0,0,1.0,1.0,0.0,0.07,0.0,1.0,1.0,1,64920.0
22,9,194,1912,1,0.0,0.0,1.0,0.0,0.0,0.0,0.0,0,93148.0
12,5,0,0,0,1.0,1.0,0.05,0.06,0.0,1.0,1.0,1,47425.0
11,9,45,73,0,0.0,0.0,1.0,0.0,0.0,0.0,0.0,0,119929.0
22,9,236,1255,1,0.0,0.0,1.0,0.0,0.04,0.0,0.0,0,69099.0
22,9,254,299,1,0.0,0.0,1.0,0.0,0.01,0.0,0.0,0,107694.0
46,5,0,0,0,1.0,1.0,0.08,0.06,0.0,1.0,1.0,1,66439.0
22,9,210,366,1,0.0,0.0,1.0,0.0,0.05,0.0,0.0,0,118711.0
22,9,200,468,1,0.0,0.0,1.0,0.0,0.02,0.0,0.0,0,19889.0
22,1,0,0,0,0.0,0.0,0.06,0.06,0.0,0.0,0.0,1,43111.0
22,9,250,608,1,0.0,0.0,1.0,0.0,0.0,0.0,0.0,0,70734.0
51,9,1326,331,1,0.0,0.0,1.0,0.0,0.02,0.0,0.0,0,95229.0
41,9,147,0,0,0.0,0.0,0.2,0.6,0.0,0.0,0.0,0,118504.0
58,5,0,0,0,1.0,1.0,0.05,0.06,0.0,1.0,1.0,1,5446.0
64,1,0,0,0,0.0,0.0,0.02,0.07,0.0,0.0,0.0,1,11467.0
46,9,100,0,0,0.0,0.0,1.0,0.0,0.0,0.0,0.0,0,74300.0
0,4,1266,8815,0,0.0,0.0,1.0,0.0,0.0,0.0,0.0,0,101438.0
32,5,0,0,0,1.0,1.0,0.02,0.07,0.0,1.0,1.0,1,92248.0
63,5,0,0,0,1.0,1.0,0.01,0.05,0.0,1.0,1.0,1,105782.0
17,9,6,139,0,0.0,0.0,1.0,0.0,0.0,0.0,0.0,0,21456.0
11,9,44,69,0,0.0,0.0,1.0,0.0,0.0,0.0,0.0,0,23001.0
46,5,0,0,0,1.0,1.0,0.12,0.06,0.0,1.0,1.0,1,58542.0
46,5,0,0,0,1.0,1.0,0.03,0.06,0.0,1.0,1.0,1,60135.0
46,1,0,0,0,0.02,0.0,0.01,1.0,0.0,0.01,0.0,1,61348.0
22,9,308,155266,1,0.0,0.0,1.0,0.0,0.02,0.0,0.0,0,123995.0
33,5,0,0,0,1.0,1.0,0.01,0.06,0.0,1.0,1.0,1,113798.0
11,9,45,45,0,0.0,0.0,1.0,0.0,0.0,0.0,0.0,0,25286.0
57,5,0,0,0,1.0,1.0,0.25,0.05,0.0,1.0,1.0,1,103787.0
22,9,310,259,1,0.0,0.0,1.0,0.0,0.06,0.0,0.0,0,91549.0
51,9,784,334,1,0.0,0.0,1.0,0.0,0.0,0.01,0.01,0,53683.0
46,5,0,0,0,1.0,1.0,0.29,0.07,0.0,1.0,1.0,1,22599.0
41,1,0,0,0,0.1,0.0,0.0,1.0,0.0,0.0,0.0,1,58341.0
22,9,328,616,1,0.0,0.0,1.0,0.0,0.02,0.0,0.0,0,117052.0
13,9,8,0,0,0.0,0.0,1.0,0.0,0.5,0.0,0.0,1,62547.0
22,9,250,6015,1,0.0,0.0,1.0,0.0,0.01,0.0,0.0,0,35479.0
11,9,45,138,0,0.0,0.0,1.0,0.0,0.0,0.0,0.0,0,83034.0
22,1,0,0,0,0.0,0.0,1.0,0.0,0.09,0.0,0.09,0,125528.0
26,1,0,0,0,0.0,0.0,0.04,0.06,0.0,0.0,0.0,1,90842.0
11,9,36,36,0,0.0,0.0,0.86,0.29,0.0,0.0,0.0,0,84134.0
22,1,0,0,0,0.0,0.0,1.0,0.0,0.03,0.01,0.01,0,25460.0
14,9,1032,0,0,0.0,0.0,1.0,0.0,0.0,0.0,0.0,0,84865.0
51,9,681,391,1,0.0,0.0,1.0,0.0,0.01,0.03,0.0,0,13022.0
22,9,338,799,1,0.0,0.0,1.0,0.0,0.02,0.0,0.0,0,44368.0
46,5,0,0,0,1.0,1.0,0.02,0.06,0.0,1.0,1.0,1,13478.0
46,9,105,146,0,0.0,0.0,0.2,0.4,0.0,0.0,0.0,0,18807.0
46,9,1,0,0,0.0,0.0,0.14,0.71,0.0,0.0,0.0,1,95331.0
11,9,45,77,0,0.0,0.0,1.0,0.0,0.0,0.0,0.0,0,33778.0
46,5,0,0,0,1.0,1.0,0.06,0.06,0.0,1.0,1.0,1,54054.0
51,9,2400,331,1,0.0,0.0,1.0,0.0,0.01,0.0,0.0,0,45264.0
46,5,0,0,0,1.0,1.0,0.04,0.06,0.0,1.0,1.0,1,81259.0
44,9,35,130,1,0.0,0.0,1.0,0.0,0.29,0.0,0.0,0,51099.0
27,1,0,0,0,0.0,0.0,0.13,0.05,0.0,0.0,0.0,1,97458.0
51,9,960,335,1,0.0,0.0,1.0,0.0,0.01,0.0,0.0,0,72080.0
51,9,674,328,1,0.0,0.0,1.0,0.0,0.01,0.0,0.0,0,101782.0
38,5,0,0,0,1.0,1.0,0.05,0.07,0.0,1.0,1.0,1,84796.0
22,1,0,0,0,0.0,0.0,0.01,0.07,0.0,0.0,0.0,1,68042.0
22,9,233,155,1,0.0,0.0,1.0,0.0,0.0,0.0,0.0,0,30220.0
22,9,326,1011,1,0.0,0.0,1.0,0.0,0.03,0.0,0.01,0,83844.0
46,1,0,0,0,0.0,0.0,0.5,1.0,0.0,0.12,0.0,1,39763.0
11,9,43,76,0,0.0,0.0,0.99,0.02,0.0,0.0,0.0,0,30535.0
22,1,0,0,0,0.0,0.0,1.0,0.0,0.13,0.0,0.0,0,116596.0
26,5,0,0,0,1.0,1.0,0.02,0.07,0.0,1.0,1.0,1,103387.0
56,5,0,0,0,1.0,1.0,0.1,0.05,0.0,1.0,1.0,1,115423.0
30,5,0,0,0,1.0,1.0,0.08,0.06,0.0,1.0,1.0,1,1544.0
46,5,0,0,0,1.0,1.0,0.01,0.07,0.0,1.0,1.0,1,54107.0
19,9,245,0,1,0.0,0.0,0.5,1.0,0.0,0.0,0.0,0,87313.0
22,9,183,805,1,0.0,0.5,1.0,0.0,0.05,0.0,0.01,0,52264.0
22,9,206,8264,1,0.0,0.0,1.0,0.0,0.04,0.0,0.0,0,115512.0
22,9,304,13359,1,0.0,0.0,1.0,0.0,0.04,0.0,0.0,0,65522.0
5,5,0,0,0,1.0,1.0,0.05,0.07,0.0,1.0,1.0,1,110834.0
51,9,1861,329,1,0.0,0.0,1.0,0.0,0.01,0.01,0.01,0,58082.0
22,9,238,5965,1,0.0,0.0,1.0,0.0,0.0,0.0,0.0,0,31334.0
19,5,0,0,0,1.0,1.0,0.24,0.05,0.0,1.0,1.0,1,16665.0
22,9,203,2557,1,0.0,0.0,1.0,0.0,0.01,0.0,0.0,0,22956.0
18,9,1202,2449,1,0.0,0.0,1.0,0.0,0.0,0.0,0.0,0,116667.0
51,9,1045,337,1,0.0,0.0,1.0,0.0,0.01,0.0,0.0,0,94124.0
14,9,18,0,0,0.0,0.0,1.0,0.0,0.0,0.0,0.0,1,30381.0
32,5,0,0,0,1.0,1.0,0.03,0.06,0.0,1.0,1.0,1,66022.0
11,9,45,111,0,0.0,0.0,0.99,0.03,0.0,0.0,0.0,0,123146.0
22,9,353,1841,1,0.0,0.0,1.0,0.0,0.0,0.0,0.0,0,42431.0
22,9,217,1748,1,0.0,0.0,1.0,0.0,0.05,0.0,0.0,0,26844.0
46,1,0,0,0,0.0,0.0,0.1,0.06,0.0,0.0,0.0,1,59141.0
46,1,0,0,0,0.0,0.0,0.17,0.06,0.0,0.0,0.0,1,101392.0
22,9,284,25925,1,0.0,0.0,1.0,0.0,0.0,0.0,0.0,0,30685.0
22,9,294,10371,1,0.0,0.0,1.0,0.0,0.0,0.0,0.0,0,91374.0
13,9,18,0,0,0.0,0.0,1.0,0.0,1.0,0.0,0.0,1,40683.0
22,1,0,0,0,0.0,0.0,0.07,0.06,0.0,0.0,0.0,1,51488.0
51,9,948,326,1,0.0,0.0,1.0,0.0,0.02,0.0,0.0,0,37299.0
46,1,0,0,0,0.0,0.0,0.02,0.09,0.0,0.0,0.0,1,125758.0
22,9,232,2239,1,0.0,0.0,1.0,0.0,0.0,0.0,0.0,0,8532.0
22,9,336,279,1,0.0,0.0,1.0,0.0,0.0,0.0,0.0,0,60277.0
46,5,0,0,0,1.0,1.0,0.12,0.06,0.0,1.0,1.0,1,96704.0
46,5,0,0,0,1.0,1.0,0.03,0.07,0.0,1.0,1.0,1,49303.0
46,9,100,0,0,0.0,0.0,1.0,0.0,0.0,0.0,0.0,0,91776.0
57,9,359,11564,1,0.0,0.0,1.0,0.0,0.0,0.01,0.09,0,39552.0
22,9,290,4171,1,0.0,0.0,1.0,0.0,0.02,0.0,0.0,0,114012.0
46,5,0,0,0,1.0,1.0,0.18,0.05,0.0,1.0,1.0,1,103643.0
46,5,0,0,0,1.0,1.0,0.06,0.07,0.0,1.0,1.0,1,67203.0
22,9,220,1695,1,0.0,0.0,1.0,0.0,0.02,0.0,0.0,0,104104.0
46,5,0,0,0,1.0,1.0,0.09,0.07,0.0,1.0,1.0,1,105118.0
63,5,0,0,0,1.0,1.0,0.07,0.04,0.0,1.0,1.0,1,124055.0
24,5,0,0,0,1.0,1.0,0.07,0.08,0.0,1.0,1.0,1,62635.0
13,9,8,0,0,0.0,0.0,1.0,0.0,0.5,0.0,0.0,1,71896.0
41,9,147,105,0,0.0,0.0,1.0,0.0,0.0,0.0,0.0,0,52562.0
46,9,100,0,0,0.0,0.0,1.0,0.0,0.0,0.0,0.0,0,83928.0
36,5,0,0,0,1.0,1.0,0.04,0.06,0.0,1.0,1.0,1,107700.0
22,9,283,1556,1,0.0,0.0,1.0,0.0,0.04,0.0,0.0,0,62660.0
22,9,224,1808,1,0.0,0.0,1.0,0.0,0.23,0.0,0.0,0,4077.0
22,9,245,253,1,0.0,0.0,1.0,0.0,0.0,0.0,0.0,0,119106.0
22,9,288,54674,1,0.0,0.0,1.0,0.0,0.01,0.0,0.0,0,116624.0
22,9,305,2239,1,0.0,0.0,1.0,0.0,0.0,0.0,0.0,0,96318.0
46,0,0,0,0,0.0,0.0,1.0,0.0,0.0,0.0,0.0,1,93179.0
22,9,225,453,1,0.0,0.0,1.0,0.0,0.0,0.0,0.0,0,8457.0
46,5,0,0,0,1.0,1.0,0.03,0.08,0.0,1.0,1.0,1,98069.0
51,9,910,368,1,0.0,0.0,1.0,0.0,0.02,0.01,0.0,0,50153.0
22,9,266,359,1,0.0,0.0,1.0,0.0,0.04,0.0,0.0,0,52797.0
51,9,2103,327,1,0.0,0.0,1.0,0.0,0.01,0.0,0.0,0,13671.0
22,9,329,302,1,0.0,0.0,1.0,0.0,0.0,0.0,0.0,0,54285.0
46,5,0,0,0,1.0,1.0,0.12,0.06,0.0,1.0,1.0,1,75817.0
22,9,304,4896,1,0.0,0.0,1.0,0.0,0.0,0.0,0.0,0,85640.0
19,5,0,0,0,1.0,1.0,0.15,0.12,0.0,1.0,1.0,1,37602.0
46,5,0,0,0,1.0,1.0,0.16,0.06,0.0,1.0,1.0,1,121005.0
13,9,8,0,0,0.0,0.0,1.0,0.0,0.25,0.0,0.0,1,109735.0
7,1,0,0,0,0.07,0.0,0.0,1.0,0.0,0.1,0.0,1,60659.0
3,5,0,0,0,1.0,1.0,0.01,0.05,0.0,1.0,1.0,1,25019.0
13,9,8,0,0,0.0,0.0,1.0,0.0,0.26,0.0,0.0,1,88692.0
22,9,322,6232,1,0.0,0.0,1.0,0.0,0.03,0.0,0.0,0,117861.0
11,9,44,132,0,0.0,0.0,1.0,0.0,0.0,0.0,0.0,0,64638.0
22,9,249,273,1,0.0,0.0,1.0,0.0,0.0,0.0,0.0,0,78581.0
22,9,297,555,1,0.0,0.0,1.0,0.0,0.0,0.0,0.0,0,18580.0
46,5,0,0,0,1.0,1.0,0.07,0.07,0.0,1.0,1.0,1,97393.0
51,9,2119,387,1,0.0,0.0,1.0,0.0,0.0,0.75,0.0,0,59770.0
22,9,204,924,1,0.2,0.2,1.0,0.0,0.0,0.0,0.0,0,71679.0
22,9,324,453,1,0.0,0.0,1.0,0.0,0.0,0.0,0.0,0,83647.0
22,9,293,808,1,0.0,0.0,1.0,0.0,0.03,0.0,0.0,0,40640.0
14,9,1032,0,0,0.0,0.0,1.0,0.0,0.0,0.0,0.0,0,31542.0
19,9,2890,0,1,0.0,0.0,1.0,0.0,0.04,0.0,0.0,0,17018.0
3,5,0,0,0,1.0,1.0,0.04,0.05,0.0,1.0,1.0,1,84153.0
41,1,0,0,0,0.04,0.0,0.0,0.96,0.0,0.04,0.0,1,9504.0
51,9,1022,331,1,0.0,0.0,1.0,0.0,0.02,0.0,0.0,0,83417.0
13,9,8,0,0,0.0,0.0,1.0,0.0,0.5,0.0,0.0,1,124220.0
55,5,0,0,0,1.0,1.0,0.13,0.06,0.0,1.0,1.0,1,5951.0
46,2,0,0,0,0.0,0.0,0.16,0.06,0.0,0.0,0.0,1,42912.0
57,2,0,15,0,0.0,0.0,1.0,0.0,0.0,0.02,0.0,1,67301.0
46,5,0,0,0,1.0,1.0,0.01,0.06,0.0,1.0,1.0,1,78040.0
22,9,194,2729,1,0.0,0.0,1.0,0.0,0.04,0.0,0.01,0,47389.0
22,9,245,2802,1,0.0,0.0,1.0,0.0,0.07,0.0,0.01,0,89459.0
22,9,247,7546,1,0.0,0.0,1.0,0.0,0.01,0.0,0.0,0,518.0
22,9,199,530,1,0.0,0.0,1.0,0.0,0.0,0.0,0.0,0,16225.0
22,9,224,333,1,0.0,0.0,1.0,0.0,0.07,0.0,0.0,0,62867.0
46,1,0,0,0,0.0,0.0,0.14,0.06,0.0,0.0,0.0,1,76603.0
26,5,0,0,0,1.0,1.0,0.05,0.05,0.0,1.0,1.0,1,22456.0
46,4,0,0,0,0.0,0.0,1.0,0.0,0.0,0.0,0.0,1,7894.0
14,9,18,0,0,0.0,0.0,1.0,0.0,0.0,0.0,0.0,1,107784.0
46,5,0,0,0,1.0,1.0,0.13,0.07,0.0,1.0,1.0,1,99171.0
18,9,892,2586,1,0.0,0.0,1.0,0.0,0.0,0.0,0.0,0,87718.0
22,9,273,3070,1,0.0,0.0,1.0,0.0,0.04,0.0,0.0,0,22170.0
22,9,215,4132,1,0.0,0.0,1.0,0.0,0.05,0.0,0.0,0,106681.0
22,9,258,11466,1,0.0,0.0,1.0,0.0,0.03,0.0,0.0,0,87539.0
18,9,1176,2445,1,0.0,0.0,1.0,0.0,0.0,0.02,0.0,0,44441.0
22,1,0,0,0,0.0,0.0,0.07,0.07,0.0,0.0,0.0,1,63806.0
22,9,291,4204,1,0.0,0.0,1.0,0.0,0.02,0.0,0.0,0,9385.0
22,9,235,1046,1,0.0,0.0,1.0,0.0,0.01,0.0,0.0,0,90761.0
41,9,3775,0,1,0.04,0.0,0.04,0.42,0.0,0.01,0.0,0,78216.0
46,9,1,0,0,0.0,0.0,0.14,0.43,0.0,0.03,0.0,1,34110.0
17,5,0,0,0,1.0,1.0,0.5,0.07,0.0,1.0,1.0,1,59199.0
19,5,0,0,0,0.97,1.0,0.3,0.1,0.0,1.0,1.0,1,40814.0
14,9,1480,0,0,0.0,0.0,1.0,0.0,0.01,0.33,0.0,0,29016.0
11,9,43,142,0,0.0,0.0,1.0,0.0,0.0,0.0,0.0,0,68357.0
13,9,8,0,0,0.0,0.0,1.0,0.0,0.5,0.0,0.0,1,4687.0
11,9,45,74,0,0.0,0.0,1.0,0.0,0.0,0.0,0.0,0,5006.0
51,9,11944,1398,1,0.0,0.0,1.0,0.0,0.01,0.0,0.0,0,119620.0
46,1,0,0,0,0.0,0.0,0.0,0.07,0.0,0.0,0.0,1,44271.0
46,9,28,0,0,0.0,0.0,1.0,0.0,0.0,0.09,0.0,1,47647.0
46,5,0,0,0,1.0,1.0,0.14,0.06,0.0,1.0,1.0,1,26533.0
46,5,0,0,0,1.0,1.0,0.02,0.07,0.0,1.0,1.0,1,33975.0
8,2,0,0,0,0.0,0.0,0.05,0.07,0.0,0.0,0.0,1,109509.0
26,5,0,0,0,1.0,1.0,0.06,0.07,0.0,1.0,1.0,1,107899.0
22,9,247,7340,1,0.0,0.0,1.0,0.0,0.0,0.0,0.0,0,71925.0
19,5,0,0,0,1.0,1.0,0.07,0.06,0.0,1.0,1.0,1,13602.0
22,9,221,5674,1,0.0,0.0,1.0,0.0,0.04,0.0,0.0,0,49523.0
22,9,237,25207,1,0.0,0.0,1.0,0.0,0.01,0.0,0.0,0,88670.0
5,5,0,0,0,1.0,1.0,0.06,0.06,0.0,1.0,1.0,1,64276.0
46,1,0,0,0,0.0,0.0,0.02,0.07,0.0,0.0,0.0,1,97501.0
11,9,30,0,0,0.0,0.0,1.0,0.0,0.0,0.0,0.0,0,6259.0
60,9,128,0,0,0.0,0.0,0.17,0.33,0.11,0.0,0.0,0,75027.0
11,9,46,73,0,0.0,0.0,1.0,0.0,0.0,0.0,0.0,0,101252.0
46,5,0,0,0,1.0,1.0,0.04,0.07,0.0,1.0,1.0,1,10443.0
22,9,208,1880,1,0.0,0.0,1.0,0.0,0.02,0.0,0.0,0,109275.0
26,5,0,0,0,1.0,1.0,0.04,0.07,0.0,1.0,1.0,1,48112.0
22,9,336,1195,1,0.0,0.0,1.0,0.0,0.04,0.0,0.0,0,31855.0
22,9,294,1394,1,0.0,0.02,1.0,0.0,0.03,0.0,0.0,0,49006.0
19,5,0,0,0,1.0,1.0,0.03,0.07,0.0,1.0,1.0,1,16381.0
19,9,245,0,0,0.0,0.0,1.0,0.0,0.1,0.0,0.0,0,71764.0
46,5,0,0,0,1.0,1.0,0.08,0.06,0.0,1.0,1.0,1,37118.0
22,1,0,0,0,0.0,0.0,1.0,0.0,0.16,0.0,0.0,0,34196.0
46,9,105,146,0,0.0,0.0,1.0,0.0,0.0,0.0,0.0,0,21605.0
17,5,0,0,0,1.0,1.0,0.5,0.06,0.03,1.0,0.97,1,94421.0
3,5,0,0,0,1.0,1.0,0.07,0.05,0.0,1.0,1.0,1,48574.0
46,5,0,0,0,1.0,1.0,0.06,0.05,0.0,1.0,1.0,1,103847.0
22,9,231,7208,1,0.0,0.0,1.0,0.0,0.0,0.01,0.01,0,92340.0
46,5,0,0,0,1.0,1.0,0.11,0.05,0.0,1.0,1.0,1,59130.0
51,9,1555,337,1,0.0,0.0,1.0,0.0,0.01,0.0,0.0,0,42864.0
22,9,312,12183,1,0.0,0.0,1.0,0.0,0.04,0.0,0.0,0,33557.0
63,1,0,0,0,0.0,0.0,0.03,0.07,0.0,0.0,0.0,1,95426.0
22,9,273,20790,1,0.0,0.0,1.0,0.0,0.02,0.0,0.0,0,57380.0
14,9,1032,0,0,0.0,0.0,1.0,0.0,0.0,0.38,0.0,0,39591.0
57,6,1536,13968,1,1.0,1.0,1.0,0.0,0.0,0.84,0.14,0,79103.0
22,9,302,744,1,0.0,0.0,1.0,0.0,0.0,0.0,0.0,0,62696.0
46,1,0,0,0,0.0,0.0,1.0,0.0,0.0,0.1,0.0,1,46266.0
22,9,209,1820,1,0.0,0.0,1.0,0.0,0.04,0.0,0.0,0,96085.0
22,9,289,706,1,0.0,0.0,1.0,0.0,0.02,0.0,0.0,0,66816.0
57,5,0,0,0,1.0,1.0,0.02,0.06,0.0,1.0,1.0,1,113791.0
61,5,0,0,0,1.0,1.0,0.18,0.06,0.0,1.0,1.0,1,81040.0
22,9,209,2408,1,0.25,0.2,1.0,0.0,0.0,0.0,0.0,0,59842.0
22,5,0,0,0,1.0,1.0,0.3,0.3,0.0,1.0,1.0,1,10584.0
22,9,223,682,1,0.0,0.0,1.0,0.0,0.0,0.0,0.0,0,69231.0
22,9,350,338,1,0.0,0.0,1.0,0.0,0.0,0.0,0.0,0,100391.0
22,9,255,4531,1,0.0,0.0,1.0,0.0,0.0,0.0,0.0,0,51634.0
22,9,209,12884,1,0.0,0.0,1.0,0.0,0.0,0.0,0.0,0,77544.0
17,5,0,0,0,1.0,1.0,0.46,0.05,0.1,0.97,0.81,1,8273.0
18,9,320,1054,1,0.0,0.0,1.0,0.0,0.0,0.0,0.0,0,13189.0
9,5,0,0,0,1.0,1.0,0.09,0.05,0.0,1.0,1.0,1,105711.0
46,0,0,0,0,0.0,0.0,1.0,0.0,0.0,0.04,0.0,1,32848.0
46,5,0,0,0,1.0,1.0,0.01,0.06,0.0,1.0,1.0,1,24423.0
22,9,449,6410,1,0.0,0.0,1.0,0.0,0.0,0.0,0.0,0,36875.0
22,9,233,7501,1,0.0,0.0,1.0,0.0,0.03,0.0,0.0,0,45277.0
19,9,1376,0,0,0.0,0.0,1.0,0.0,0.0,0.0,0.0,0,50112.0
13,9,8,0,0,0.0,0.0,1.0,0.0,0.5,0.0,0.0,1,29421.0
19,9,201,0,1,0.0,0.0,1.0,0.0,0.13,0.0,0.0,0,13427.0
46,5,0,0,0,1.0,1.0,0.14,0.08,0.0,1.0,1.0,1,52675.0
22,9,320,1118,1,0.0,0.03,1.0,0.0,0.03,0.0,0.0,0,64396.0
22,9,210,442,1,0.0,0.0,1.0,0.0,0.04,0.0,0.0,0,84629.0
22,9,205,396,1,0.0,0.0,1.0,0.0,0.0,0.0,0.0,0,78660.0
64,5,0,0,0,1.0,1.0,0.01,0.07,0.0,1.0,1.0,1,58362.0
51,9,1185,334,1,0.0,0.0,1.0,0.0,0.02,0.0,0.11,0,45194.0
19,9,95,0,1,0.0,0.0,1.0,0.0,0.0,0.91,0.0,0,89725.0
41,1,0,0,0,0.06,0.0,0.0,1.0,0.0,0.08,0.0,1,79184.0
61,2,0,0,0,0.0,0.0,0.13,0.06,0.0,0.0,0.0,1,98051.0
22,9,267,1382,1,0.33,0.5,1.0,0.0,0.01,0.01,0.0,0,121553.0
11,9,44,70,0,0.0,0.0,1.0,0.0,0.0,0.0,0.0,0,74992.0
46,5,0,0,0,1.0,1.0,0.03,0.06,0.0,1.0,1.0,1,13408.0
41,9,145,0,0,0.0,0.0,0.33,0.67,0.0,0.0,0.0,0,58471.0
22,9,54540,8314,1,0.0,0.0,1.0,0.0,0.0,0.0,0.0,0,12355.0
11,9,43,75,0,0.0,0.0,1.0,0.0,0.0,0.0,0.0,0,89889.0
5,5,0,0,0,1.0,1.0,0.12,0.06,0.0,1.0,1.0,1,15964.0
51,9,3970,332,1,0.0,0.0,1.0,0.0,0.01,0.0,0.0,0,109933.0
14,9,1032,0,0,0.0,0.0,1.0,0.0,0.0,0.0,0.0,0,98320.0
11,9,46,46,0,0.0,0.0,1.0,0.0,0.0,0.0,0.0,0,15656.0
22,9,220,337,1,0.0,0.0,1.0,0.0,0.0,0.0,0.0,0,27458.0
22,9,208,892,1,0.0,0.0,1.0,0.0,0.0,0.0,0.0,0,84521.0
46,5,0,0,0,1.0,1.0,0.01,0.06,0.0,1.0,1.0,1,82418.0
18,9,1153,2445,1,0.0,0.0,1.0,0.0,0.0,0.0,0.0,0,1717.0
41,9,147,105,0,0.0,0.0,0.5,0.5,0.0,0.0,0.0,0,40617.0
22,9,316,269,1,0.0,0.0,1.0,0.0,0.1,0.0,0.0,0,24756.0
22,9,256,7546,1,0.0,0.0,1.0,0.0,0.0,0.0,0.0,0,41715.0
46,5,0,0,0,1.0,1.0,0.01,0.06,0.0,1.0,1.0,1,67189.0
46,1,0,0,0,0.06,0.0,0.0,1.0,0.0,0.09,0.0,1,63627.0
60,9,78,0,0,0.0,0.0,0.24,0.05,0.0,0.0,0.0,0,117696.0
22,9,228,6371,1,0.0,0.0,1.0,0.0,0.03,0.0,0.0,0,97800.0
22,9,250,6851,1,0.0,0.0,1.0,0.0,0.0,0.0,0.0,0,67200.0
9,5,0,0,0,1.0,1.0,0.01,0.06,0.0,1.0,1.0,1,88934.0
61,2,0,0,0,0.0,0.0,0.03,0.08,0.0,0.0,0.0,1,122851.0
22,9,217,701,1,0.0,0.0,1.0,0.0,0.0,0.0,0.0,0,101783.0
51,9,1501,399,1,0.0,0.0,1.0,0.0,0.01,0.0,0.0,0,41087.0
51,9,929,459,1,0.0,0.0,1.0,0.0,0.01,0.01,0.0,0,5053.0
22,9,231,6086,1,0.0,0.0,1.0,0.0,0.01,0.0,0.0,0,64189.0
10,5,0,0,0,1.0,1.0,0.04,0.05,0.0,1.0,1.0,1,73547.0
22,9,279,1400,1,0.0,0.0,1.0,0.0,0.0,0.0,0.0,0,100228.0
14,9,1032,0,0,0.0,0.0,1.0,0.0,0.0,0.0,0.0,0,29072.0
11,9,45,45,0,0.0,0.0,1.0,0.0,0.0,0.0,0.0,0,37053.0
22,9,223,17894,1,0.0,0.0,1.0,0.0,0.0,0.0,0.0,0,41209.0
18,9,1498,4152,1,0.0,0.0,0.5,1.0,0.0,0.0,0.0,0,22569.0
22,9,218,434,1,0.0,0.0,1.0,0.0,0.0,0.0,0.0,0,16759.0
13,9,8,0,0,0.0,0.0,1.0,0.0,0.5,0.0,0.0,1,39790.0
11,9,43,123,0,0.0,0.0,1.0,0.0,0.0,0.0,0.0,0,107897.0
15,5,0,0,0,1.0,1.0,0.8,0.4,0.0,1.0,1.0,1,104938.0
19,9,2194619,0,1,0.0,0.0,1.0,0.0,0.03,0.0,0.0,0,53438.0
22,9,204,35424,1,0.0,0.0,1.0,0.0,0.05,0.0,0.0,0,84100.0
22,9,240,4017,1,0.0,0.0,1.0,0.0,0.02,0.0,0.0,0,9027.0
13,9,18,0,0,0.0,0.0,1.0,0.0,0.25,0.0,0.0,1,19491.0
4,5,0,0,0,1.0,1.0,0.08,0.06,0.0,1.0,1.0,1,7001.0
22,9,329,978,1,0.0,0.0,1.0,0.0,0.0,0.0,0.0,0,94789.0
22,9,202,324,1,0.0,0.0,1.0,0.0,0.01,0.0,0.01,0,7940.0
51,9,48,284,1,0.0,0.0,1.0,0.0,0.0,0.0,0.0,0,45943.0
46,1,0,0,0,0.15,0.0,0.02,1.0,0.0,0.03,0.0,1,110928.0
46,5,0,0,0,1.0,1.0,0.05,0.08,0.0,1.0,1.0,1,39691.0
35,5,0,0,0,1.0,1.0,0.01,0.06,0.0,1.0,1.0,1,13782.0
27,5,0,0,0,1.0,1.0,0.09,0.06,0.0,1.0,1.0,1,121983.0
46,4,1,0,0,0.0,0.0,1.0,0.0,0.0,0.0,0.0,1,36607.0
46,5,0,0,0,1.0,1.0,0.02,0.07,0.0,1.0,1.0,1,77302.0
11,9,42,67,0,0.0,0.0,1.0,0.0,0.0,0.0,0.0,0,114089.0
46,5,0,0,0,1.0,1.0,0.02,0.07,0.0,1.0,1.0,1,86376.0
46,1,0,0,0,0.0,0.0,0.0,0.52,0.0,0.0,0.0,1,97330.0
22,9,236,363,1,0.0,0.0,1.0,0.0,0.04,0.01,0.0,0,35180.0
22,9,325,989,1,0.0,0.0,1.0,0.0,0.0,0.0,0.0,0,119295.0
62,5,0,0,0,1.0,1.0,0.07,0.05,0.0,1.0,1.0,1,24382.0
14,9,1032,0,0,0.0,0.0,1.0,0.0,0.0,0.0,0.0,0,61922.0
14,9,1032,0,0,0.0,0.0,1.0,0.0,0.0,0.0,0.0,0,41696.0
19,9,748,0,1,0.0,0.0,1.0,0.0,0.02,0.0,0.0,0,107149.0
22,9,209,534,1,0.0,0.0,1.0,0.0,0.03,0.0,0.0,0,33031.0
29,5,0,0,0,1.0,1.0,0.06,0.05,0.0,1.0,1.0,1,51493.0
3,5,0,0,0,1.0,1.0,0.03,0.07,0.0,1.0,1.0,1,687.0
22,9,226,406,1,0.0,0.0,1.0,0.0,0.0,0.0,0.0,0,115833.0
22,9,253,2912,1,0.0,0.0,1.0,0.0,0.01,0.0,0.0,0,120745.0
11,9,36,52,0,0.0,0.0,1.0,0.0,0.0,0.0,0.0,0,121071.0
22,9,230,818,1,0.0,0.0,1.0,0.0,0.02,0.0,0.0,0,88904.0
46,5,0,0,0,1.0,1.0,0.05,0.06,0.0,1.0,1.0,1,97175.0
22,9,220,774,1,0.0,0.0,1.0,0.0,0.0,0.0,0.0,0,35950.0
46,9,105,0,0,0.0,0.0,1.0,0.0,0.0,0.0,0.0,0,59092.0
22,9,288,1745,1,0.25,0.25,1.0,0.0,0.0,0.0,0.0,0,40904.0
57,9,383,7385,1,0.0,0.0,1.0,0.0,0.0,0.73,0.87,0,52233.0
22,5,0,0,0,1.0,1.0,0.35,0.09,0.0,1.0,1.0,1,105775.0
19,5,0,0,0,1.0,1.0,0.22,0.05,0.0,1.0,1.0,1,20821.0
22,9,232,2022,1,0.05,0.05,1.0,0.0,0.05,0.05,0.01,0,48634.0
61,5,0,0,0,1.0,1.0,0.13,0.06,0.0,1.0,1.0,1,69460.0
22,9,249,17905,1,0.0,0.0,1.0,0.0,0.0,0.0,0.0,0,49058.0
63,1,0,0,0,0.0,0.0,0.06,0.07,0.0,0.0,0.0,1,101797.0
22,9,405,7303,1,0.0,0.0,1.0,0.0,0.14,0.0,0.0,0,18485.0
22,5,0,0,0,0.33,0.33,1.0,0.0,0.03,0.0,0.01,0,7374.0
11,9,44,44,0,0.0,0.0,0.29,0.29,0.0,0.0,0.0,0,103801.0
19,5,0,0,0,1.0,1.0,0.08,0.06,0.0,1.0,1.0,1,108126.0
25,5,0,0,0,1.0,1.0,0.05,0.06,0.0,1.0,1.0,1,63637.0
22,9,309,4396,1,0.0,0.0,1.0,0.0,0.01,0.0,0.0,0,28282.0
11,9,45,131,0,0.0,0.0,1.0,0.0,0.01,0.0,0.0,0,122315.0
22,9,219,1248,1,0.0,0.0,1.0,0.0,0.0,0.0,0.0,0,89428.0
22,9,325,2125,1,0.0,0.0,1.0,0.0,0.04,0.01,0.0,0,5227.0
22,9,241,431,1,0.0,0.0,1.0,0.0,0.0,0.0,0.0,0,34526.0
22,9,201,7980,1,0.0,0.0,1.0,0.0,0.04,0.0,0.0,0,1467.0
51,9,2288,331,1,0.0,0.0,0.5,1.0,0.0,0.01,0.02,0,26397.0
22,9,222,1368,1,0.0,0.0,1.0,0.0,0.04,0.0,0.0,0,72788.0
46,5,0,0,0,1.0,1.0,0.08,0.06,0.0,1.0,1.0,1,38589.0
22,9,319,1862,1,0.0,0.0,1.0,0.0,0.06,0.0,0.0,0,33530.0
46,1,0,0,0,0.06,0.0,0.0,1.0,0.0,0.05,0.0,1,5415.0
22,9,219,5839,1,0.0,0.0,1.0,0.0,0.01,0.0,0.0,0,42572.0
22,9,204,945,1,0.0,0.0,1.0,0.0,0.0,0.0,0.0,0,114101.0
60,9,181,0,0,0.0,0.0,0.67,0.67,0.0,0.0,0.0,0,64340.0
34,5,0,0,0,1.0,1.0,0.07,0.06,0.0,1.0,1.0,1,26824.0
46,4,0,0,0,0.0,0.0,0.01,0.52,0.0,0.0,0.0,1,113811.0
22,9,228,1380,1,0.0,0.0,1.0,0.0,0.0,0.0,0.0,0,100888.0
11,9,44,126,0,0.0,0.0,1.0,0.0,0.0,0.0,0.0,0,9997.0
22,9,222,1408,1,0.0,0.0,1.0,0.0,0.0,0.0,0.0,0,42642.0
31,2,0,0,0,0.0,0.0,0.07,0.06,0.0,0.0,0.0,1,440.0
22,9,224,347,1,0.0,0.0,1.0,0.0,0.03,0.0,0.0,0,74494.0
41,9,147,0,0,0.0,0.0,0.33,0.67,0.0,0.0,0.0,0,118531.0
46,5,0,0,0,1.0,1.0,0.01,0.08,0.0,1.0,1.0,1,15611.0
46,9,1,0,0,0.0,0.0,0.3,0.06,0.0,0.0,0.0,1,62087.0
46,5,0,0,0,1.0,1.0,0.04,0.05,0.0,1.0,1.0,1,111104.0
13,9,8,0,0,0.0,0.0,1.0,0.0,0.5,0.0,0.0,1,22105.0
41,9,147,105,0,0.0,0.0,0.33,0.5,0.0,0.0,0.0,0,13466.0
51,9,1642,333,1,0.0,0.0,1.0,0.0,0.0,0.0,0.0,0,123538.0
22,9,196,2594,1,0.0,0.0,1.0,0.0,0.0,0.0,0.0,0,34649.0
51,9,783,329,1,0.0,0.0,1.0,0.0,0.0,0.0,0.0,0,93323.0
46,1,0,0,0,0.01,0.0,0.01,1.0,0.0,0.0,0.0,1,47018.0
22,9,216,13202,1,0.0,0.0,1.0,0.0,0.0,0.0,0.0,0,83693.0
22,9,295,1227,1,0.0,0.0,1.0,0.0,0.0,0.0,0.0,0,124600.0
11,9,45,118,0,0.0,0.0,1.0,0.0,0.0,0.0,0.0,0,113208.0
25,5,0,0,0,1.0,1.0,0.27,0.12,0.0,1.0,1.0,1,111375.0
13,9,8,0,0,0.0,0.0,1.0,0.0,0.25,0.0,0.0,1,20097.0
41,1,0,0,0,0.09,0.0,0.0,1.0,0.0,0.0,0.0,1,11788.0
46,5,0,0,0,1.0,1.0,0.06,0.08,0.0,1.0,1.0,1,28827.0
22,2,0,0,1,0.0,0.0,1.0,0.0,0.0,0.0,0.0,0,66226.0
11,9,45,45,0,0.0,0.0,1.0,0.0,0.0,0.0,0.0,0,9396.0
22,1,0,0,0,0.0,0.5,1.0,0.0,0.12,0.0,0.0,0,118787.0
22,9,307,3166,1,0.0,0.0,1.0,0.0,0.0,0.0,0.0,0,56541.0
46,1,0,0,0,0.0,0.0,0.02,0.07,0.0,0.0,0.0,1,81045.0
29,1,0,0,0,0.0,0.0,0.13,0.07,0.0,0.0,0.0,1,54954.0
38,5,0,0,0,1.0,1.0,0.14,0.06,0.0,1.0,1.0,1,34865.0
22,9,263,8020,1,0.0,0.0,1.0,0.0,0.01,0.0,0.0,0,23931.0
46,5,0,0,0,1.0,1.0,0.06,0.17,0.0,1.0,1.0,1,95720.0
22,9,198,1533,1,0.0,0.0,1.0,0.0,0.01,0.0,0.0,0,42490.0
22,9,266,2319,1,0.0,0.0,1.0,0.0,0.02,0.0,0.0,0,99988.0
51,9,1391,431,1,0.0,0.0,1.0,0.0,0.02,0.06,0.0,0,95380.0
18,9,1205,2447,1,0.0,0.0,1.0,0.0,0.0,0.0,0.0,0,99928.0
22,8,199,10449,1,0.2,0.2,1.0,0.0,0.05,0.08,0.0,0,18834.0
22,9,248,851,1,0.0,0.0,1.0,0.0,0.0,0.0,0.0,0,124882.0
2,5,0,0,0,1.0,1.0,0.02,0.06,0.0,1.0,1.0,1,9540.0
51,9,1427,434,1,0.0,0.0,1.0,0.0,0.0,0.66,0.0,0,8164.0
41,9,147,105,0,0.0,0.0,0.0,0.0,0.0,0.0,0.0,0,76451.0
22,9,290,520,1,0.0,0.0,1.0,0.0,0.0,0.0,0.0,0,7551.0
22,9,319,1719,1,0.0,0.0,1.0,0.0,0.01,0.0,0.0,0,65833.0
22,9,54540,8314,1,0.0,0.0,1.0,0.0,0.0,0.0,0.0,0,125736.0
22,9,208,757,1,0.0,0.0,1.0,0.0,0.05,0.0,0.0,0,11995.0
22,9,314,4613,1,0.0,0.0,1.0,0.0,0.01,0.0,0.0,0,98644.0
46,1,0,0,0,0.0,0.0,0.14,0.06,0.0,0.0,0.0,1,116422.0
2,5,0,0,0,1.0,1.0,0.01,0.06,0.0,1.0,1.0,1,116361.0
11,9,44,130,0,0.0,0.0,1.0,0.0,0.0,0.0,0.0,0,34224.0
13,9,8,0,0,0.0,0.0,1.0,0.0,0.27,0.0,0.0,1,123112.0
46,5,0,0,0,1.0,1.0,0.09,0.05,0.0,0.93,1.0,1,95348.0
22,9,341,447,1,0.0,0.0,1.0,0.0,0.0,0.0,0.0,0,86231.0
11,9,44,44,0,0.0,0.0,1.0,0.0,0.0,0.0,0.0,0,90348.0
46,4,0,0,0,0.0,0.0,1.0,0.0,0.0,0.08,0.0,1,37461.0
22,1,0,0,0,0.0,0.0,1.0,0.0,0.0,0.0,0.0,0,92813.0
14,9,1032,0,0,0.0,0.0,1.0,0.0,0.0,0.0,0.0,0,87840.0
22,9,261,1022,1,0.0,0.0,1.0,0.0,0.03,0.0,0.0,0,11048.0
22,9,334,1694,1,0.0,0.0,1.0,0.0,0.0,0.01,0.01,0,15995.0
46,5,0,0,0,1.0,1.0,0.09,0.06,0.0,1.0,1.0,1,114990.0
46,5,0,0,0,1.0,1.0,0.13,0.05,0.0,1.0,1.0,1,107074.0
22,9,248,1639,1,0.0,0.0,1.0,0.0,0.02,0.0,0.0,0,61936.0
38,5,0,0,0,1.0,1.0,0.01,0.07,0.0,1.0,1.0,1,13464.0
46,4,1,0,0,0.0,0.0,1.0,0.0,0.0,0.0,0.0,1,37919.0
14,9,1032,0,0,0.0,0.0,1.0,0.0,0.0,0.0,0.0,0,109806.0
22,9,222,771,1,0.0,0.0,1.0,0.0,0.02,0.0,0.0,0,275.0
22,9,287,540,1,0.0,0.0,1.0,0.0,0.0,0.0,0.0,0,84482.0
22,9,189,345,1,0.0,0.0,1.0,0.0,0.01,0.0,0.0,0,122713.0
2,5,0,0,0,1.0,1.0,0.18,0.05,0.0,1.0,1.0,1,103897.0
22,9,307,1659,1,0.0,0.0,1.0,0.0,0.03,0.0,0.0,0,68712.0
22,9,335,351,1,0.0,0.0,1.0,0.0,0.02,0.0,0.0,0,59156.0
19,9,16787,0,1,0.0,0.0,1.0,0.0,0.0,0.0,0.0,0,13460.0
36,1,0,0,0,0.0,0.0,0.11,0.07,0.0,0.0,0.0,1,113161.0
46,9,28,0,0,0.0,0.0,1.0,0.0,0.0,0.03,0.0,1,9339.0
24,5,0,0,0,1.0,1.0,0.13,0.06,0.0,1.0,1.0,1,123099.0
22,9,225,2617,1,0.0,0.0,1.0,0.0,0.0,0.0,0.0,0,5917.0
18,9,306,1043,1,0.0,0.0,1.0,0.0,0.0,0.0,0.0,0,45109.0
22,9,251,1694,1,0.0,0.0,1.0,0.0,0.04,0.0,0.0,0,38155.0
11,9,43,43,0,0.0,0.0,1.0,0.0,0.0,0.0,0.0,0,44117.0
22,9,197,296,1,0.0,0.0,1.0,0.0,0.01,0.0,0.0,0,121215.0
46,5,0,0,0,1.0,1.0,0.04,0.06,0.0,1.0,1.0,1,56845.0
22,9,228,32676,1,0.0,0.0,1.0,0.0,0.02,0.0,0.0,0,119613.0
12,5,0,0,0,1.0,1.0,0.11,0.05,0.0,1.0,1.0,1,12020.0
26,1,0,0,0,0.0,0.0,0.14,0.07,0.0,0.0,0.0,1,60068.0
22,9,234,744,1,0.0,0.0,1.0,0.0,0.06,0.0,0.0,0,40530.0
22,9,234,2230,1,0.0,0.0,1.0,0.0,0.0,0.0,0.0,0,105538.0
46,4,0,0,0,0.0,0.0,0.5,1.0,0.0,0.0,0.0,1,74446.0
51,9,49,285,1,0.0,0.0,1.0,0.0,0.0,0.0,0.0,0,37720.0
51,9,2807,339,1,0.0,0.0,1.0,0.0,0.01,0.0,0.0,0,39413.0
22,9,333,280,1,0.0,0.0,1.0,0.0,0.02,0.0,0.0,0,64488.0
22,1,0,0,0,0.0,0.0,1.0,0.0,0.02,0.0,0.0,0,69935.0
46,5,0,0,0,1.0,1.0,0.15,0.07,0.0,1.0,1.0,1,34022.0
46,5,0,0,0,1.0,1.0,0.44,0.19,0.0,1.0,1.0,1,52073.0
19,9,0,482,0,0.0,0.0,1.0,0.0,0.03,0.0,0.0,0,99486.0
46,5,0,0,0,1.0,1.0,0.33,0.05,0.0,1.0,1.0,1,84858.0
51,9,1412,335,1,0.0,0.0,1.0,0.0,0.01,0.0,0.0,0,70651.0
11,9,45,73,0,0.0,0.0,1.0,0.0,0.0,0.0,0.0,0,82850.0
16,5,0,0,0,1.0,1.0,0.01,0.07,0.0,1.0,1.0,1,94163.0
22,1,0,0,0,0.0,0.0,1.0,0.0,0.16,0.0,0.0,0,107599.0
19,9,554,0,1,0.0,0.0,1.0,0.0,0.07,0.0,0.0,0,25969.0
22,1,0,0,0,0.0,0.0,1.0,0.0,0.14,0.0,0.0,0,51976.0
22,9,297,1340,1,0.0,0.0,1.0,0.0,0.01,0.0,0.0,0,37932.0
51,9,1095,327,1,0.0,0.0,1.0,0.0,0.02,0.0,0.0,0,46865.0
11,9,33,0,0,0.0,0.0,1.0,0.0,0.05,0.0,0.0,0,1946.0
25,5,0,0,0,1.0,1.0,0.06,0.05,0.0,1.0,1.0,1,40201.0
60,9,78,0,0,0.0,0.0,0.08,0.08,0.0,0.0,0.0,0,80963.0
53,5,0,0,0,1.0,1.0,0.08,0.06,0.0,1.0,1.0,1,61824.0
14,9,1480,0,0,0.0,0.0,1.0,0.0,0.05,0.0,0.0,0,111283.0
22,9,211,595,1,0.0,0.0,1.0,0.0,0.0,0.0,0.0,0,123532.0
46,1,0,0,0,0.0,0.0,0.5,1.0,0.0,0.02,0.0,1,50028.0
13,9,8,0,0,0.0,0.0,1.0,0.0,0.51,0.0,0.0,1,92584.0
11,9,45,110,0,0.0,0.0,1.0,0.0,0.0,0.0,0.0,0,60564.0
41,9,146,0,0,0.0,0.0,1.0,0.0,0.0,0.0,0.0,0,7388.0
46,9,1,0,0,0.0,0.0,0.12,0.05,0.0,0.0,0.0,1,63510.0
22,9,54540,8314,1,0.0,0.0,1.0,0.0,0.0,0.0,0.0,0,27420.0
29,5,0,0,0,1.0,1.0,0.16,0.05,0.0,1.0,1.0,1,95312.0
25,5,0,0,0,1.0,1.0,0.0,0.06,0.0,1.0,1.0,1,18789.0
22,9,345,3076,1,0.0,0.0,1.0,0.0,0.05,0.0,0.0,0,63162.0
22,9,54540,8314,1,0.0,0.0,1.0,0.0,0.0,0.0,0.0,0,12619.0
41,9,145,105,0,0.0,0.0,0.5,0.5,0.0,0.0,0.0,0,102152.0
22,9,204,4624,1,0.0,0.0,1.0,0.0,0.0,0.0,0.0,0,59904.0
46,9,105,147,0,0.0,0.0,0.17,0.33,0.0,0.0,0.0,0,44996.0
11,9,46,119,0,0.0,0.0,0.99,0.02,0.0,0.0,0.0,0,124849.0
51,9,800,334,1,0.0,0.0,1.0,0.0,0.0,0.0,0.0,0,125701.0
19,4,0,0,0,0.0,0.0,1.0,0.0,0.03,0.01,0.0,1,64980.0
46,5,0,0,0,1.0,1.0,0.16,0.05,0.0,1.0,1.0,1,120013.0
19,9,4435,0,0,0.0,0.0,1.0,0.0,0.05,0.0,0.0,0,116318.0
22,9,236,1158,1,0.0,0.0,1.0,0.0,0.01,0.0,0.0,0,61946.0
19,9,501760,0,1,0.0,0.0,1.0,0.0,0.02,0.0,0.0,0,121766.0
22,9,334,2879,1,0.0,0.0,1.0,0.0,0.02,0.0,0.0,0,81491.0
46,5,0,0,0,1.0,1.0,0.07,0.09,0.0,1.0,1.0,1,45922.0
46,9,1,0,0,0.0,0.0,0.86,0.07,0.0,0.05,0.0,1,47151.0
22,9,54540,8314,1,0.0,0.0,1.0,0.0,0.0,0.0,0.0,0,26942.0
25,5,0,0,0,1.0,1.0,0.03,0.05,0.0,1.0,1.0,1,103448.0
51,9,1281,361,1,0.0,0.0,1.0,0.0,0.02,0.0,0.0,0,85403.0
4,5,0,0,0,1.0,1.0,0.01,0.06,0.0,1.0,1.0,1,108308.0
46,5,0,0,0,1.0,1.0,0.13,0.07,0.0,1.0,1.0,1,110321.0
46,5,0,0,0,1.0,1.0,0.18,0.18,0.0,1.0,1.0,1,51352.0
22,9,159,13380,1,0.0,0.0,1.0,0.0,0.03,0.0,0.0,0,49856.0
11,9,42,42,0,0.0,0.0,1.0,0.0,0.0,0.0,0.0,0,111883.0
61,5,0,0,0,1.0,1.0,0.14,0.06,0.0,1.0,1.0,1,82801.0
22,9,229,1483,1,0.0,0.0,1.0,0.0,0.02,0.0,0.0,0,6429.0
24,5,0,0,0,1.0,1.0,0.11,0.05,0.0,1.0,1.0,1,2251.0
51,9,902,335,1,0.0,0.0,1.0,0.0,0.01,0.0,0.0,0,48756.0
62,5,0,0,0,1.0,1.0,0.07,0.06,0.0,1.0,1.0,1,76621.0
51,9,1333,370,1,0.0,0.0,1.0,0.0,0.01,0.0,0.0,0,83750.0
22,9,196,7203,1,0.0,0.0,1.0,0.0,0.0,0.0,0.0,0,80801.0
46,5,0,0,0,1.0,1.0,0.05,0.06,0.0,1.0,1.0,1,50344.0
22,9,218,744,1,0.0,0.0,1.0,0.0,0.0,0.0,0.0,0,46992.0
11,9,44,129,0,0.0,0.0,1.0,0.0,0.0,0.0,0.0,0,14799.0
22,9,240,422,1,0.0,0.0,1.0,0.0,0.0,0.0,0.0,0,14244.0
22,9,294,7590,1,0.0,0.0,1.0,0.0,0.02,0.0,0.0,0,17784.0
51,9,758,328,1,0.0,0.0,1.0,0.0,0.02,0.0,0.0,0,4474.0
46,1,0,0,0,0.0,0.0,0.1,0.06,0.0,0.0,0.0,1,14383.0
51,9,787,393,1,0.0,0.0,1.0,0.0,0.01,0.0,0.0,0,26348.0
17,5,0,0,0,1.0,1.0,0.5,0.05,0.03,1.0,0.97,1,43842.0
22,9,233,1374,1,0.0,0.0,1.0,0.0,0.0,0.0,0.0,0,45889.0
17,5,0,0,0,0.93,0.8,0.27,0.33,0.0,1.0,1.0,1,26479.0
22,9,320,7543,1,0.0,0.0,1.0,0.0,0.05,0.0,0.0,0,41076.0
38,5,0,0,0,1.0,1.0,0.16,0.05,0.0,1.0,1.0,1,112884.0
19,9,3909,0,1,0.0,0.0,1.0,0.0,0.05,0.0,0.0,0,13889.0
22,9,287,7384,1,0.0,0.0,1.0,0.0,0.0,0.0,0.0,0,57627.0
11,9,46,80,0,0.0,0.0,1.0,0.0,0.0,0.0,0.0,0,119348.0
22,9,282,531,1,0.0,0.0,1.0,0.0,0.01,0.0,0.0,0,45494.0
51,9,2772,402,1,0.0,0.0,1.0,0.0,0.0,0.42,0.0,0,68481.0
17,9,7,138,0,0.0,0.0,1.0,0.0,0.1,0.0,0.0,0,14798.0
35,5,0,0,0,1.0,1.0,0.01,0.06,0.0,1.0,1.0,1,24639.0
55,5,0,0,0,1.0,1.0,0.08,0.09,0.0,1.0,1.0,1,120834.0
22,9,332,388,1,0.0,0.0,1.0,0.0,0.0,0.0,0.0,0,52440.0
27,5,0,0,0,1.0,1.0,0.31,0.06,0.0,1.0,1.0,1,119034.0
22,9,219,1769,1,0.0,0.0,1.0,0.0,0.0,0.0,0.0,0,91569.0
46,9,28,0,0,0.0,0.0,1.0,0.0,0.0,0.0,0.0,1,115090.0
18,9,326,1054,1,0.0,0.0,1.0,0.0,0.0,0.0,0.0,0,115217.0
22,9,209,4325,1,0.0,0.0,1.0,0.0,0.04,0.0,0.0,0,87448.0
54,5,0,0,0,1.0,1.0,0.03,0.07,0.0,1.0,1.0,1,39617.0
22,9,289,11002,1,0.0,0.0,1.0,0.0,0.04,0.01,0.0,0,79891.0
22,9,197,1286,1,0.0,0.0,1.0,0.0,0.03,0.0,0.0,0,38773.0
60,9,78,0,0,0.0,0.0,0.43,0.14,0.0,0.0,0.0,0,26737.0
22,9,240,1469,1,0.0,0.0,1.0,0.0,0.02,0.01,0.01,0,59161.0
22,9,187,313,1,0.0,0.0,1.0,0.0,0.04,0.0,0.0,0,26887.0
22,9,258,731,1,0.0,0.0,1.0,0.0,0.04,0.0,0.0,0,34625.0
17,5,0,0,0,1.0,1.0,0.08,0.05,0.0,1.0,1.0,1,103460.0
4,1,0,0,0,0.0,0.0,0.01,0.07,0.0,0.0,0.0,1,97823.0
13,9,8,0,0,0.0,0.0,1.0,0.0,0.5,0.0,0.0,1,105847.0
22,9,289,280,1,0.0,0.0,1.0,0.0,0.0,0.0,0.0,0,9334.0
51,9,2555,639,1,0.0,0.0,1.0,0.0,0.0,0.6,0.64,0,41185.0
22,9,230,660,1,0.0,0.0,1.0,0.0,0.01,0.0,0.0,0,67673.0
19,5,0,0,0,1.0,1.0,0.27,0.07,0.0,1.0,1.0,1,115407.0
51,9,1085,328,1,0.0,0.0,1.0,0.0,0.01,0.0,0.0,0,14477.0
19,9,5319,0,1,0.0,0.0,1.0,0.0,0.0,0.0,0.0,0,24988.0
22,9,287,2168,1,0.0,0.0,1.0,0.0,0.0,0.0,0.0,0,70289.0
11,9,45,45,0,0.0,0.0,1.0,0.0,0.0,0.0,0.0,0,17869.0
22,9,291,2696,1,0.0,0.0,1.0,0.0,0.0,0.0,0.0,0,111401.0
22,9,191,1115,1,0.0,0.0,1.0,0.0,0.02,0.0,0.0,0,71421.0
57,2,126,179,0,0.0,0.0,1.0,0.0,0.0,0.04,0.04,0,26413.0
46,9,215,0,0,0.0,0.0,1.0,0.0,0.0,0.0,0.0,0,3168.0
22,9,321,398,1,0.0,0.0,1.0,0.0,0.0,0.0,0.0,0,66334.0
22,9,54540,8314,1,0.0,0.0,1.0,0.0,0.0,0.0,0.0,0,70126.0
22,9,203,2996,1,0.08,0.08,1.0,0.0,0.0,0.01,0.01,0,47526.0
56,1,0,0,0,0.07,0.0,0.0,1.0,0.0,0.13,0.0,1,57121.0
56,5,0,0,0,1.0,1.0,0.04,0.07,0.0,1.0,1.0,1,120308.0
22,9,203,1024,1,0.0,0.0,1.0,0.0,0.02,0.0,0.0,0,125310.0
22,9,213,984,1,0.0,0.0,1.0,0.0,0.0,0.0,0.0,0,61459.0
22,9,213,1538,1,0.0,0.0,1.0,0.0,0.05,0.01,0.01,0,57396.0
51,4,0,0,0,0.0,0.0,1.0,0.0,0.02,0.0,0.0,1,69748.0
22,9,211,923,1,0.0,0.0,1.0,0.0,0.02,0.0,0.0,0,72960.0
22,9,234,1680,1,0.0,0.0,1.0,0.0,0.0,0.0,0.0,0,27175.0
11,9,42,70,0,0.0,0.0,1.0,0.0,0.0,0.0,0.0,0,51579.0
38,5,0,0,0,1.0,1.0,0.19,0.05,0.0,1.0,1.0,1,26604.0
22,5,0,0,0,1.0,1.0,0.31,0.07,0.0,1.0,1.0,1,25456.0
22,9,248,18992,1,0.0,0.0,1.0,0.0,0.02,0.0,0.0,0,66415.0
22,9,281,1903,1,0.0,0.0,1.0,0.0,0.0,0.0,0.0,0,36055.0
51,9,586,328,1,0.0,0.0,1.0,0.0,0.0,0.0,0.0,0,100683.0
22,9,187,7770,1,0.0,0.0,0.5,1.0,0.0,0.0,0.0,0,116426.0
22,9,208,25395,1,0.0,0.0,1.0,0.0,0.08,0.0,0.0,0,81611.0
46,9,1,0,0,0.0,0.0,0.17,0.11,0.0,0.0,0.0,1,75729.0
1,9,248,368,1,0.0,0.0,1.0,0.0,0.0,0.0,0.0,0,49041.0
46,9,215,0,0,0.0,0.0,1.0,0.0,0.0,0.0,0.0,0,119716.0
21,5,0,0,0,1.0,1.0,0.04,0.06,0.0,1.0,1.0,1,10343.0
22,9,190,887,1,0.0,0.0,1.0,0.0,0.0,0.0,0.0,0,85449.0
40,9,48,48,0,0.0,0.0,1.0,0.0,0.0,0.0,0.0,0,119979.0
22,9,210,16144,1,0.0,0.0,1.0,0.0,0.4,0.0,0.0,0,5589.0
51,9,647,329,1,0.0,0.0,0.5,1.0,0.02,0.0,0.0,0,70316.0
14,9,1032,0,0,0.0,0.0,1.0,0.0,0.0,0.0,0.0,0,54468.0
22,9,210,3738,1,0.0,0.0,1.0,0.0,0.03,0.0,0.0,0,106942.0
13,9,18,0,0,0.0,0.0,1.0,0.0,1.0,0.0,0.0,1,39773.0
13,9,8,0,0,0.0,0.0,1.0,0.0,0.5,0.0,0.0,1,21438.0
22,9,232,4896,1,0.0,0.0,1.0,0.0,0.02,0.0,0.0,0,44220.0
22,1,0,0,0,0.0,0.0,1.0,0.0,0.07,0.0,0.07,0,79108.0
22,9,197,1705,1,0.0,0.0,1.0,0.0,0.03,0.0,0.0,0,10761.0
22,9,251,327,1,0.0,0.0,1.0,0.0,0.01,0.0,0.0,0,14390.0
13,9,8,0,0,0.0,0.0,1.0,0.0,0.5,0.0,0.0,1,42217.0
13,9,18,0,0,0.0,0.0,1.0,0.0,1.0,0.0,0.0,1,54999.0
22,9,207,5971,1,0.0,0.0,1.0,0.0,0.0,0.0,0.0,0,9243.0
63,5,0,0,0,1.0,1.0,0.28,0.15,0.0,1.0,1.0,1,3342.0
29,1,0,0,0,0.0,0.0,0.13,0.05,0.0,0.0,0.0,1,45281.0
22,9,249,266,1,0.0,0.0,1.0,0.0,0.0,0.0,0.0,0,103644.0
17,9,7,271,0,0.0,0.0,0.2,0.4,0.0,0.0,0.0,0,109945.0
41,9,146,105,0,0.0,0.0,1.0,0.0,0.0,0.0,0.0,0,113192.0
22,9,213,2204,1,0.0,0.0,1.0,0.0,0.0,0.0,0.0,0,66889.0
26,5,0,0,0,1.0,1.0,0.05,0.05,0.0,1.0,1.0,1,106629.0
22,9,306,369,1,0.0,0.0,1.0,0.0,0.0,0.0,0.0,0,67028.0
46,5,0,0,0,1.0,1.0,0.02,0.07,0.0,1.0,1.0,1,118822.0
22,9,216,1311,1,0.0,0.0,1.0,0.0,0.03,0.0,0.0,0,76191.0
46,9,1,0,0,0.0,0.0,1.0,0.0,0.0,0.0,0.0,1,32686.0
22,9,54540,8314,1,0.0,0.0,1.0,0.0,0.0,0.0,0.0,0,98706.0
13,9,8,0,0,0.0,0.0,1.0,0.0,0.25,0.0,0.0,1,37132.0
64,5,0,0,0,1.0,1.0,0.03,0.06,0.0,1.0,1.0,1,26726.0
46,5,0,0,0,1.0,1.0,0.05,0.06,0.0,1.0,1.0,1,63750.0
46,1,0,0,0,0.0,0.0,0.06,0.08,0.0,0.0,0.0,1,89601.0
39,5,0,0,0,1.0,1.0,0.06,0.06,0.0,1.0,1.0,1,11676.0
22,9,290,2448,1,0.0,0.0,1.0,0.0,0.03,0.0,0.0,0,21360.0
46,5,0,0,0,1.0,1.0,0.07,0.06,0.0,1.0,1.0,1,51933.0
22,9,233,6104,1,0.0,0.0,1.0,0.0,0.03,0.0,0.0,0,107584.0
22,9,211,1696,1,0.0,0.0,1.0,0.0,0.04,0.0,0.0,0,19493.0
46,1,0,0,0,0.0,0.0,0.01,0.07,0.0,0.0,0.0,1,42890.0
41,9,145,0,0,0.0,0.0,0.25,0.75,0.0,0.0,0.0,0,72893.0
13,9,18,0,0,0.0,0.0,1.0,0.0,0.25,0.0,0.0,1,117123.0
46,5,0,0,0,1.0,1.0,1.0,0.0,0.0,1.0,1.0,1,51883.0
22,9,287,3413,1,0.0,0.0,1.0,0.0,0.0,0.0,0.0,0,118961.0
46,4,0,0,0,0.0,0.0,1.0,0.0,0.0,0.0,0.0,1,99136.0
17,5,0,0,0,1.0,1.0,0.24,0.12,0.0,1.0,1.0,1,42035.0
46,5,0,0,0,1.0,1.0,0.11,0.05,0.0,1.0,1.0,1,19958.0
22,9,292,183,1,0.0,0.0,1.0,0.0,0.0,0.0,0.0,0,8958.0
22,9,332,2818,1,0.0,0.0,1.0,0.0,0.02,0.0,0.0,0,123474.0
46,1,0,0,0,0.0,0.0,1.0,0.0,0.0,0.0,0.0,1,36278.0
11,9,45,73,0,0.0,0.0,1.0,0.0,0.0,0.0,0.0,0,32019.0
46,9,28,0,0,0.0,0.0,1.0,0.0,0.0,0.02,0.0,1,58005.0
46,5,0,0,0,1.0,1.0,0.06,0.05,0.0,0.88,1.0,1,17233.0
22,9,159,584,1,0.0,0.0,1.0,0.0,0.05,0.0,0.0,0,63667.0
46,5,0,0,0,1.0,1.0,0.02,0.07,0.0,1.0,1.0,1,120207.0
55,1,0,0,0,0.0,0.0,0.04,0.06,0.0,0.0,0.0,1,68043.0
22,1,0,0,0,0.0,0.0,1.0,0.0,0.21,0.0,0.01,0,107152.0
17,9,8,0,0,0.0,0.0,1.0,0.0,0.25,0.01,0.12,0,6963.0
46,5,0,0,0,1.0,1.0,0.06,0.05,0.0,0.88,1.0,1,39892.0
22,1,0,0,0,0.0,0.0,1.0,0.0,0.11,0.0,0.0,0,106854.0
22,9,221,11803,1,0.0,0.0,1.0,0.0,0.0,0.0,0.0,0,98287.0
20,5,0,0,0,1.0,1.0,0.09,0.06,0.0,1.0,1.0,1,39379.0
37,5,0,0,0,1.0,1.0,0.04,0.06,0.0,1.0,1.0,1,82787.0
22,9,337,780,1,0.0,0.0,1.0,0.0,0.06,0.0,0.0,0,58664.0
51,5,0,0,0,1.0,1.0,0.06,0.07,0.0,1.0,1.0,1,38646.0
22,9,334,564,1,0.0,0.0,1.0,0.0,0.02,0.0,0.0,0,103855.0
13,9,18,0,0,0.0,0.0,1.0,0.0,1.0,0.0,0.0,1,12851.0
46,1,0,0,0,0.0,0.0,0.06,0.06,0.0,0.0,0.0,1,121496.0
22,9,279,2289,1,0.0,0.0,1.0,0.0,0.02,0.0,0.0,0,111771.0
46,3,0,0,0,0.5,0.5,1.0,0.0,0.0,0.0,0.5,0,57361.0
19,5,0,0,0,1.0,1.0,0.08,0.06,0.0,1.0,1.0,1,43891.0
51,9,936,336,1,0.0,0.0,1.0,0.0,0.02,0.01,0.0,0,30392.0
17,9,7,363,0,0.0,0.0,1.0,0.0,0.43,0.0,0.14,0,16847.0
22,5,0,0,0,0.5,0.5,1.0,0.0,0.01,0.01,0.0,0,61199.0
22,9,476,8216,1,0.0,0.0,1.0,0.0,0.01,0.0,0.0,0,85743.0
55,1,0,0,0,0.0,0.0,0.07,0.07,0.0,0.0,0.0,1,5202.0
9,5,0,0,0,1.0,1.0,0.03,0.07,0.0,1.0,1.0,1,119455.0
22,1,0,0,0,0.0,0.0,1.0,0.0,0.22,0.0,0.0,0,118507.0
13,9,18,0,0,0.0,0.0,1.0,0.0,1.0,0.0,0.0,1,9113.0
8,5,0,0,0,1.0,1.0,0.04,0.06,0.0,1.0,1.0,1,59736.0
46,1,0,0,0,0.0,0.0,0.14,0.06,0.0,0.0,0.0,1,9384.0
22,9,208,431,1,0.0,0.0,1.0,0.0,0.0,0.0,0.0,0,60187.0
22,9,205,12615,1,0.0,0.0,1.0,0.0,0.0,0.0,0.0,0,105377.0
41,9,147,105,0,0.0,0.0,0.33,0.67,0.0,0.0,0.0,0,9369.0
11,9,42,42,0,0.0,0.0,1.0,0.0,0.0,0.0,0.0,0,79845.0
22,9,212,4210,1,0.0,0.0,1.0,0.0,0.05,0.0,0.0,0,72707.0
19,9,59,0,1,0.0,0.0,1.0,0.0,0.0,0.0,0.0,0,61920.0
46,5,0,0,0,1.0,1.0,0.13,0.06,0.0,1.0,1.0,1,5163.0
11,9,44,110,0,0.0,0.0,1.0,0.0,0.0,0.0,0.0,0,29471.0
22,5,0,0,0,1.0,1.0,0.37,0.08,0.0,1.0,1.0,1,56678.0
32,1,0,0,0,0.0,0.0,0.08,0.06,0.0,0.0,0.0,1,90771.0
22,9,191,515,1,0.0,0.0,1.0,0.0,0.04,0.0,0.0,0,43753.0
46,5,0,0,0,1.0,1.0,0.17,0.06,0.0,1.0,1.0,1,32698.0
16,5,0,0,0,1.0,1.0,0.17,0.06,0.0,1.0,1.0,1,53495.0
46,4,0,0,0,0.0,0.0,1.0,0.0,0.0,0.0,0.0,1,82619.0
46,1,0,0,0,0.0,0.0,0.03,0.06,0.0,0.0,0.0,1,45356.0
19,9,2194619,0,1,0.0,0.0,1.0,0.0,0.03,0.01,0.02,0,42382.0
13,9,8,0,0,0.0,0.0,1.0,0.0,0.5,0.0,0.0,1,64013.0
46,5,0,0,0,1.0,1.0,0.01,0.07,0.0,0.94,1.0,1,52327.0
51,9,1278,338,1,0.0,0.0,1.0,0.0,0.01,0.0,0.0,0,29468.0
29,5,0,0,0,1.0,1.0,0.02,0.06,0.0,1.0,1.0,1,47288.0
41,4,1,0,0,0.0,0.0,1.0,0.0,0.0,0.0,0.0,1,17800.0
51,9,2972,332,1,0.0,0.0,1.0,0.0,0.01,0.0,0.0,0,98992.0
46,9,105,147,0,0.0,0.0,1.0,0.0,0.0,0.0,0.0,0,52832.0
14,9,520,0,0,0.0,0.0,1.0,0.0,0.0,0.0,0.0,0,6837.0
11,9,77,44,0,0.0,0.0,1.0,0.0,0.0,0.0,0.0,0,100533.0
11,9,33,0,0,0.0,0.0,1.0,0.0,0.0,0.0,0.0,0,35988.0
57,5,0,0,0,0.98,1.0,0.23,0.08,0.0,1.0,1.0,1,58848.0
22,9,289,24461,1,0.0,0.0,1.0,0.0,0.03,0.0,0.0,0,111784.0
22,9,290,2042,1,0.0,0.0,1.0,0.0,0.04,0.0,0.0,0,125106.0
46,5,0,0,0,1.0,1.0,0.15,0.05,0.0,1.0,1.0,1,71982.0
46,5,0,0,0,1.0,1.0,0.12,0.5,0.0,1.0,1.0,1,34585.0
22,9,229,1404,1,0.0,0.0,1.0,0.0,0.01,0.0,0.0,0,116479.0
60,9,78,0,0,0.0,0.0,0.37,0.11,0.0,0.0,0.0,0,82574.0
40,9,48,48,0,0.0,0.0,0.33,0.67,0.0,0.0,0.0,0,89426.0
41,9,145,105,0,0.0,0.0,1.0,0.0,0.0,0.0,0.0,0,40288.0
22,9,242,337,1,0.0,0.0,1.0,0.0,0.0,0.0,0.0,0,40217.0
22,9,220,6392,1,0.0,0.0,1.0,0.0,0.02,0.0,0.0,0,94828.0
22,4,54540,8314,1,0.0,0.0,1.0,0.0,0.0,0.01,0.01,0,21656.0
19,9,4892,0,0,0.0,0.0,1.0,0.0,0.0,0.0,0.0,0,46858.0
46,5,0,0,0,1.0,1.0,0.02,0.06,0.0,1.0,1.0,1,38527.0
22,9,201,658,1,0.0,0.0,1.0,0.0,0.06,0.0,0.0,0,110667.0
46,1,0,0,0,0.0,0.0,0.5,1.0,0.0,0.18,0.0,1,54209.0
46,5,0,0,0,1.0,1.0,0.07,0.05,0.0,1.0,1.0,1,31475.0
51,9,1129,327,1,0.0,0.0,1.0,0.0,0.02,0.0,0.04,0,3624.0
19,5,0,0,0,1.0,1.0,0.03,0.06,0.0,1.0,1.0,1,31198.0
6,5,0,0,0,1.0,1.0,0.02,0.06,0.0,1.0,1.0,1,112850.0
34,5,0,0,0,1.0,1.0,0.01,0.06,0.0,1.0,1.0,1,87049.0
19,9,8766,0,0,0.0,0.0,1.0,0.0,0.0,0.0,0.0,0,5655.0
30,5,0,0,0,1.0,1.0,0.09,0.05,0.0,1.0,1.0,1,58070.0
38,5,0,0,0,1.0,1.0,0.02,0.06,0.0,1.0,1.0,1,36107.0
22,9,183,3376,1,0.0,0.0,1.0,0.0,0.02,0.0,0.0,0,90687.0
14,9,1032,0,0,0.0,0.0,1.0,0.0,0.0,0.0,0.0,0,80543.0
46,5,0,0,0,1.0,1.0,0.17,0.05,0.0,1.0,1.0,1,119699.0
17,5,0,0,0,1.0,1.0,1.0,0.0,1.0,1.0,0.67,1,112310.0
22,5,0,0,0,0.5,0.25,1.0,0.0,0.0,0.01,0.01,0,61801.0
13,9,8,0,0,0.0,0.0,1.0,0.0,0.5,0.0,0.0,1,77041.0
22,9,339,678,1,0.0,0.0,1.0,0.0,0.02,0.0,0.0,0,2226.0
20,5,0,0,0,1.0,1.0,0.03,0.06,0.0,1.0,1.0,1,115132.0
46,9,28,0,0,0.0,0.0,1.0,0.0,0.0,0.0,0.0,1,60352.0
57,5,0,0,0,1.0,1.0,0.11,0.11,0.0,1.0,1.0,1,2909.0
22,9,208,6078,1,0.0,0.0,1.0,0.0,0.04,0.0,0.0,0,88957.0
13,9,8,0,0,0.0,0.0,1.0,0.0,0.5,0.0,0.0,1,56989.0
22,9,306,913,1,0.0,0.0,1.0,0.0,0.0,0.0,0.0,0,72556.0
9,5,0,0,0,1.0,1.0,0.09,0.06,0.0,1.0,1.0,1,64840.0
3,5,0,0,0,1.0,1.0,0.05,0.05,0.0,1.0,1.0,1,106669.0
37,5,0,0,0,1.0,1.0,0.04,0.07,0.0,1.0,1.0,1,34488.0
46,5,0,0,0,1.0,1.0,0.13,0.05,0.0,1.0,1.0,1,6640.0
51,9,1296,330,1,0.0,0.0,1.0,0.0,0.01,0.0,0.0,0,31786.0
22,9,299,711,1,0.0,0.0,1.0,0.0,0.02,0.0,0.0,0,35129.0
46,5,0,0,0,1.0,1.0,0.04,0.06,0.0,1.0,1.0,1,73313.0
8,5,0,0,0,1.0,1.0,0.04,0.06,0.0,1.0,1.0,1,109631.0
46,1,0,0,0,0.0,0.0,1.0,0.0,0.0,0.0,0.0,1,86821.0
17,9,10,139,0,0.0,0.0,1.0,0.0,0.0,0.0,0.0,0,70219.0
22,9,527,7055,1,0.0,0.0,1.0,0.0,0.0,0.0,0.0,0,11701.0
55,5,0,0,0,1.0,1.0,0.07,0.05,0.0,1.0,1.0,1,26685.0
14,9,1032,0,0,0.0,0.0,1.0,0.0,0.0,0.0,0.0,0,36839.0
22,9,199,1857,1,0.0,0.0,1.0,0.0,0.01,0.0,0.0,0,61958.0
19,5,0,0,0,1.0,1.0,0.61,0.06,0.04,1.0,0.41,1,3766.0
13,9,30,0,0,0.0,0.0,0.2,0.6,0.0,0.0,0.0,0,53044.0
46,4,0,0,0,0.0,0.0,0.5,1.0,0.0,0.0,0.0,1,112370.0
34,1,0,0,0,0.0,0.0,0.04,0.07,0.0,0.0,0.0,1,47725.0
22,5,0,0,0,1.0,1.0,0.21,0.17,0.0,1.0,1.0,1,59010.0
41,9,516,4,0,0.0,0.0,1.0,0.0,0.0,0.0,0.0,0,61889.0
22,9,286,3491,1,0.0,0.0,1.0,0.0,0.05,0.0,0.0,0,818.0
46,9,1,0,0,0.0,0.0,0.31,0.1,0.0,0.16,0.0,1,32682.0
22,9,294,3560,1,0.0,0.0,1.0,0.0,0.0,0.0,0.0,0,49811.0
14,9,30,0,0,0.0,0.0,1.0,0.0,0.0,0.0,0.0,0,60769.0
4,5,0,0,0,1.0,1.0,0.07,0.06,0.0,1.0,1.0,1,49908.0
22,9,329,458,1,0.0,0.0,1.0,0.0,0.0,0.0,0.0,0,72748.0
5,5,0,0,0,1.0,1.0,0.1,0.06,0.0,1.0,1.0,1,79430.0
46,5,0,0,0,1.0,1.0,0.03,0.06,0.0,1.0,1.0,1,7130.0
13,9,8,0,0,0.0,0.0,1.0,0.0,0.5,0.0,0.0,1,35784.0
18,9,703,2070,1,0.0,0.0,1.0,0.0,0.0,0.0,0.0,0,113374.0
19,9,252,0,0,0.0,0.0,1.0,0.0,0.0,0.0,0.0,0,35801.0
10,5,0,0,0,1.0,1.0,0.17,0.06,0.0,1.0,1.0,1,110075.0
22,9,291,303,1,0.0,0.0,1.0,0.0,0.03,0.0,0.01,0,116958.0
12,2,0,0,0,0.0,0.0,0.02,0.06,0.0,0.0,0.0,1,109711.0
22,9,228,1483,1,0.0,0.0,1.0,0.0,0.0,0.0,0.0,0,110554.0
22,9,238,2997,1,0.0,0.0,1.0,0.0,0.02,0.0,0.0,0,68958.0
22,9,226,1380,1,0.0,0.0,1.0,0.0,0.0,0.0,0.0,0,95184.0
11,9,44,44,0,0.0,0.0,1.0,0.0,0.0,0.0,0.0,0,10440.0
14,9,1032,0,0,0.0,0.0,1.0,0.0,0.0,0.0,0.0,0,64710.0
60,9,181,0,0,0.0,0.0,0.33,1.0,0.0,0.0,0.0,0,19986.0
46,5,0,0,0,1.0,1.0,0.02,0.06,0.0,1.0,1.0,1,70160.0
11,9,45,77,0,0.0,0.0,1.0,0.0,0.0,0.0,0.0,0,122330.0
54,5,0,0,0,1.0,1.0,0.06,0.07,0.0,1.0,1.0,1,54460.0
22,9,199,7469,1,0.0,0.0,1.0,0.0,0.0,0.0,0.0,0,107120.0
3,1,0,0,0,0.0,0.0,0.07,0.06,0.0,0.0,0.0,1,67186.0
46,5,0,0,0,1.0,1.0,0.2,0.06,0.0,1.0,1.0,1,85325.0
60,9,183,0,0,0.0,0.0,0.5,1.0,0.0,0.0,0.0,0,22953.0
22,9,193,1745,1,0.0,0.0,1.0,0.0,0.04,0.0,0.0,0,116643.0
22,9,311,488,1,0.0,0.0,1.0,0.0,0.0,0.0,0.0,0,106284.0
22,9,316,2698,1,0.0,0.0,1.0,0.0,0.0,0.0,0.0,0,111310.0
13,9,8,0,0,0.0,0.0,1.0,0.0,0.5,0.0,0.0,1,53281.0
46,9,105,147,0,0.0,0.0,0.25,0.25,0.0,0.0,0.0,0,17212.0
5,5,0,0,0,1.0,1.0,0.02,0.07,0.0,1.0,1.0,1,93736.0
46,9,1,0,0,0.0,0.0,0.29,0.06,0.0,0.0,0.0,1,45158.0
22,9,298,356,1,0.0,0.0,1.0,0.0,0.02,0.0,0.0,0,68879.0
46,1,0,0,0,0.0,0.0,0.08,0.07,0.0,0.0,0.0,1,60668.0
49,5,0,0,0,1.0,1.0,0.09,0.06,0.0,1.0,1.0,1,20919.0
57,5,0,0,0,1.0,1.0,0.01,0.06,0.0,1.0,1.0,1,107376.0
46,5,0,0,0,1.0,1.0,0.04,0.05,0.0,1.0,1.0,1,48367.0
17,9,9,171,0,0.0,0.0,1.0,0.0,0.6,0.0,0.0,0,38762.0
46,5,0,0,0,1.0,1.0,0.03,0.08,0.0,1.0,1.0,1,60128.0
51,9,981,388,1,0.0,0.0,1.0,0.0,0.0,0.42,0.47,0,109096.0
22,5,0,0,0,0.5,0.5,1.0,0.0,0.0,0.05,0.05,0,16844.0
27,5,0,0,0,1.0,1.0,0.19,0.06,0.0,1.0,1.0,1,70645.0
13,9,64,0,0,0.0,0.0,1.0,0.0,0.0,0.0,0.0,0,96934.0
41,9,201,0,1,0.0,0.0,1.0,0.0,0.0,0.02,0.0,0,98270.0
19,9,2056,0,1,0.0,0.0,1.0,0.0,0.02,0.0,0.0,0,59107.0
21,5,0,0,0,1.0,1.0,0.01,0.05,0.0,1.0,1.0,1,57067.0
46,1,0,0,0,0.06,0.0,0.0,1.0,0.0,0.08,0.0,1,90347.0
19,9,59,0,1,0.0,0.0,1.0,0.0,0.0,0.0,0.0,0,69622.0
56,1,0,0,0,0.0,0.0,0.08,0.06,0.0,0.0,0.0,1,62103.0
17,5,0,0,0,1.0,1.0,0.25,0.08,0.0,1.0,1.0,1,111074.0
9,5,0,0,0,1.0,1.0,0.08,0.07,0.0,1.0,1.0,1,120360.0
12,2,0,0,0,0.0,0.0,0.03,0.07,0.0,0.0,0.0,1,67857.0
22,7,158,0,1,0.5,0.5,1.0,0.0,0.03,0.07,0.01,0,114937.0
44,9,35,130,1,0.0,0.0,1.0,0.0,0.4,0.0,0.0,0,4027.0
32,5,0,0,0,1.0,1.0,0.1,0.06,0.0,1.0,1.0,1,6028.0
22,9,267,17039,1,0.0,0.0,1.0,0.0,0.0,0.0,0.0,0,53886.0
22,2,0,0,1,0.0,0.0,1.0,0.0,0.05,0.0,0.0,0,120118.0
11,9,42,42,0,0.0,0.0,1.0,0.0,0.0,0.0,0.0,0,64732.0
61,5,0,0,0,1.0,1.0,0.08,0.06,0.0,1.0,1.0,1,102878.0
22,9,210,1108,1,0.0,0.0,1.0,0.0,0.03,0.0,0.0,0,7600.0
22,5,0,0,0,1.0,1.0,0.39,0.1,0.0,1.0,1.0,1,44211.0
22,9,231,7648,1,0.0,0.0,1.0,0.0,0.01,0.0,0.0,0,119688.0
46,1,0,0,0,0.11,0.0,0.0,1.0,0.0,0.1,0.0,1,42449.0
22,9,234,36749,1,0.0,0.0,1.0,0.0,0.03,0.0,0.0,0,118081.0
46,5,0,0,0,1.0,1.0,0.07,0.06,0.0,1.0,1.0,1,103228.0
22,9,329,354,1,0.0,0.0,1.0,0.0,0.0,0.0,0.0,0,81767.0
14,9,1032,0,0,0.0,0.0,1.0,0.0,0.0,0.0,0.0,0,70271.0
22,9,207,2302,1,0.0,0.0,1.0,0.0,0.0,0.0,0.0,0,93993.0
61,5,0,0,0,1.0,1.0,0.16,0.07,0.0,1.0,1.0,1,79101.0
19,9,12,0,1,0.0,0.0,1.0,0.0,0.02,0.0,0.0,0,47146.0
51,9,1200,331,1,0.0,0.0,1.0,0.0,0.02,0.0,0.0,0,10080.0
59,9,36,0,0,0.0,0.0,1.0,0.0,0.0,0.0,0.0,1,122076.0
46,5,0,0,0,1.0,1.0,0.14,0.06,0.0,1.0,1.0,1,44911.0
51,5,0,0,0,1.0,0.85,1.0,0.0,0.01,0.99,0.52,1,99552.0
22,9,289,420,1,0.0,0.0,1.0,0.0,0.0,0.0,0.0,0,96418.0
22,9,187,14005,1,0.0,0.0,1.0,0.0,0.0,0.0,0.0,0,65018.0
51,9,2192,397,1,0.0,0.0,1.0,0.0,0.01,0.0,0.0,0,6707.0
46,5,0,0,0,1.0,1.0,0.25,0.12,0.0,1.0,1.0,1,35230.0
22,9,194,290,1,0.0,0.0,1.0,0.0,0.0,0.0,0.0,0,34593.0
22,9,302,122,1,0.0,0.0,1.0,0.0,0.01,0.0,0.0,0,102211.0
51,9,556,336,1,0.0,0.0,1.0,0.0,0.01,0.0,0.0,0,17124.0
19,9,4539,0,1,0.0,0.0,1.0,0.0,0.05,0.11,0.0,0,94039.0
22,9,327,338,1,0.0,0.0,1.0,0.0,0.0,0.0,0.0,0,108426.0
43,5,0,0,0,1.0,1.0,0.04,0.07,0.0,1.0,1.0,1,4288.0
55,5,0,0,0,1.0,1.0,0.04,0.07,0.0,1.0,1.0,1,63613.0
11,9,46,112,0,0.0,0.0,1.0,0.0,0.0,0.0,0.0,0,42151.0
11,9,46,77,0,0.0,0.0,1.0,0.0,0.0,0.0,0.0,0,80044.0
53,5,0,0,0,1.0,1.0,0.09,0.06,0.0,1.0,1.0,1,28151.0
19,9,12,0,1,0.0,0.0,1.0,0.0,0.0,0.0,0.0,0,44033.0
22,9,219,1899,1,0.0,0.0,1.0,0.0,0.05,0.0,0.0,0,15417.0
55,5,0,0,0,1.0,1.0,0.04,0.08,0.0,1.0,1.0,1,42892.0
22,9,231,1159,1,0.0,0.0,1.0,0.0,0.0,0.0,0.0,0,27580.0
19,9,12,0,1,0.0,0.0,1.0,0.0,0.0,0.0,0.0,0,50520.0
22,9,340,2767,1,0.0,0.0,1.0,0.0,0.01,0.0,0.0,0,68319.0
11,9,46,139,0,0.0,0.0,1.0,0.0,0.0,0.0,0.0,0,98007.0
57,9,118,7178,1,0.0,0.0,1.0,0.0,0.0,0.0,0.0,0,82615.0
22,9,190,365,1,0.0,0.0,1.0,0.0,0.0,0.0,0.0,0,84008.0
22,9,358,11355,1,0.0,0.0,1.0,0.0,0.0,0.0,0.0,0,6895.0
15,1,0,0,0,0.0,0.0,0.15,0.06,0.0,0.0,0.0,1,17204.0
46,5,0,0,0,1.0,1.0,0.06,0.06,0.0,1.0,1.0,1,105649.0
22,9,218,280,1,0.0,0.0,1.0,0.0,0.0,0.0,0.0,0,91843.0
22,9,227,409,1,0.0,0.0,1.0,0.0,0.03,0.02,0.0,0,68866.0
46,5,0,0,0,1.0,1.0,0.03,0.09,0.0,1.0,1.0,1,115151.0
9,2,0,0,0,0.0,0.0,0.06,0.07,0.0,0.0,0.0,1,78193.0
17,5,0,0,0,1.0,1.0,0.03,0.08,0.0,1.0,1.0,1,86956.0
22,9,187,3794,1,0.0,0.0,1.0,0.0,0.04,0.0,0.01,0,66578.0
46,1,0,0,0,0.03,0.0,0.0,1.0,0.0,0.04,0.0,1,8697.0
17,9,5,264,0,0.0,0.0,1.0,0.0,0.18,0.0,0.0,0,33038.0
18,9,1060,3081,1,0.0,0.0,1.0,0.0,0.0,0.0,0.0,0,32282.0
22,5,0,0,0,1.0,1.0,0.35,0.07,0.0,1.0,1.0,1,42224.0
17,5,0,0,0,1.0,1.0,0.31,0.07,0.0,1.0,1.0,1,14427.0
2,5,0,0,0,1.0,1.0,0.01,0.08,0.0,1.0,1.0,1,110195.0
19,9,334,0,1,0.0,0.0,1.0,0.0,0.19,0.0,0.0,0,63689.0
30,5,0,0,0,1.0,1.0,0.15,0.07,0.0,1.0,1.0,1,62223.0
22,1,0,0,0,0.0,0.0,1.0,0.0,0.08,0.0,0.0,0,59469.0
46,1,0,0,0,0.0,0.0,0.5,1.0,0.0,0.0,0.0,1,44291.0
11,9,46,117,0,0.0,0.0,1.0,0.0,0.0,0.0,0.0,0,99337.0
46,5,0,0,0,1.0,1.0,0.11,0.06,0.0,1.0,1.0,1,64424.0
34,5,0,0,0,1.0,1.0,0.02,0.06,0.0,1.0,1.0,1,35257.0
22,9,253,837,1,0.0,0.0,1.0,0.0,0.05,0.0,0.0,0,106218.0
51,9,2652,331,1,0.0,0.0,1.0,0.0,0.1,0.0,0.0,0,113762.0
2,5,0,0,0,1.0,1.0,0.06,0.05,0.0,1.0,1.0,1,9240.0
19,9,749,0,1,0.0,0.0,1.0,0.0,0.0,0.0,0.0,0,13542.0
22,9,280,1288,1,0.0,0.0,1.0,0.0,0.05,0.0,0.0,0,12634.0
46,4,0,0,0,0.0,0.0,1.0,0.0,0.0,0.0,0.0,1,94794.0
20,1,0,0,0,0.0,0.0,0.08,0.06,0.0,0.0,0.0,1,94863.0
33,5,0,0,0,1.0,1.0,0.17,0.06,0.0,1.0,1.0,1,16917.0
22,9,332,1897,1,0.0,0.0,1.0,0.0,0.0,0.0,0.0,0,81969.0
5,5,0,0,0,1.0,1.0,0.01,0.07,0.0,1.0,1.0,1,56172.0
46,9,1,0,0,0.0,0.0,0.83,0.03,0.0,0.0,0.0,1,8013.0
22,9,228,3200,1,0.0,0.0,1.0,0.0,0.01,0.0,0.0,0,89870.0
11,9,45,76,0,0.0,0.0,1.0,0.0,0.0,0.0,0.0,0,12059.0
22,9,167,6571,1,0.0,0.0,1.0,0.0,0.04,0.0,0.0,0,114690.0
46,5,0,0,0,1.0,1.0,0.05,0.12,0.0,1.0,1.0,1,44296.0
22,9,203,56215,1,0.0,0.0,1.0,0.0,0.06,0.0,0.0,0,4140.0
22,9,215,1043,1,0.0,0.0,1.0,0.0,0.08,0.0,0.0,0,20154.0
11,9,43,43,0,0.0,0.0,1.0,0.0,0.0,0.0,0.0,0,26648.0
51,9,1206,332,1,0.0,0.0,1.0,0.0,0.01,0.0,0.0,0,57178.0
18,9,848,2586,1,0.0,0.0,1.0,0.0,0.0,0.0,0.0,0,5689.0
19,9,748,0,1,0.0,0.0,1.0,0.0,0.02,0.0,0.0,0,106799.0
13,9,8,0,0,0.0,0.0,1.0,0.0,0.25,0.0,0.0,1,91544.0
19,9,22,0,1,0.0,0.0,1.0,0.0,0.0,0.0,0.0,0,86407.0
19,9,7321,0,1,0.0,0.0,1.0,0.0,0.03,0.0,0.0,0,13303.0
13,9,8,0,0,0.0,0.0,1.0,0.0,0.5,0.0,0.0,1,53751.0
41,9,147,105,0,0.0,0.0,1.0,0.0,0.0,0.0,0.0,0,40947.0
13,9,8,0,0,0.0,0.0,1.0,0.0,0.51,0.0,0.0,1,16842.0
22,9,344,1247,1,0.0,0.0,1.0,0.0,0.04,0.01,0.0,0,102093.0
22,9,288,1647,1,0.0,0.0,1.0,0.0,0.05,0.0,0.0,0,3033.0
22,9,270,405,1,0.0,0.0,1.0,0.0,0.0,0.0,0.0,0,83642.0
57,5,0,0,0,1.0,1.0,0.39,0.06,0.12,0.96,0.76,1,81189.0
46,5,0,0,0,1.0,1.0,0.0,0.06,0.0,1.0,1.0,1,13461.0
22,9,264,4256,1,0.0,0.0,1.0,0.0,0.03,0.0,0.0,0,43716.0
46,5,0,0,0,1.0,1.0,0.07,0.05,0.0,1.0,1.0,1,39374.0
22,9,226,329,1,0.0,0.0,1.0,0.0,0.14,0.0,0.0,0,107366.0
22,5,0,0,0,1.0,1.0,1.0,0.0,0.0,0.71,1.0,1,89276.0
51,9,990,278,1,0.0,0.0,1.0,0.0,0.01,0.0,0.0,0,35271.0
51,9,2671,385,1,0.0,0.0,1.0,0.0,0.0,0.53,0.0,0,31720.0
41,9,146,105,0,0.0,0.0,0.2,0.6,0.0,0.0,0.0,0,82387.0
2,5,0,0,0,1.0,1.0,0.04,0.05,0.0,1.0,1.0,1,106821.0
46,5,0,0,0,1.0,1.0,0.09,0.06,0.0,1.0,1.0,1,65577.0
22,9,218,522,1,0.0,0.0,1.0,0.0,0.0,0.0,0.0,0,118461.0
37,5,0,0,0,1.0,1.0,0.04,0.06,0.0,1.0,1.0,1,38894.0
19,9,491,0,0,0.0,0.0,1.0,0.0,0.0,0.0,0.0,0,124813.0
2,5,0,0,0,1.0,1.0,0.02,0.07,0.0,1.0,1.0,1,17082.0
32,5,0,0,0,1.0,1.0,0.11,0.06,0.0,1.0,1.0,1,115085.0
22,9,181,7931,1,0.0,0.0,1.0,0.0,0.0,0.0,0.0,0,28124.0
56,5,0,0,0,1.0,1.0,0.04,0.06,0.0,1.0,1.0,1,94945.0
12,5,0,0,0,1.0,1.0,0.09,0.07,0.0,1.0,1.0,1,64963.0
3,9,9,38,1,0.0,0.0,1.0,0.0,0.0,0.0,0.0,0,67003.0
22,9,322,313,1,0.0,0.0,1.0,0.0,0.0,0.0,0.0,0,104787.0
46,1,0,0,0,0.07,0.0,0.01,1.0,0.0,0.03,0.0,1,81376.0
19,9,12324,0,1,0.0,0.0,1.0,0.0,0.05,0.0,0.0,0,117000.0
14,9,1032,0,0,0.0,0.0,1.0,0.0,0.0,0.0,0.0,0,44432.0
22,9,275,1335,1,0.0,0.0,1.0,0.0,0.1,0.0,0.0,0,56821.0
22,9,208,1778,1,0.0,0.0,1.0,0.0,0.03,0.0,0.01,0,6562.0
22,9,212,13888,1,0.1,0.1,1.0,0.0,0.04,0.01,0.01,0,110970.0
46,2,0,0,0,0.0,0.0,0.09,0.07,0.0,0.0,0.0,1,24260.0
22,9,214,956,1,0.0,0.0,1.0,0.0,0.0,0.0,0.0,0,57926.0
13,9,8,0,0,0.0,0.0,1.0,0.0,0.5,0.0,0.0,1,48686.0
19,9,1342,0,1,0.0,0.0,1.0,0.0,0.0,0.0,0.0,0,82922.0
14,9,1032,0,0,0.0,0.0,1.0,0.0,0.0,0.1,0.0,0,63412.0
22,1,0,0,0,0.0,0.0,1.0,0.0,0.16,0.0,0.0,0,94025.0
22,9,213,383,1,0.0,0.0,1.0,0.0,0.01,0.0,0.0,0,115668.0
22,9,239,504,1,0.0,0.0,1.0,0.0,0.0,0.0,0.0,0,75898.0
46,5,0,0,0,1.0,1.0,0.11,0.06,0.0,1.0,1.0,1,38484.0
22,9,250,1479,1,0.0,0.0,1.0,0.0,0.03,0.02,0.0,0,80968.0
46,5,0,0,0,1.0,1.0,0.02,0.07,0.0,1.0,1.0,1,20541.0
46,9,28,0,0,0.0,0.0,1.0,0.0,0.0,0.09,0.0,1,105928.0
46,5,0,0,0,1.0,1.0,0.06,0.06,0.0,1.0,1.0,1,26068.0
46,1,0,0,0,0.0,0.0,0.5,1.0,0.0,0.0,0.0,1,122641.0
52,5,0,0,0,1.0,1.0,0.04,0.07,0.0,1.0,1.0,1,95288.0
9,5,0,0,0,1.0,1.0,0.01,0.06,0.0,1.0,1.0,1,10836.0
22,6,302,35040,1,0.25,0.25,1.0,0.0,0.02,0.01,0.01,0,70597.0
46,5,0,0,0,1.0,1.0,0.19,0.06,0.0,1.0,1.0,1,54212.0
22,9,255,407,1,0.0,0.0,1.0,0.0,0.05,0.0,0.0,0,49248.0
19,5,0,0,0,1.0,1.0,0.04,0.06,0.0,1.0,1.0,1,15522.0
46,9,1,0,0,0.0,0.0,0.24,0.14,0.0,0.15,0.0,1,113448.0
6,5,0,0,0,1.0,1.0,0.08,0.06,0.0,1.0,1.0,1,62499.0
11,9,43,74,0,0.0,0.0,0.99,0.02,0.0,0.0,0.0,0,82783.0
18,5,0,0,0,1.0,1.0,0.07,0.06,0.0,1.0,1.0,1,55872.0
22,9,205,182,1,0.0,0.0,1.0,0.0,0.0,0.0,0.0,0,16981.0
11,9,43,134,0,0.0,0.0,1.0,0.0,0.0,0.0,0.0,0,93740.0
22,9,237,2445,1,0.0,0.0,1.0,0.0,0.01,0.0,0.0,0,12113.0
22,9,234,608,1,0.0,0.0,1.0,0.0,0.0,0.0,0.0,0,120751.0
22,9,330,772,1,0.0,0.0,1.0,0.0,0.0,0.0,0.0,0,45624.0
46,1,0,0,0,0.0,0.0,0.07,0.07,0.0,0.0,0.0,1,97755.0
46,9,105,147,0,0.0,0.0,0.25,0.25,0.0,0.0,0.0,0,48300.0
46,5,0,0,0,1.0,1.0,0.04,0.05,0.0,0.99,1.0,1,58625.0
22,9,221,25386,1,0.0,0.0,1.0,0.0,0.01,0.0,0.0,0,122999.0
22,9,54540,8314,1,0.0,0.0,1.0,0.0,0.0,0.0,0.0,0,41794.0
32,5,0,0,0,1.0,1.0,0.05,0.06,0.0,1.0,1.0,1,15306.0
22,9,320,1133,1,0.0,0.0,1.0,0.0,0.04,0.0,0.0,0,54111.0
11,9,44,75,0,0.0,0.0,1.0,0.0,0.0,0.0,0.0,0,120956.0
51,9,1041,330,1,0.0,0.0,1.0,0.0,0.01,0.0,0.0,0,119981.0
13,9,8,0,0,0.0,0.0,1.0,0.0,0.51,0.0,0.0,1,114334.0
41,1,0,0,0,0.11,0.0,0.0,1.0,0.0,0.16,0.0,1,29181.0
46,5,0,0,0,1.0,1.0,0.07,0.06,0.0,1.0,1.0,1,4785.0
22,9,326,1285,1,0.0,0.0,1.0,0.0,0.0,0.0,0.0,0,80757.0
22,9,184,707,1,0.0,0.0,1.0,0.0,0.03,0.0,0.0,0,79858.0
22,9,216,40238,1,0.0,0.0,1.0,0.0,0.02,0.0,0.01,0,31906.0
22,9,54540,8314,1,0.0,0.0,0.8,0.4,0.0,0.0,0.0,0,10844.0
3,9,10,35,0,0.0,0.0,1.0,0.0,0.0,0.0,0.0,0,121852.0
13,9,8,0,0,0.0,0.0,1.0,0.0,0.25,0.0,0.0,1,56024.0
22,9,294,454,1,0.0,0.0,1.0,0.0,0.04,0.0,0.0,0,20245.0
27,5,0,0,0,1.0,1.0,0.18,0.05,0.0,1.0,1.0,1,5590.0
41,9,516,4,0,0.0,0.0,1.0,0.0,0.0,0.0,0.0,0,20129.0
46,5,0,0,0,1.0,1.0,0.06,0.06,0.0,1.0,1.0,1,122276.0
22,9,236,22344,1,0.0,0.0,1.0,0.0,0.0,0.0,0.0,0,45045.0
46,9,1,0,0,0.0,0.0,0.08,0.19,0.0,0.1,0.0,1,50043.0
35,4,0,0,0,0.0,0.0,1.0,0.0,0.0,0.0,0.0,1,123209.0
56,5,0,0,0,1.0,1.0,0.05,0.07,0.0,1.0,1.0,1,90633.0
46,5,0,0,0,1.0,1.0,0.08,0.06,0.0,1.0,1.0,1,7394.0
22,9,202,2377,1,0.0,0.0,1.0,0.0,0.06,0.0,0.0,0,67973.0
22,9,339,2873,1,0.0,0.0,1.0,0.0,0.0,0.0,0.0,0,7468.0
11,9,46,46,0,0.0,0.0,1.0,0.0,0.0,0.0,0.0,0,81564.0
18,5,0,0,0,1.0,1.0,0.08,0.06,0.0,1.0,1.0,1,122334.0
51,9,959,363,1,0.0,0.0,1.0,0.0,0.02,0.0,0.0,0,80390.0
19,5,0,0,0,1.0,1.0,0.07,0.06,0.0,1.0,1.0,1,28811.0
62,5,0,0,0,1.0,1.0,0.08,0.05,0.0,1.0,1.0,1,51288.0
61,2,0,0,0,0.0,0.0,0.07,0.06,0.0,0.0,0.0,1,10750.0
19,9,2194619,0,1,0.0,0.0,1.0,0.0,0.0,0.0,0.0,0,40513.0
22,9,249,1931,1,0.0,0.0,1.0,0.0,0.0,0.0,0.0,0,65657.0
11,9,45,45,0,0.0,0.0,1.0,0.0,0.0,0.0,0.0,0,87441.0
22,9,213,317,1,0.0,0.0,1.0,0.0,0.05,0.0,0.0,0,57203.0
22,1,0,0,0,0.0,0.0,1.0,0.0,0.03,0.01,0.01,0,113253.0
22,9,244,1610,1,0.0,0.0,1.0,0.0,0.0,0.0,0.0,0,7107.0
37,5,0,0,0,1.0,1.0,0.14,0.05,0.0,1.0,1.0,1,36946.0
46,5,0,0,0,1.0,1.0,0.11,0.06,0.0,1.0,1.0,1,74880.0
22,9,308,777,1,0.0,0.0,1.0,0.0,0.05,0.0,0.0,0,40521.0
31,2,0,0,0,0.0,0.0,0.03,0.06,0.0,0.0,0.0,1,74581.0
13,9,30,0,0,0.0,0.0,1.0,0.0,0.37,0.0,0.0,0,46116.0
11,9,43,68,0,0.0,0.0,1.0,0.0,0.0,0.0,0.0,0,77820.0
22,9,237,332,1,0.0,0.0,1.0,0.0,0.02,0.0,0.0,0,71600.0
62,5,0,0,0,1.0,1.0,0.1,0.06,0.0,1.0,1.0,1,67832.0
22,9,299,882,1,0.0,0.0,1.0,0.0,0.04,0.0,0.0,0,92512.0
11,9,44,44,0,0.0,0.0,1.0,0.0,0.0,0.0,0.0,0,107064.0
22,9,302,1075,1,0.0,0.0,1.0,0.0,0.0,0.0,0.0,0,7042.0
22,9,54540,8314,1,0.0,0.0,1.0,0.0,0.0,0.0,0.0,0,36187.0
22,1,0,0,0,0.0,0.0,1.0,0.0,0.23,0.0,0.0,0,21260.0
13,9,18,0,0,0.0,0.0,1.0,0.0,1.0,0.0,0.0,1,102461.0
22,9,253,260,1,0.0,0.0,1.0,0.0,0.01,0.0,0.0,0,84024.0
46,5,0,0,0,1.0,1.0,0.13,0.07,0.0,1.0,1.0,1,108025.0
46,5,0,0,0,1.0,1.0,0.05,0.07,0.0,1.0,1.0,1,88095.0
22,9,311,2431,1,0.0,0.0,1.0,0.0,0.03,0.0,0.0,0,90593.0
17,5,0,0,0,1.0,1.0,0.07,0.04,0.0,1.0,1.0,1,121683.0
41,9,146,105,0,0.0,0.0,1.0,0.0,0.0,0.0,0.0,0,116450.0
22,9,261,8306,1,0.0,0.0,1.0,0.0,0.0,0.0,0.0,0,72475.0
50,4,0,0,0,0.0,0.0,1.0,0.0,0.0,0.0,0.0,1,109772.0
22,9,296,1904,1,0.0,0.0,1.0,0.0,0.08,0.0,0.0,0,108700.0
54,5,0,0,0,1.0,1.0,0.06,0.06,0.0,1.0,1.0,1,31888.0
22,1,0,0,0,0.0,0.0,1.0,0.0,0.57,0.0,0.0,0,16091.0
22,9,289,3166,1,0.0,0.0,1.0,0.0,0.0,0.0,0.0,0,70794.0
44,9,38,130,1,0.0,0.0,0.33,0.67,0.0,0.01,0.0,0,85369.0
22,1,0,0,0,0.0,0.0,1.0,0.0,0.01,0.0,0.0,0,73160.0
21,5,0,0,0,1.0,1.0,0.09,0.06,0.0,1.0,1.0,1,50128.0
51,9,730,481,1,0.0,0.0,1.0,0.0,0.02,0.0,0.0,0,123742.0
22,9,211,310,1,0.0,0.0,1.0,0.0,0.0,0.0,0.0,0,117280.0
13,9,8,0,0,0.0,0.0,1.0,0.0,0.51,0.0,0.0,1,124371.0
22,9,307,2077,1,0.0,0.0,1.0,0.0,0.03,0.0,0.0,0,49512.0
22,5,0,0,0,1.0,0.91,1.0,0.0,0.0,1.0,1.0,1,96258.0
41,9,6601,0,1,0.17,0.0,0.06,0.61,0.0,0.05,0.0,0,72424.0
55,5,0,0,0,1.0,1.0,0.07,0.06,0.0,1.0,1.0,1,89075.0
22,1,0,0,0,0.0,0.0,1.0,0.0,0.07,0.0,0.0,0,81442.0
22,1,0,0,0,0.0,0.95,1.0,0.0,0.0,0.03,0.0,0,120923.0
55,1,0,0,0,0.0,0.0,0.07,0.06,0.0,0.0,0.0,1,67543.0
14,9,1032,0,0,0.0,0.0,1.0,0.0,0.0,0.0,0.0,0,54729.0
51,9,1348,322,1,0.0,0.0,1.0,0.0,0.01,0.0,0.0,0,107192.0
46,5,0,0,0,1.0,1.0,0.02,0.05,0.0,1.0,1.0,1,45818.0
18,5,0,0,0,1.0,1.0,0.02,0.06,0.0,1.0,1.0,1,103415.0
46,5,0,0,0,1.0,1.0,0.08,0.06,0.0,1.0,1.0,1,73437.0
22,9,209,1195,1,0.0,0.0,1.0,0.0,0.01,0.0,0.0,0,40269.0
22,9,215,298,1,0.0,0.0,1.0,0.0,0.04,0.0,0.0,0,26771.0
22,9,214,1600,1,0.0,0.0,1.0,0.0,0.0,0.0,0.0,0,12371.0
41,5,0,0,0,0.06,1.0,0.0,1.0,0.0,0.08,1.0,1,107233.0
22,9,294,369,1,0.0,0.0,1.0,0.0,0.0,0.0,0.0,0,33708.0
22,1,0,0,0,0.0,0.0,1.0,0.0,0.04,0.0,0.0,0,60929.0
22,9,350,14276,1,0.0,0.0,1.0,0.0,0.03,0.0,0.0,0,11649.0
19,5,0,0,0,1.0,1.0,0.25,0.05,0.0,1.0,1.0,1,8704.0
11,9,31,0,0,0.0,0.0,1.0,0.0,0.05,0.0,0.0,0,71960.0
56,5,0,0,0,1.0,1.0,0.13,0.06,0.0,1.0,1.0,1,43355.0
22,9,277,5967,1,0.0,0.0,1.0,0.0,0.03,0.0,0.0,0,40266.0
51,9,684,329,1,0.0,0.0,1.0,0.0,0.02,0.0,0.0,0,43865.0
11,9,42,42,0,0.0,0.0,1.0,0.0,0.0,0.0,0.0,0,108252.0
22,9,218,1023,1,0.0,0.0,1.0,0.0,0.05,0.0,0.0,0,28881.0
11,9,78,44,0,0.0,0.0,1.0,0.0,0.0,0.0,0.0,0,1246.0
11,9,31,0,0,0.0,0.0,0.5,1.0,0.03,0.01,0.0,0,10720.0
22,9,197,1037,1,0.0,0.0,1.0,0.0,0.09,0.0,0.0,0,18947.0
14,9,1032,0,0,0.0,0.0,1.0,0.0,0.0,0.13,0.0,0,52957.0
22,9,383,879,1,0.0,0.0,1.0,0.0,0.0,0.0,0.0,0,57578.0
22,9,306,14362,1,0.0,0.0,1.0,0.0,0.01,0.0,0.0,0,78201.0
46,4,1,0,0,0.0,0.0,1.0,0.0,0.0,0.0,0.0,1,47276.0
46,5,0,0,0,1.0,1.0,0.12,0.06,0.0,1.0,1.0,1,125265.0
46,5,0,0,0,1.0,1.0,0.04,0.07,0.0,1.0,1.0,1,69695.0
46,5,0,0,0,1.0,1.0,0.04,0.07,0.0,1.0,1.0,1,21142.0
34,5,0,0,0,1.0,1.0,0.0,0.07,0.0,1.0,1.0,1,31858.0
61,2,0,0,0,0.0,0.0,0.1,0.07,0.0,0.0,0.0,1,92333.0
22,9,212,1448,1,0.0,0.0,1.0,0.0,0.02,0.0,0.0,0,2323.0
40,9,48,48,0,0.0,0.0,1.0,0.0,0.0,0.0,0.0,0,49417.0
22,9,316,293,1,0.0,0.0,1.0,0.0,0.0,0.0,0.0,0,29661.0
44,9,35,130,1,0.0,0.0,1.0,0.0,0.0,0.01,0.0,0,20726.0
22,9,323,1010,1,0.0,0.0,1.0,0.0,0.03,0.0,0.0,0,45321.0
22,9,199,3145,1,0.0,0.0,1.0,0.0,0.06,0.0,0.0,0,92674.0
19,5,0,0,0,1.0,1.0,0.23,0.06,0.0,1.0,1.0,1,121741.0
46,5,0,0,0,1.0,1.0,0.21,0.05,0.0,1.0,1.0,1,62154.0
22,9,223,3616,1,0.0,0.0,1.0,0.0,0.05,0.0,0.0,0,77354.0
46,9,105,0,0,0.0,0.0,1.0,0.0,0.0,0.0,0.0,0,45008.0
22,9,242,3200,1,0.0,0.0,1.0,0.0,0.01,0.0,0.0,0,61720.0
46,4,0,0,0,0.0,0.0,1.0,0.0,0.0,0.0,0.0,1,66523.0
56,5,0,0,0,1.0,1.0,0.07,0.06,0.0,1.0,1.0,1,3799.0
22,9,295,2788,1,0.0,0.0,1.0,0.0,0.0,0.0,0.0,0,59327.0
46,5,0,0,0,1.0,1.0,0.23,0.06,0.0,1.0,1.0,1,38121.0
22,9,212,774,1,0.0,0.0,1.0,0.0,0.01,0.0,0.0,0,84616.0
61,2,0,0,0,0.0,0.0,0.08,0.07,0.0,0.0,0.0,1,111003.0
1,1,0,0,0,0.0,0.0,1.0,0.0,0.0,0.0,0.0,0,14601.0
41,9,147,105,0,0.0,0.0,1.0,0.0,0.0,0.0,0.0,0,108473.0
15,5,0,0,0,1.0,1.0,0.12,0.06,0.0,1.0,1.0,1,93358.0
46,1,0,0,0,0.0,0.0,0.02,0.08,0.0,0.0,0.0,1,7557.0
55,5,0,0,0,1.0,1.0,0.09,0.07,0.0,1.0,1.0,1,21637.0
22,9,318,645,1,0.0,0.0,1.0,0.0,0.0,0.0,0.0,0,88893.0
51,9,10554,922,1,0.0,0.0,1.0,0.0,0.0,0.0,0.0,0,3094.0
18,9,241,760,1,0.0,0.0,1.0,0.0,0.0,0.0,0.0,0,105514.0
22,1,0,0,0,0.0,0.0,1.0,0.0,0.27,0.0,0.0,0,92760.0
51,9,940,333,1,0.0,0.0,1.0,0.0,0.0,0.0,0.0,0,73012.0
41,9,147,0,0,0.0,0.0,0.2,0.6,0.0,0.0,0.0,0,26083.0
22,9,212,701,1,0.0,0.0,1.0,0.0,0.07,0.0,0.0,0,16576.0
22,9,201,3016,1,0.0,0.0,1.0,0.0,0.04,0.0,0.0,0,64560.0
9,5,0,0,0,1.0,1.0,0.05,0.06,0.0,1.0,1.0,1,44336.0
53,5,0,0,0,1.0,1.0,0.41,0.12,0.0,1.0,1.0,1,51339.0
11,9,46,128,0,0.0,0.0,1.0,0.0,0.0,0.0,0.0,0,91239.0
46,5,0,0,0,1.0,1.0,0.06,0.09,0.0,1.0,1.0,1,59275.0
14,9,1032,0,0,0.0,0.0,1.0,0.0,0.0,0.0,0.0,0,113834.0
7,5,0,0,0,1.0,1.0,0.07,0.06,0.0,1.0,1.0,1,74807.0
22,9,299,12211,1,0.0,0.0,1.0,0.0,0.02,0.0,0.0,0,3044.0
22,9,323,3238,1,0.0,0.0,1.0,0.0,0.04,0.0,0.0,0,114780.0
22,9,342,5421,1,0.0,0.0,1.0,0.0,0.0,0.0,0.0,0,21293.0
22,9,217,2351,1,0.0,0.0,1.0,0.0,0.03,0.0,0.0,0,108537.0
30,5,0,0,0,1.0,1.0,0.02,0.07,0.0,1.0,1.0,1,120809.0
11,9,44,76,0,0.0,0.0,1.0,0.0,0.0,0.0,0.0,0,11818.0
11,9,44,125,0,0.0,0.0,1.0,0.01,0.0,0.0,0.0,0,73934.0
22,9,290,23210,1,0.0,0.0,1.0,0.0,0.04,0.0,0.0,0,34514.0
46,4,0,0,0,0.0,0.0,0.01,0.52,0.0,0.0,0.0,1,99262.0
22,9,230,29228,1,0.0,0.0,1.0,0.0,0.01,0.0,0.0,0,23156.0
11,9,43,43,0,0.0,0.0,0.99,0.01,0.0,0.0,0.0,0,10283.0
51,9,2597,331,1,0.0,0.0,1.0,0.0,0.01,0.02,0.0,0,1064.0
13,9,8,0,0,0.0,0.0,1.0,0.0,0.5,0.0,0.0,1,73359.0
46,9,105,147,0,0.0,0.0,0.67,0.67,0.0,0.0,0.0,0,124496.0
46,5,0,0,0,1.0,1.0,0.02,0.05,0.0,1.0,1.0,1,42227.0
58,5,0,0,0,1.0,1.0,0.01,0.05,0.0,1.0,1.0,1,84690.0
15,5,0,0,0,1.0,1.0,0.13,0.06,0.0,1.0,1.0,1,117941.0
41,9,516,4,0,0.0,0.0,1.0,0.0,0.0,0.0,0.0,0,11420.0
55,5,0,0,0,1.0,1.0,0.06,0.07,0.0,1.0,1.0,1,50387.0
22,1,0,0,0,0.0,0.0,1.0,0.0,0.18,0.0,0.0,0,116032.0
29,5,0,0,0,1.0,1.0,0.01,0.06,0.0,1.0,1.0,1,99506.0
19,9,12,0,1,0.0,0.0,1.0,0.0,0.06,0.0,0.02,0,71160.0
46,5,0,0,0,1.0,1.0,0.01,0.07,0.0,1.0,1.0,1,23379.0
41,9,59,0,1,0.06,0.0,0.06,0.88,0.0,0.0,0.0,0,94372.0
62,1,0,0,0,0.0,0.0,0.0,0.06,0.0,0.0,0.0,1,65379.0
22,9,222,2276,1,0.0,0.0,1.0,0.0,0.07,0.0,0.0,0,62049.0
51,9,3159,334,1,0.0,0.0,1.0,0.0,0.02,0.0,0.0,0,40865.0
22,9,289,486,1,0.0,0.0,1.0,0.0,0.0,0.0,0.0,0,42570.0
46,5,0,0,0,1.0,1.0,0.02,0.06,0.0,1.0,1.0,1,31520.0
58,5,0,0,0,1.0,1.0,0.16,0.16,0.0,1.0,1.0,1,59227.0
22,9,230,287,1,0.0,0.0,1.0,0.0,0.02,0.0,0.0,0,73695.0
22,1,0,0,0,0.0,0.0,1.0,0.0,0.0,0.0,0.0,0,47334.0
11,9,43,76,0,0.0,0.0,1.0,0.0,0.0,0.0,0.0,0,73628.0
46,5,0,0,0,1.0,1.0,0.04,0.08,0.0,1.0,1.0,1,10473.0
14,9,1032,0,0,0.0,0.0,1.0,0.0,0.0,0.27,0.0,0,9220.0
46,5,0,0,0,1.0,1.0,0.07,0.06,0.0,1.0,1.0,1,95913.0
22,9,276,6052,1,0.0,0.0,1.0,0.0,0.03,0.0,0.0,0,6642.0
22,9,292,2702,1,0.0,0.0,1.0,0.0,0.04,0.0,0.0,0,91258.0
22,9,343,774,1,0.0,0.0,1.0,0.0,0.0,0.0,0.0,0,60924.0
11,9,97,0,0,0.0,0.0,1.0,0.0,0.0,0.0,0.0,0,23216.0
22,9,199,12161,1,0.0,0.0,1.0,0.0,0.03,0.0,0.0,0,107802.0
25,5,0,0,0,1.0,1.0,0.25,0.14,0.0,1.0,1.0,1,56580.0
22,9,256,11657,1,0.0,0.0,1.0,0.0,0.03,0.0,0.0,0,106086.0
22,9,258,1747,1,0.0,0.0,1.0,0.0,0.01,0.0,0.0,0,12486.0
14,9,1032,0,0,0.0,0.0,1.0,0.0,0.0,0.0,0.0,0,71225.0
13,9,30,0,0,0.0,0.0,1.0,0.0,0.0,0.0,0.0,0,14971.0
41,9,147,105,0,0.0,0.0,1.0,0.0,0.0,0.0,0.0,0,64065.0
64,5,0,0,0,1.0,1.0,0.05,0.06,0.0,1.0,1.0,1,84138.0
11,9,43,68,0,0.0,0.0,1.0,0.0,0.0,0.0,0.0,0,77449.0
2,5,0,0,0,1.0,1.0,0.08,0.05,0.0,1.0,1.0,1,109894.0
13,9,8,0,0,0.0,0.0,1.0,0.0,0.5,0.0,0.0,1,70601.0
57,9,129,11476,1,0.0,0.0,1.0,0.0,0.0,0.01,0.08,0,94256.0
31,5,0,0,0,1.0,1.0,0.13,0.04,0.0,1.0,1.0,1,6542.0
58,5,0,0,0,1.0,1.0,0.06,0.07,0.0,1.0,1.0,1,88755.0
34,5,0,0,0,1.0,1.0,0.1,0.05,0.0,1.0,1.0,1,111882.0
11,9,45,134,0,0.0,0.0,0.99,0.02,0.0,0.0,0.0,0,82116.0
19,9,1690,0,1,0.0,0.0,1.0,0.0,0.0,0.39,0.0,0,33886.0
19,9,7077,0,0,0.0,0.0,1.0,0.0,0.04,0.0,0.0,0,7381.0
58,9,0,4,0,0.0,0.0,1.0,0.0,0.0,0.08,0.08,1,117688.0
11,9,42,42,0,0.0,0.0,1.0,0.0,0.0,0.0,0.0,0,100032.0
22,9,288,3848,1,0.0,0.0,1.0,0.0,0.05,0.0,0.01,0,16175.0
46,5,0,0,0,1.0,1.0,0.06,0.06,0.0,1.0,1.0,1,99798.0
11,9,45,78,0,0.0,0.0,1.0,0.0,0.0,0.0,0.0,0,120879.0
30,5,0,0,0,1.0,1.0,0.42,0.25,0.0,1.0,1.0,1,39887.0
11,9,42,0,0,0.0,0.0,1.0,0.0,0.0,0.0,0.0,0,18084.0
22,9,203,1744,1,0.0,0.0,1.0,0.0,0.03,0.0,0.0,0,19334.0
58,5,0,0,0,0.99,1.0,0.11,0.06,0.0,1.0,1.0,1,105120.0
22,9,0,13246,0,0.17,0.17,1.0,0.0,0.04,0.17,0.01,0,3630.0
46,5,0,0,0,1.0,1.0,0.06,0.06,0.0,1.0,1.0,1,73352.0
22,9,208,6530,1,0.0,0.0,1.0,0.0,0.02,0.0,0.0,0,6159.0
24,5,0,0,0,1.0,1.0,0.11,0.05,0.0,1.0,1.0,1,42435.0
22,9,193,296,1,0.0,0.0,1.0,0.0,0.02,0.0,0.0,0,83441.0
46,5,0,0,0,1.0,1.0,0.04,0.06,0.0,1.0,1.0,1,63076.0
64,5,0,0,0,1.0,1.0,0.05,0.07,0.0,1.0,1.0,1,121963.0
46,1,0,0,0,0.01,0.0,0.01,1.0,0.0,0.0,0.0,1,17733.0
46,5,0,0,0,1.0,1.0,0.03,0.06,0.0,1.0,1.0,1,100653.0
8,5,0,0,0,1.0,1.0,0.09,0.06,0.0,1.0,1.0,1,83973.0
46,1,0,0,0,0.0,0.0,0.04,0.08,0.0,0.0,0.0,1,1004.0
41,9,1,0,0,0.0,0.0,0.01,0.06,0.0,0.0,0.0,1,2904.0
22,9,256,340,1,0.0,0.0,1.0,0.0,0.03,0.0,0.0,0,76700.0
22,9,330,930,1,0.0,0.0,1.0,0.0,0.0,0.0,0.0,0,8389.0
46,2,6,18056,1,0.0,0.0,0.01,1.0,0.0,0.0,0.0,0,2004.0
52,5,0,0,0,1.0,1.0,0.05,0.07,0.0,1.0,1.0,1,33058.0
22,9,305,1380,1,0.0,0.0,1.0,0.0,0.0,0.0,0.0,0,18806.0
33,5,0,0,0,1.0,1.0,0.08,0.05,0.0,1.0,1.0,1,69095.0
22,9,233,1690,1,0.0,0.0,1.0,0.0,0.05,0.0,0.0,0,11893.0
11,9,37,53,0,0.0,0.0,1.0,0.0,0.0,0.0,0.0,0,79507.0
19,9,7045,0,1,0.0,0.0,1.0,0.0,0.22,0.0,0.0,0,81087.0
22,9,202,725,1,0.0,0.0,1.0,0.0,0.05,0.0,0.01,0,56044.0
22,9,202,468,1,0.0,0.0,1.0,0.0,0.06,0.0,0.0,0,116547.0
22,9,175,488,1,0.0,0.0,1.0,0.0,0.04,0.0,0.0,0,4576.0
4,5,0,0,0,1.0,1.0,0.01,0.05,0.0,1.0,1.0,1,64392.0
22,9,209,5875,1,0.0,0.0,1.0,0.0,0.03,0.0,0.0,0,7828.0
46,5,0,0,0,1.0,1.0,0.09,0.06,0.0,1.0,1.0,1,24572.0
46,5,0,0,0,1.0,1.0,0.15,0.05,0.0,1.0,1.0,1,38914.0
22,9,140,12422,1,0.0,0.0,1.0,0.0,0.0,0.0,0.0,0,106594.0
51,9,740,326,1,0.0,0.0,1.0,0.0,0.0,0.0,0.0,0,31837.0
11,9,44,44,0,0.0,0.0,1.0,0.0,0.0,0.0,0.0,0,102069.0
11,9,129,45,0,0.0,0.0,1.0,0.01,0.0,0.0,0.0,0,92664.0
4,5,0,0,0,1.0,1.0,0.04,0.06,0.0,1.0,1.0,1,41045.0
17,9,10,147,0,0.0,0.0,1.0,0.0,0.0,0.8,0.0,0,93621.0
46,5,0,0,0,1.0,1.0,0.05,0.06,0.0,1.0,1.0,1,23263.0
46,5,0,0,0,1.0,1.0,0.2,0.05,0.0,1.0,1.0,1,39983.0
46,5,0,0,0,1.0,1.0,0.03,0.07,0.0,1.0,1.0,1,58352.0
19,9,334,0,1,0.0,0.0,1.0,0.0,0.15,0.0,0.0,0,12200.0
2,5,0,0,0,1.0,1.0,0.03,0.08,0.0,1.0,1.0,1,87014.0
26,5,0,0,0,1.0,1.0,0.03,0.06,0.0,1.0,1.0,1,14964.0
19,9,2881,0,1,0.0,0.0,1.0,0.0,0.02,0.01,0.01,0,65488.0
19,9,1556,0,0,0.0,0.0,1.0,0.0,0.0,0.0,0.0,0,77454.0
46,5,0,0,0,1.0,1.0,0.06,0.06,0.0,1.0,1.0,1,59099.0
22,9,257,1942,1,0.0,0.0,1.0,0.0,0.03,0.0,0.0,0,18074.0
19,9,88382,0,1,0.0,0.0,1.0,0.0,0.03,0.0,0.0,0,3928.0
22,9,304,3222,1,0.0,0.0,1.0,0.0,0.0,0.0,0.0,0,41553.0
46,5,0,0,0,1.0,1.0,0.02,0.06,0.0,1.0,1.0,1,49590.0
19,9,501760,0,1,0.0,0.0,1.0,0.0,0.05,0.0,0.0,0,101674.0
13,9,8,0,0,0.0,0.0,1.0,0.0,0.25,0.0,0.0,1,9689.0
11,9,31,91,0,0.0,0.0,1.0,0.0,0.0,0.0,0.0,0,55486.0
22,9,254,1650,1,0.0,0.0,1.0,0.0,0.01,0.02,0.0,0,27429.0
22,1,0,0,0,0.0,0.0,1.0,0.0,0.02,0.0,0.0,0,75247.0
46,5,0,0,0,1.0,1.0,0.08,0.06,0.0,1.0,1.0,1,83789.0
22,9,246,6106,1,0.0,0.0,1.0,0.0,0.0,0.0,0.0,0,123804.0
34,5,0,0,0,1.0,1.0,0.02,0.07,0.0,1.0,1.0,1,45658.0
26,5,0,0,0,1.0,1.0,0.1,0.07,0.0,1.0,1.0,1,72507.0
22,9,303,310,1,0.0,0.0,1.0,0.0,0.02,0.0,0.0,0,39950.0
58,2,0,0,0,0.0,0.0,0.07,0.07,0.0,0.0,0.0,1,8399.0
13,9,8,0,0,0.0,0.0,1.0,0.0,0.25,0.0,0.0,1,77726.0
17,5,0,0,0,1.0,1.0,0.27,0.08,0.0,1.0,1.0,1,111490.0
19,5,0,0,0,1.0,1.0,0.07,0.06,0.0,1.0,1.0,1,54976.0
22,9,229,1357,1,0.0,0.0,1.0,0.0,0.02,0.0,0.0,0,52188.0
13,9,8,0,0,0.0,0.0,1.0,0.0,0.5,0.0,0.0,1,111773.0
11,9,38,54,0,0.0,0.0,1.0,0.0,0.0,0.0,0.0,0,66466.0
22,1,0,0,0,0.0,0.0,1.0,0.0,0.01,0.04,0.0,0,81112.0
22,9,238,313,1,0.0,0.0,1.0,0.0,0.0,0.0,0.0,0,120739.0
46,5,0,0,0,1.0,1.0,0.14,0.06,0.0,1.0,1.0,1,73230.0
22,1,0,0,0,0.0,0.0,1.0,0.0,0.33,0.0,0.0,0,20217.0
46,9,28,0,0,0.0,0.0,1.0,0.0,0.0,0.0,0.0,1,75114.0
22,9,231,5379,1,0.0,0.0,1.0,0.0,0.0,0.0,0.0,0,2995.0
46,5,0,0,0,1.0,1.0,0.09,0.06,0.0,1.0,1.0,1,82872.0
41,9,59,0,1,0.13,0.0,0.04,0.7,0.0,0.05,0.0,0,79896.0
14,9,520,0,0,0.0,0.0,1.0,0.0,0.0,0.0,0.0,0,99473.0
7,5,0,0,0,1.0,1.0,0.03,0.08,0.0,1.0,1.0,1,34719.0
22,9,355,3941,1,0.0,0.0,1.0,0.0,0.02,0.0,0.01,0,45785.0
17,5,0,0,0,1.0,1.0,0.03,0.06,0.0,1.0,1.0,1,63056.0
17,2,0,0,0,0.0,0.0,0.07,0.07,0.0,0.0,0.0,1,57113.0
12,5,0,0,0,1.0,1.0,0.02,0.06,0.0,1.0,1.0,1,634.0
22,9,283,3557,1,0.0,0.0,1.0,0.0,0.02,0.01,0.01,0,66598.0
22,9,224,313,1,0.0,0.0,1.0,0.0,0.0,0.0,0.0,0,121342.0
61,1,0,0,0,0.0,0.0,0.33,1.0,0.0,0.0,0.0,1,80452.0
11,9,42,42,0,0.0,0.0,1.0,0.0,0.0,0.0,0.0,0,80555.0
11,9,42,42,0,0.0,0.0,1.0,0.0,0.0,0.0,0.0,0,9455.0
55,5,0,0,0,1.0,1.0,0.09,0.06,0.0,1.0,1.0,1,30829.0
58,2,0,0,0,0.0,0.0,1.0,0.0,0.0,0.0,0.0,1,116916.0
22,9,220,2439,1,0.0,0.0,1.0,0.0,0.01,0.0,0.0,0,32233.0
57,5,0,0,0,1.0,1.0,0.07,0.06,0.0,1.0,1.0,1,77186.0
46,5,0,0,0,1.0,1.0,0.11,0.06,0.0,1.0,1.0,1,44201.0
50,5,0,0,0,1.0,1.0,0.09,0.06,0.0,1.0,1.0,1,98106.0
10,5,0,0,0,1.0,1.0,0.02,0.06,0.0,1.0,1.0,1,59218.0
22,9,312,306,1,0.0,0.0,1.0,0.0,0.0,0.0,0.0,0,2366.0
2,5,0,0,0,1.0,1.0,0.08,0.05,0.0,1.0,1.0,1,76419.0
18,5,0,0,0,1.0,1.0,0.01,0.07,0.0,1.0,1.0,1,108406.0
27,5,0,0,0,1.0,1.0,0.14,0.07,0.0,1.0,1.0,1,122772.0
50,5,0,0,0,1.0,1.0,0.1,0.07,0.0,1.0,1.0,1,93656.0
17,9,8,222,0,0.0,0.0,1.0,0.0,0.0,0.0,0.0,0,2807.0
22,9,313,32782,1,0.0,0.0,1.0,0.0,0.0,0.01,0.01,0,86981.0
60,9,78,0,0,0.0,0.0,0.29,0.1,0.0,0.0,0.0,0,54504.0
22,9,226,1047,1,0.5,0.29,1.0,0.0,0.04,0.01,0.0,0,110324.0
29,5,0,0,0,1.0,1.0,0.13,0.05,0.0,1.0,1.0,1,14754.0
13,9,8,0,0,0.0,0.0,1.0,0.0,0.5,0.0,0.0,1,64483.0
18,9,1500,4152,1,0.0,0.0,1.0,0.0,0.0,0.0,0.0,0,106517.0
22,9,155,3902,1,0.0,0.0,1.0,0.0,0.03,0.0,0.01,0,16484.0
51,9,853,278,1,0.0,0.0,1.0,0.0,0.01,0.0,0.0,0,18998.0
22,9,219,1024,1,0.0,0.0,1.0,0.0,0.01,0.0,0.0,0,64246.0
61,5,0,0,0,1.0,1.0,0.13,0.06,0.0,1.0,1.0,1,124229.0
27,5,0,0,0,1.0,1.0,0.14,0.05,0.0,1.0,1.0,1,36530.0
4,5,0,0,0,1.0,1.0,0.02,0.06,0.0,1.0,1.0,1,66125.0
2,5,0,0,0,1.0,1.0,0.05,0.06,0.0,1.0,1.0,1,99145.0
22,1,0,0,0,0.0,0.0,1.0,0.0,0.1,0.0,0.0,0,45556.0
22,9,54540,8314,1,0.0,0.0,1.0,0.0,0.0,0.01,0.01,0,109741.0
46,9,1,0,0,0.0,0.0,0.91,0.02,0.0,0.0,0.0,1,33969.0
19,9,501760,0,0,0.0,0.0,1.0,0.0,0.04,0.0,0.0,0,85322.0
13,9,8,0,0,0.0,0.0,1.0,0.0,0.52,0.0,0.0,1,125346.0
22,9,184,16773,1,0.0,0.0,1.0,0.0,0.05,0.0,0.0,0,71285.0
22,9,313,237,1,0.0,0.0,1.0,0.0,0.05,0.0,0.01,0,99269.0
39,5,0,0,0,1.0,1.0,0.15,0.06,0.0,1.0,1.0,1,116120.0
13,9,8,0,0,0.0,0.0,1.0,0.0,0.5,0.0,0.0,1,110202.0
16,5,0,0,0,1.0,1.0,0.19,0.05,0.0,1.0,1.0,1,125391.0
54,5,0,0,0,1.0,1.0,0.06,0.06,0.0,1.0,1.0,1,36909.0
46,5,0,0,0,1.0,1.0,0.15,0.08,0.0,1.0,1.0,1,17799.0
51,9,1831,410,1,0.0,0.0,1.0,0.0,0.03,0.0,0.0,0,40908.0
22,9,410,236,1,0.0,0.0,1.0,0.0,0.0,0.0,0.0,0,27435.0
10,9,48,487,1,0.0,0.0,0.01,0.01,0.0,0.0,0.0,0,68067.0
41,1,0,0,0,0.13,0.0,0.0,1.0,0.0,0.12,0.0,1,57208.0
22,2,0,0,1,0.0,0.0,1.0,0.0,0.02,0.0,0.0,0,120933.0
22,9,332,1930,1,0.0,0.0,1.0,0.0,0.06,0.0,0.0,0,110543.0
22,5,0,0,0,0.33,0.33,1.0,0.0,0.04,0.25,0.01,0,76736.0
46,5,0,0,0,1.0,1.0,0.12,0.06,0.0,1.0,1.0,1,106622.0
38,1,0,0,0,0.0,0.0,0.15,0.07,0.0,0.0,0.0,1,22629.0
46,5,0,0,0,1.0,1.0,0.08,0.06,0.0,1.0,1.0,1,81092.0
46,5,0,0,0,1.0,1.0,0.02,0.06,0.0,1.0,1.0,1,57651.0
46,5,0,0,0,1.0,1.0,0.04,0.06,0.0,1.0,1.0,1,92206.0
11,9,44,44,0,0.0,0.0,1.0,0.0,0.0,0.0,0.0,0,24608.0
46,1,0,0,0,0.0,0.0,0.0,0.52,0.0,0.0,0.0,1,44100.0
11,9,92,34,0,0.0,0.0,1.0,0.0,0.0,0.0,0.0,0,56152.0
46,5,0,0,0,1.0,1.0,0.07,0.06,0.0,1.0,1.0,1,74048.0
19,9,13239,0,1,0.0,0.0,1.0,0.0,0.04,0.0,0.0,0,120535.0
57,5,0,0,0,1.0,1.0,0.67,0.67,0.0,1.0,1.0,1,94693.0
9,5,0,0,0,1.0,1.0,0.06,0.05,0.0,1.0,1.0,1,6456.0
11,9,43,43,0,0.0,0.0,1.0,0.0,0.0,0.0,0.0,0,40329.0
22,1,0,0,0,0.0,0.0,1.0,0.0,0.17,0.0,0.0,0,99937.0
22,9,234,333,1,0.0,0.0,1.0,0.0,0.03,0.0,0.0,0,84707.0
22,9,235,370,1,0.25,0.25,1.0,0.0,0.0,0.0,0.0,0,51811.0
22,9,223,474,1,0.0,0.0,1.0,0.0,0.02,0.0,0.0,0,79183.0
13,9,8,0,0,0.0,0.0,1.0,0.0,0.25,0.0,0.0,1,35963.0
22,9,54540,8314,1,0.0,0.0,1.0,0.0,0.0,0.0,0.0,0,88396.0
22,1,0,0,0,0.0,0.0,1.0,0.0,0.32,0.0,0.0,0,5671.0
46,5,0,0,0,1.0,1.0,0.03,0.06,0.0,1.0,1.0,1,37963.0
12,4,0,0,0,0.0,0.0,1.0,0.0,0.0,0.0,0.0,1,6075.0
38,5,0,0,0,1.0,1.0,0.04,0.06,0.0,1.0,1.0,1,41555.0
22,9,201,280,1,0.0,0.0,1.0,0.0,0.0,0.0,0.0,0,94491.0
2,5,0,0,0,1.0,1.0,0.06,0.05,0.0,1.0,1.0,1,68746.0
22,9,211,1733,1,0.0,0.0,1.0,0.0,0.03,0.0,0.0,0,31863.0
22,9,231,8861,1,0.0,0.0,1.0,0.0,0.04,0.0,0.0,0,87646.0
22,9,353,1461,1,0.0,0.0,1.0,0.0,0.02,0.0,0.0,0,56400.0
57,5,0,0,0,1.0,1.0,0.01,0.07,0.0,1.0,1.0,1,5056.0
22,9,229,816,1,0.0,0.0,1.0,0.0,0.02,0.0,0.0,0,56259.0
22,9,156,4027,1,0.0,0.0,1.0,0.0,0.05,0.0,0.0,0,97005.0
22,1,0,0,0,0.0,0.0,1.0,0.0,0.11,0.0,0.0,0,86566.0
19,9,1030,0,1,0.0,0.0,1.0,0.0,0.0,0.0,0.0,0,51019.0
46,5,0,0,0,1.0,1.0,0.02,0.08,0.0,1.0,1.0,1,43472.0
63,5,0,0,0,1.0,1.0,0.08,0.04,0.0,1.0,1.0,1,61850.0
46,5,0,0,0,1.0,1.0,0.13,0.06,0.0,1.0,1.0,1,16371.0
19,9,16115,0,1,0.0,0.0,1.0,0.0,0.0,0.0,0.0,0,4373.0
22,9,214,3477,1,0.0,0.0,1.0,0.0,0.02,0.0,0.0,0,825.0
22,9,226,632,1,0.0,0.0,1.0,0.0,0.0,0.0,0.0,0,11693.0
46,1,0,0,0,0.0,0.0,0.0,0.53,0.0,0.0,0.0,1,89806.0
11,9,42,42,0,0.0,0.0,1.0,0.0,0.0,0.0,0.0,0,39585.0
22,9,284,2358,1,0.0,0.0,1.0,0.0,0.02,0.0,0.0,0,7608.0
22,9,314,2382,1,0.0,0.0,1.0,0.0,0.05,0.0,0.0,0,66421.0
19,9,246,0,1,0.0,0.0,1.0,0.0,0.17,0.0,0.03,0,30425.0
51,9,652,330,1,0.0,0.0,1.0,0.0,0.0,0.0,0.0,0,33449.0
46,5,0,0,0,1.0,1.0,0.03,0.06,0.0,1.0,1.0,1,78372.0
22,9,338,278,1,0.0,0.0,1.0,0.0,0.0,0.0,0.0,0,114873.0
17,2,0,0,0,0.0,0.0,0.02,0.06,0.0,0.0,0.0,1,87971.0
46,5,0,0,0,1.0,1.0,0.08,0.06,0.0,1.0,1.0,1,31029.0
5,5,0,0,0,1.0,1.0,0.14,0.04,0.0,1.0,1.0,1,21305.0
51,9,1458,332,1,0.0,0.0,1.0,0.0,0.01,0.0,0.0,0,3873.0
46,1,0,0,0,0.0,0.0,0.0,0.52,0.0,0.0,0.0,1,12704.0
57,9,410,1499891,1,0.0,0.0,1.0,0.0,0.0,0.0,0.0,0,79273.0
46,1,0,0,0,0.0,0.0,0.18,0.08,0.0,0.0,0.0,1,19870.0
22,9,206,365,1,0.0,0.0,1.0,0.0,0.0,0.0,0.0,0,18960.0
22,1,0,0,0,0.0,0.0,0.02,1.0,0.0,0.0,0.0,1,84684.0
22,9,290,22808,1,0.0,0.0,1.0,0.0,0.02,0.0,0.0,0,125392.0
22,9,230,3662,1,0.0,0.0,1.0,0.0,0.04,0.0,0.0,0,3518.0
46,1,0,0,0,0.0,0.0,0.06,0.07,0.0,0.0,0.0,1,40441.0
22,9,342,659,1,0.0,0.0,1.0,0.0,0.0,0.0,0.0,0,7224.0
41,4,1,0,0,0.0,0.0,1.0,0.0,0.0,0.0,0.0,1,87898.0
22,9,281,307,1,0.0,0.0,1.0,0.0,0.0,0.0,0.0,0,17237.0
22,1,0,0,0,0.0,0.0,1.0,0.0,0.13,0.0,0.0,0,47282.0
46,5,0,0,0,1.0,1.0,0.05,0.06,0.0,0.58,1.0,1,122687.0
22,9,225,703,1,0.0,0.0,1.0,0.0,0.02,0.0,0.0,0,8670.0
33,5,0,0,0,1.0,1.0,0.02,0.06,0.0,1.0,1.0,1,98667.0
11,9,40,40,0,0.0,0.0,1.0,0.0,0.0,0.0,0.0,0,90792.0
19,9,832,0,1,0.0,0.0,1.0,0.0,0.18,0.0,0.0,0,4404.0
3,1,0,0,0,0.0,0.0,0.0,0.07,0.0,0.0,0.0,1,84183.0
27,5,0,0,0,1.0,1.0,0.01,0.06,0.0,1.0,1.0,1,91767.0
51,9,1052,333,1,0.0,0.0,1.0,0.0,0.01,0.0,0.0,0,79941.0
22,9,235,142,1,0.0,0.0,1.0,0.0,0.03,0.0,0.0,0,99731.0
41,4,1,0,0,0.0,0.0,1.0,0.0,0.0,0.0,0.0,1,47320.0
22,9,298,439,1,0.0,0.0,1.0,0.0,0.06,0.0,0.0,0,123110.0
57,9,10606,17797,1,0.0,0.0,1.0,0.0,0.0,0.76,0.08,0,17314.0
22,1,0,0,0,0.0,0.0,1.0,0.0,0.22,0.0,0.0,0,101663.0
22,9,199,4061,1,0.0,0.0,1.0,0.0,0.0,0.0,0.0,0,123577.0
16,5,0,0,0,1.0,1.0,0.17,0.06,0.0,1.0,1.0,1,852.0
11,9,44,72,0,0.0,0.0,1.0,0.0,0.0,0.0,0.0,0,120791.0
14,9,1032,0,0,0.0,0.0,1.0,0.0,0.0,0.0,0.0,0,111825.0
22,9,297,1044,1,0.0,0.0,1.0,0.0,0.02,0.0,0.0,0,9090.0
54,2,0,0,0,0.0,0.0,0.05,0.06,0.0,0.0,0.0,1,1481.0
22,9,214,1400,1,0.0,0.0,1.0,0.0,0.0,0.0,0.0,0,76501.0
46,1,0,0,0,0.11,0.0,0.0,1.0,0.0,0.1,0.0,1,51617.0
11,9,44,127,0,0.0,0.0,1.0,0.01,0.0,0.0,0.0,0,35907.0
46,5,0,0,0,1.0,1.0,0.06,0.07,0.0,1.0,1.0,1,15736.0
20,1,0,0,0,0.0,0.0,0.01,0.06,0.0,0.0,0.0,1,5585.0
22,9,196,776,1,0.0,0.0,1.0,0.0,0.03,0.0,0.0,0,44357.0
46,5,0,0,0,1.0,1.0,0.05,0.07,0.0,1.0,1.0,1,60813.0
46,5,0,0,0,1.0,1.0,0.1,0.05,0.0,1.0,1.0,1,75308.0
46,4,1,0,0,0.0,0.0,1.0,0.0,0.0,0.0,0.0,1,97669.0
22,1,0,0,0,0.0,0.0,1.0,0.0,0.0,0.0,0.0,0,75332.0
2,5,0,0,0,1.0,1.0,0.03,0.06,0.0,1.0,1.0,1,84958.0
41,1,0,0,0,0.1,0.0,0.0,1.0,0.0,0.03,0.0,1,124670.0
46,5,0,0,0,1.0,1.0,0.01,0.06,0.0,1.0,1.0,1,2299.0
14,9,1032,0,0,0.0,0.0,1.0,0.0,0.0,0.0,0.0,0,99106.0
13,9,30,0,0,0.0,0.0,1.0,0.0,0.47,0.0,0.0,0,56136.0
7,1,0,0,0,0.0,0.0,0.06,0.06,0.0,0.0,0.0,1,101364.0
55,5,0,0,0,1.0,1.0,0.13,0.06,0.0,1.0,1.0,1,102325.0
22,9,301,310,1,0.0,0.0,1.0,0.0,0.04,0.0,0.0,0,101692.0
62,1,0,0,0,0.0,0.0,0.06,0.06,0.0,0.0,0.0,1,64781.0
22,9,285,25519,1,0.0,0.0,1.0,0.0,0.04,0.0,0.0,0,5272.0
46,4,0,0,0,0.0,0.0,1.0,0.0,0.0,0.0,0.0,1,59298.0
14,9,520,0,0,0.0,0.0,1.0,0.0,0.0,0.0,0.0,0,124902.0
22,9,331,7262,1,0.0,0.0,1.0,0.0,0.13,0.0,0.0,0,60586.0
11,9,68,43,0,0.0,0.0,1.0,0.0,0.0,0.0,0.0,0,8526.0
10,5,0,0,0,1.0,1.0,0.03,0.06,0.0,1.0,1.0,1,92459.0
11,9,33,33,0,0.0,0.0,1.0,0.0,0.0,0.0,0.0,0,61120.0
46,4,1,0,0,0.0,0.0,1.0,0.0,0.0,0.0,0.0,1,29399.0
13,9,8,0,0,0.0,0.0,1.0,0.0,0.5,0.0,0.0,1,22327.0
46,1,0,0,0,0.0,0.0,0.1,0.08,0.0,0.0,0.0,1,105808.0
22,9,227,626,1,0.0,0.0,1.0,0.0,0.0,0.0,0.0,0,44456.0
52,5,0,0,0,1.0,1.0,0.07,0.06,0.0,1.0,1.0,1,101602.0
7,1,0,0,0,0.0,0.0,0.01,0.07,0.0,0.0,0.0,1,43200.0
22,9,163,1207,1,0.0,0.0,1.0,0.0,0.04,0.0,0.0,0,43230.0
46,5,0,0,0,1.0,1.0,0.02,0.06,0.0,1.0,1.0,1,104287.0
55,5,0,0,0,1.0,1.0,0.08,0.06,0.0,1.0,1.0,1,135.0
13,9,8,0,0,0.0,0.0,1.0,0.0,0.5,0.0,0.0,1,87878.0
17,9,11,144,0,0.0,0.0,1.0,0.0,0.25,0.0,0.0,0,102355.0
46,5,0,0,0,1.0,1.0,0.1,0.06,0.0,1.0,1.0,1,55294.0
13,9,30,0,0,0.0,0.0,0.14,0.29,0.0,0.0,0.0,0,73747.0
58,5,0,0,0,1.0,1.0,0.05,0.06,0.0,1.0,1.0,1,105092.0
32,5,0,0,0,1.0,1.0,0.01,0.06,0.0,1.0,1.0,1,42098.0
22,9,233,392,1,0.0,0.0,1.0,0.0,0.0,0.0,0.0,0,75680.0
51,5,0,0,0,1.0,1.0,0.5,1.0,0.0,1.0,1.0,1,6798.0
11,9,42,75,0,0.0,0.0,1.0,0.0,0.0,0.0,0.0,0,51201.0
22,9,216,1819,1,0.0,0.0,1.0,0.0,0.0,0.0,0.0,0,107648.0
27,5,0,0,0,1.0,1.0,0.22,0.05,0.0,1.0,1.0,1,90845.0
51,9,655,326,1,0.0,0.0,1.0,0.0,0.0,0.0,0.0,0,100668.0
22,9,282,272,1,0.0,0.0,1.0,0.0,0.04,0.0,0.0,0,50942.0
46,5,0,0,0,1.0,1.0,0.08,0.06,0.0,1.0,1.0,1,16685.0
22,9,346,916,1,0.0,0.0,1.0,0.0,0.05,0.0,0.0,0,91908.0
62,4,0,0,0,0.0,0.0,1.0,0.0,0.0,0.0,0.0,1,48139.0
22,9,303,4086,1,0.0,0.0,1.0,0.0,0.05,0.0,0.0,0,72329.0
13,9,8,0,0,0.0,0.0,1.0,0.0,0.51,0.0,0.0,1,113185.0
22,9,143,9743,1,0.0,0.0,1.0,0.0,0.06,0.0,0.0,0,112096.0
18,9,1180,3380,1,0.0,0.0,1.0,0.0,0.0,0.0,0.0,0,74791.0
19,9,740,0,1,0.0,0.0,1.0,0.0,0.03,0.0,0.27,0,53610.0
11,9,45,45,0,0.0,0.0,1.0,0.0,0.0,0.0,0.0,0,4864.0
46,5,0,0,0,1.0,1.0,0.05,0.05,0.0,1.0,1.0,1,96623.0
51,9,1207,478,1,0.0,0.0,1.0,0.0,0.0,0.0,0.0,0,108696.0
22,9,226,28076,1,0.0,0.0,1.0,0.0,0.02,0.01,0.0,0,49032.0
31,5,0,0,0,1.0,1.0,0.03,0.05,0.0,1.0,1.0,1,83168.0
17,9,10,142,0,0.0,0.0,1.0,0.0,0.0,0.0,0.0,0,5884.0
2,5,0,0,0,1.0,1.0,0.07,0.06,0.0,1.0,1.0,1,81731.0
46,1,0,0,0,0.0,0.0,0.36,0.08,0.0,0.0,0.0,1,84059.0
22,9,209,477,1,0.0,0.0,1.0,0.0,0.04,0.0,0.0,0,63557.0
32,5,0,0,0,1.0,1.0,0.02,0.07,0.0,1.0,1.0,1,12460.0
11,9,45,110,0,0.0,0.0,1.0,0.0,0.0,0.0,0.0,0,99747.0
35,5,0,0,0,1.0,1.0,0.08,0.06,0.0,1.0,1.0,1,11270.0
22,9,321,485,1,0.0,0.0,1.0,0.0,0.02,0.0,0.02,0,91328.0
61,5,0,0,0,1.0,1.0,0.05,0.07,0.0,1.0,1.0,1,34068.0
22,9,316,1298,1,0.0,0.0,1.0,0.0,0.04,0.0,0.0,0,55079.0
46,5,0,0,0,1.0,1.0,0.14,0.06,0.0,1.0,1.0,1,114661.0
22,9,328,3141,1,0.0,0.0,1.0,0.0,0.01,0.0,0.0,0,100933.0
19,9,1214,0,0,0.0,0.0,1.0,0.0,0.03,0.0,0.0,0,36009.0
11,9,34,0,0,0.33,0.0,0.33,0.67,0.06,0.01,0.0,0,108944.0
22,9,211,977,1,0.0,0.0,1.0,0.0,0.02,0.0,0.0,0,75909.0
22,9,278,37097,1,0.0,0.0,1.0,0.0,0.0,0.0,0.0,0,36223.0
5,1,0,0,0,0.0,0.0,0.08,0.06,0.0,0.0,0.0,1,120059.0
22,9,219,631,1,0.0,0.0,1.0,0.0,0.07,0.0,0.0,0,75041.0
11,9,43,114,0,0.0,0.0,0.99,0.01,0.0,0.0,0.0,0,51213.0
22,9,260,2129,1,0.0,0.0,1.0,0.0,0.02,0.01,0.01,0,53390.0
11,9,44,72,0,0.0,0.0,0.99,0.01,0.0,0.0,0.0,0,96691.0
46,4,1,0,0,0.0,0.0,1.0,0.0,0.0,0.0,0.0,1,33160.0
17,9,8,207,0,0.0,0.0,1.0,0.0,1.0,0.0,0.0,0,99842.0
3,9,10,37,1,0.0,0.0,1.0,0.0,1.0,0.0,0.0,0,59032.0
22,9,241,3444,1,0.0,0.0,1.0,0.0,0.02,0.0,0.0,0,96058.0
11,9,46,136,0,0.0,0.0,0.98,0.03,0.0,0.0,0.0,0,78669.0
19,5,0,0,0,1.0,1.0,0.31,0.07,0.0,1.0,1.0,1,84624.0
22,9,204,682,1,0.0,0.0,1.0,0.0,0.0,0.0,0.0,0,37849.0
51,9,1287,329,1,0.0,0.0,1.0,0.0,0.0,0.0,0.0,0,69182.0
22,9,311,11417,1,0.0,0.0,1.0,0.0,0.04,0.0,0.0,0,40707.0
19,9,7233,0,1,0.0,0.0,1.0,0.0,0.08,0.0,0.0,0,25398.0
21,5,0,0,0,1.0,1.0,0.03,0.05,0.0,1.0,1.0,1,6866.0
57,5,0,0,0,1.0,1.0,0.02,0.05,0.0,1.0,1.0,1,21933.0
22,9,220,5559,1,0.0,0.0,1.0,0.0,0.01,0.0,0.0,0,77890.0
46,9,105,146,0,0.0,0.0,0.12,0.25,0.0,0.0,0.0,0,50097.0
22,9,459,6712,1,0.0,0.0,1.0,0.0,0.07,0.0,0.0,0,88786.0
41,1,0,0,0,0.16,0.0,0.0,1.0,0.0,0.06,0.0,1,28277.0
14,9,1032,0,0,0.0,0.0,1.0,0.0,0.0,0.0,0.0,0,104848.0
9,5,0,0,0,1.0,1.0,0.04,0.06,0.0,1.0,1.0,1,109413.0
46,5,0,0,0,1.0,1.0,0.07,0.06,0.0,1.0,1.0,1,66745.0
51,9,1406,332,1,0.0,0.0,0.5,1.0,0.01,0.0,0.0,0,51857.0
57,5,0,0,0,1.0,1.0,0.22,0.15,0.0,1.0,1.0,1,68572.0
22,9,215,10526,1,0.0,0.0,1.0,0.0,0.06,0.0,0.0,0,54154.0
22,9,224,2043,1,0.0,0.0,1.0,0.0,0.0,0.0,0.0,0,74316.0
22,9,54540,8314,1,0.0,0.0,1.0,0.0,0.0,0.0,0.0,0,30448.0
51,9,700,332,1,0.0,0.0,1.0,0.0,0.01,0.0,0.0,0,42595.0
22,9,309,1528,1,0.0,0.0,1.0,0.0,0.03,0.0,0.0,0,36144.0
13,9,8,0,0,0.0,0.0,1.0,0.0,0.5,0.0,0.0,1,35848.0
39,5,0,0,0,1.0,1.0,0.01,0.06,0.0,1.0,1.0,1,86345.0
44,9,35,130,1,0.0,0.0,1.0,0.0,0.33,0.0,0.0,0,98328.0
57,5,0,0,0,1.0,1.0,0.24,0.08,0.0,1.0,1.0,1,13869.0
58,5,0,0,0,1.0,1.0,0.14,0.05,0.0,1.0,1.0,1,7252.0
22,9,229,2545,1,0.0,0.0,1.0,0.0,0.0,0.0,0.0,0,92950.0
13,9,8,0,0,0.0,0.0,1.0,0.0,0.5,0.0,0.0,1,49096.0
19,9,567,0,0,0.0,0.0,1.0,0.0,0.05,0.0,0.0,0,77273.0
41,4,16980502,0,0,0.0,0.0,1.0,0.0,0.0,0.0,0.0,0,82355.0
22,9,343,322,1,0.0,0.0,1.0,0.0,0.01,0.01,0.0,0,41453.0
19,9,748,0,0,0.0,0.0,1.0,0.0,0.0,0.0,0.0,0,12204.0
63,1,0,0,0,0.0,0.0,0.06,0.06,0.0,0.0,0.0,1,125491.0
46,5,0,0,0,1.0,1.0,0.05,0.06,0.0,1.0,1.0,1,114784.0
22,9,308,390,1,0.0,0.0,1.0,0.0,0.01,0.0,0.0,0,56578.0
34,5,0,0,0,1.0,1.0,0.03,0.06,0.0,1.0,1.0,1,65797.0
46,5,0,0,0,1.0,1.0,0.02,0.08,0.0,1.0,1.0,1,31287.0
11,9,30,83,0,0.0,0.0,1.0,0.0,0.01,0.02,0.0,0,5058.0
46,4,0,0,0,0.0,0.0,1.0,0.0,0.0,0.0,0.0,1,1156.0
2,5,0,0,0,1.0,1.0,0.08,0.05,0.0,1.0,1.0,1,72935.0
46,9,1,0,0,0.0,0.0,0.29,0.1,0.0,0.11,0.0,1,35270.0
46,9,28,0,0,0.0,0.0,0.97,0.05,0.0,0.0,0.0,1,3637.0
19,9,7940,0,1,0.0,0.0,1.0,0.0,0.04,0.01,0.02,0,123673.0
41,9,8325,0,1,0.05,0.0,0.05,0.35,0.0,0.01,0.0,0,24985.0
17,5,0,0,0,1.0,1.0,0.22,0.12,0.0,1.0,1.0,1,41951.0
57,5,0,0,0,1.0,1.0,0.35,0.1,0.25,1.0,0.88,1,43828.0
24,1,0,0,0,0.0,0.0,0.13,0.06,0.0,0.0,0.0,1,101383.0
46,5,0,0,0,1.0,1.0,0.04,0.05,0.0,1.0,1.0,1,45320.0
46,4,0,0,0,0.0,0.0,1.0,0.0,0.0,0.0,0.0,1,47912.0
19,9,172,0,1,0.0,0.0,1.0,0.0,0.0,0.0,0.0,0,18264.0
41,9,146,0,0,0.0,0.0,0.08,0.15,0.0,0.0,0.0,0,1.0
22,9,327,182,1,0.0,0.0,1.0,0.0,0.0,0.0,0.0,0,18782.0
22,9,189,1681,1,0.0,0.0,1.0,0.0,0.0,0.0,0.0,0,82396.0
26,1,0,0,0,0.0,0.0,0.5,1.0,0.0,0.0,0.0,1,46747.0
22,9,223,923,1,0.0,0.0,1.0,0.0,0.02,0.0,0.0,0,1454.0
19,9,203,0,1,0.0,0.0,1.0,0.0,0.03,0.0,0.0,0,48454.0
63,5,0,0,0,1.0,1.0,0.06,0.04,0.0,1.0,1.0,1,115448.0
3,9,10,39,0,0.0,0.0,1.0,0.0,0.67,0.0,0.0,0,2271.0
22,9,224,1577,1,0.0,0.0,1.0,0.0,0.03,0.0,0.0,0,68421.0
22,9,182,629,1,0.0,0.0,1.0,0.0,0.0,0.0,0.0,0,43543.0
22,9,332,4714,1,0.0,0.0,1.0,0.0,0.07,0.0,0.0,0,54566.0
22,9,277,10077,1,0.0,0.0,1.0,0.0,0.06,0.0,0.0,0,27447.0
19,9,501760,0,1,0.0,0.0,1.0,0.0,0.08,0.02,0.03,0,28822.0
22,9,194,307,1,0.0,0.0,1.0,0.0,0.0,0.0,0.0,0,69881.0
46,4,0,0,0,0.0,0.0,1.0,0.0,0.0,0.0,0.0,1,92281.0
51,9,1898,369,1,0.0,0.0,1.0,0.0,0.01,0.0,0.0,0,111598.0
22,9,143,8556,1,0.0,0.0,1.0,0.0,0.06,0.0,0.0,0,35926.0
22,9,199,597,1,0.0,0.0,1.0,0.0,0.0,0.0,0.0,0,94822.0
22,9,203,1415,1,0.0,0.0,1.0,0.0,0.05,0.0,0.0,0,94777.0
46,5,0,0,0,1.0,1.0,0.01,0.06,0.0,1.0,1.0,1,12811.0
22,9,54540,8314,1,0.0,0.0,1.0,0.0,0.0,0.0,0.0,0,125929.0
46,5,0,0,0,1.0,1.0,0.09,0.06,0.0,1.0,1.0,1,45106.0
51,9,1575,335,1,0.0,0.0,1.0,0.0,0.01,0.0,0.0,0,103439.0
13,9,8,0,0,0.0,0.0,1.0,0.0,0.25,0.0,0.0,1,42207.0
2,1,0,0,0,0.0,0.0,0.08,0.07,0.0,0.0,0.0,1,53988.0
22,9,318,3862,1,0.0,0.0,1.0,0.0,0.01,0.0,0.0,0,102822.0
52,5,0,0,0,1.0,1.0,0.03,0.07,0.0,1.0,1.0,1,19568.0
51,9,1050,402,1,0.0,0.0,1.0,0.0,0.0,0.01,0.0,0,62057.0
22,9,206,49083,1,0.0,0.0,1.0,0.0,0.03,0.0,0.0,0,12869.0
18,9,241,774,1,0.0,0.0,1.0,0.0,0.0,0.0,0.0,0,24334.0
10,5,0,0,0,1.0,1.0,0.07,0.06,0.0,1.0,1.0,1,50321.0
46,5,0,0,0,1.0,1.0,0.12,0.06,0.0,1.0,1.0,1,55378.0
17,9,9,140,0,0.0,0.0,1.0,0.0,0.0,0.0,0.0,0,12810.0
22,9,211,1005,1,0.0,0.0,1.0,0.0,0.04,0.0,0.0,0,44730.0
11,9,110,44,0,0.0,0.0,1.0,0.0,0.0,0.0,0.0,0,91924.0
19,6,13140,0,1,0.07,0.33,0.21,0.86,0.11,0.01,0.05,0,71520.0
19,9,641,0,1,0.0,0.0,1.0,0.0,0.0,0.0,0.0,0,24773.0
46,5,0,0,0,1.0,1.0,0.03,0.05,0.0,1.0,1.0,1,15918.0
14,9,1032,0,0,0.0,0.0,1.0,0.0,0.0,0.0,0.0,0,72204.0
22,9,295,11111,1,0.0,0.0,1.0,0.0,0.0,0.01,0.01,0,6697.0
22,9,342,309,1,0.0,0.05,1.0,0.0,0.01,0.0,0.0,0,38910.0
41,9,147,105,0,0.0,0.0,0.33,0.67,0.0,0.0,0.0,0,19203.0
22,9,245,20255,1,0.0,0.0,1.0,0.0,0.02,0.0,0.0,0,63310.0
12,5,0,0,0,1.0,1.0,0.08,0.05,0.0,1.0,1.0,1,67362.0
17,5,0,0,0,1.0,1.0,0.28,0.06,0.0,1.0,1.0,1,101633.0
43,4,0,0,0,0.0,0.0,1.0,0.0,0.0,0.0,0.0,1,58834.0
46,5,0,0,0,1.0,1.0,0.03,0.08,0.0,1.0,1.0,1,65879.0
22,9,330,3883,1,0.0,0.0,1.0,0.0,0.0,0.0,0.0,0,43746.0
13,9,8,0,0,0.0,0.0,1.0,0.0,0.5,0.0,0.0,1,2938.0
9,5,0,0,0,1.0,1.0,0.02,0.07,0.0,1.0,1.0,1,15178.0
46,5,0,0,0,1.0,1.0,0.05,0.05,0.0,1.0,1.0,1,40985.0
22,9,301,4724,1,0.0,0.0,1.0,0.0,0.04,0.0,0.0,0,1934.0
13,9,30,0,0,0.0,0.0,1.0,0.0,0.0,0.0,0.0,0,26478.0
22,9,188,733,1,0.0,0.0,1.0,0.0,0.02,0.0,0.01,0,6894.0
11,9,43,43,0,0.0,0.0,1.0,0.0,0.0,0.0,0.0,0,91383.0
22,9,221,1651,1,0.0,0.0,1.0,0.0,0.01,0.0,0.0,0,120845.0
22,9,305,3819,1,0.0,0.0,1.0,0.0,0.03,0.0,0.0,0,18457.0
22,9,212,323,1,0.0,0.0,1.0,0.0,0.04,0.0,0.0,0,124978.0
19,5,0,0,0,1.0,1.0,0.33,0.67,0.04,1.0,0.91,1,89956.0
0,4,1809,4143,0,0.0,0.0,1.0,0.0,0.0,0.04,0.09,0,96304.0
46,9,1,0,0,0.0,0.0,1.0,0.0,0.0,0.05,0.0,1,89480.0
22,5,0,0,0,0.5,0.5,1.0,0.0,0.05,0.33,0.01,0,112136.0
11,9,42,132,0,0.0,0.0,1.0,0.0,0.0,0.0,0.0,0,50995.0
22,9,354,10311,1,0.0,0.0,1.0,0.0,0.03,0.0,0.0,0,65351.0
15,5,0,0,0,1.0,1.0,0.92,0.15,0.0,1.0,1.0,1,100947.0
6,1,0,0,0,0.0,0.0,0.01,0.07,0.0,0.0,0.0,1,22021.0
22,9,310,263,1,0.0,0.0,1.0,0.0,0.0,0.0,0.0,0,72883.0
18,9,119,426,1,0.0,0.0,1.0,0.0,0.0,0.0,0.0,0,46547.0
13,9,8,0,0,0.0,0.0,1.0,0.0,0.51,0.0,0.0,1,67690.0
14,9,30,0,0,0.0,0.0,1.0,0.0,0.0,0.0,0.0,0,54767.0
57,9,84,153,0,0.0,0.0,1.0,0.0,0.0,0.0,0.0,0,34563.0
46,5,0,0,0,1.0,1.0,0.1,0.06,0.0,1.0,1.0,1,92776.0
51,9,2688,336,1,0.0,0.0,1.0,0.0,0.01,0.0,0.0,0,63399.0
22,9,226,1948,1,0.0,0.0,1.0,0.0,0.02,0.0,0.0,0,70140.0
6,5,0,0,0,1.0,1.0,0.03,0.06,0.0,1.0,1.0,1,117592.0
13,9,30,0,0,0.0,0.0,1.0,0.0,0.45,0.0,0.0,0,67614.0
19,9,19,0,0,0.0,0.0,1.0,0.0,0.0,0.02,0.0,0,56443.0
51,9,622,330,1,0.0,0.0,1.0,0.0,0.0,0.0,0.0,0,106984.0
11,9,44,110,0,0.0,0.0,1.0,0.0,0.01,0.0,0.0,0,7006.0
22,9,232,98,1,0.0,0.0,1.0,0.0,0.03,0.0,0.0,0,77632.0
10,5,0,0,0,1.0,1.0,0.01,0.05,0.0,1.0,1.0,1,96781.0
22,9,198,810,1,0.0,0.0,1.0,0.0,0.0,0.0,0.0,0,124467.0
22,9,227,1231,1,0.0,0.0,1.0,0.0,0.0,0.0,0.0,0,75104.0
22,9,296,1647,1,0.0,0.0,1.0,0.0,0.01,0.0,0.0,0,32056.0
22,9,343,2432,1,0.0,0.0,1.0,0.0,0.02,0.0,0.0,0,94272.0
51,9,1072,330,1,0.0,0.0,1.0,0.0,0.01,0.0,0.0,0,51146.0
22,1,0,0,0,0.0,0.0,1.0,0.0,0.11,0.0,0.0,0,48817.0
19,9,1874,0,1,0.0,0.0,1.0,0.0,0.0,0.0,0.0,0,50683.0
46,5,0,0,0,1.0,1.0,0.03,0.06,0.0,1.0,1.0,1,8596.0
22,9,261,185,1,0.0,0.0,1.0,0.0,0.0,0.0,0.0,0,50672.0
62,5,0,0,0,1.0,1.0,0.09,0.06,0.0,1.0,1.0,1,107264.0
41,1,0,0,0,0.03,0.0,0.0,1.0,0.0,0.06,0.0,1,23926.0
11,9,44,125,0,0.0,0.0,1.0,0.0,0.0,0.0,0.0,0,33749.0
22,9,203,2412,1,0.0,0.0,1.0,0.0,0.06,0.0,0.0,0,64291.0
46,0,0,0,0,0.0,0.0,1.0,0.0,0.0,0.04,0.0,1,91388.0
13,9,8,0,0,0.0,0.0,1.0,0.0,0.52,0.0,0.0,1,27237.0
53,5,0,0,0,1.0,1.0,0.06,0.07,0.0,1.0,1.0,1,36375.0
11,9,36,0,0,0.0,0.0,1.0,0.0,0.01,0.0,0.0,0,80653.0
57,9,596,339045,1,0.0,0.0,1.0,0.0,0.0,0.0,0.0,0,73249.0
11,9,30,0,0,0.0,0.0,1.0,0.0,0.0,0.0,0.0,0,42492.0
8,5,0,0,0,1.0,1.0,0.05,0.06,0.0,1.0,1.0,1,92064.0
51,9,1729,337,1,0.0,0.0,1.0,0.0,0.01,0.0,0.0,0,111405.0
22,9,352,397,1,0.0,0.0,1.0,0.0,0.0,0.0,0.0,0,98035.0
22,9,313,8110,1,0.0,0.0,1.0,0.0,0.02,0.0,0.0,0,9911.0
51,9,2994,334,1,0.0,0.0,1.0,0.0,0.02,0.0,0.0,0,64022.0
46,5,0,0,0,1.0,1.0,0.01,0.05,0.0,1.0,1.0,1,13767.0
17,9,0,0,0,0.0,0.0,1.0,0.0,0.5,0.0,0.0,1,13021.0
22,9,291,385,1,0.0,0.0,1.0,0.0,0.05,0.0,0.0,0,72581.0
46,5,0,0,0,1.0,1.0,0.04,0.07,0.0,1.0,1.0,1,115847.0
22,9,306,6015,1,0.0,0.0,1.0,0.0,0.03,0.0,0.0,0,8116.0
22,9,178,833,1,0.0,0.0,1.0,0.0,0.02,0.0,0.0,0,39489.0
46,5,0,0,0,1.0,1.0,0.05,0.06,0.0,1.0,1.0,1,87543.0
46,1,0,0,0,0.0,0.0,0.08,0.06,0.0,0.0,0.0,1,121228.0
18,9,224,766,1,0.0,0.0,1.0,0.0,0.0,0.0,0.0,0,58113.0
22,9,224,2621,1,0.0,0.0,1.0,0.0,0.03,0.0,0.0,0,117199.0
46,5,0,0,0,1.0,1.0,0.09,0.08,0.0,1.0,1.0,1,48730.0
51,9,1303,328,1,0.0,0.0,1.0,0.0,0.0,0.0,0.0,0,120537.0
22,9,296,1761,1,0.0,0.0,1.0,0.0,0.0,0.0,0.0,0,72198.0
46,5,0,0,0,1.0,1.0,0.1,0.05,0.0,1.0,1.0,1,91562.0
22,9,223,1471,1,0.0,0.0,1.0,0.0,0.0,0.0,0.0,0,88195.0
11,9,44,43,0,0.0,0.0,1.0,0.0,0.0,0.0,0.0,0,115050.0
22,9,344,185,1,0.0,0.0,1.0,0.0,0.01,0.0,0.0,0,52417.0
46,5,0,0,0,1.0,1.0,0.15,0.06,0.0,1.0,1.0,1,11199.0
22,9,352,13335,1,0.0,0.0,1.0,0.0,0.04,0.0,0.0,0,100005.0
19,9,30,0,1,0.0,0.0,1.0,0.0,0.07,0.0,0.02,0,34883.0
22,9,309,440,1,0.0,0.0,1.0,0.0,0.0,0.0,0.0,0,73479.0
46,5,0,0,0,1.0,1.0,0.07,0.06,0.0,1.0,1.0,1,56637.0
46,1,0,0,0,0.0,0.0,0.04,0.07,0.0,0.0,0.0,1,24908.0
51,9,827,326,1,0.0,0.0,1.0,0.0,0.02,0.0,0.0,0,11353.0
46,9,1,0,0,0.0,0.0,0.2,0.4,0.0,0.03,0.0,1,50655.0
46,1,0,0,0,0.0,0.0,1.0,0.0,0.0,0.0,0.0,1,105816.0
41,1,0,0,0,0.0,0.0,1.0,0.0,0.0,0.0,0.0,1,124382.0
22,9,295,770,1,0.0,0.0,1.0,0.0,0.0,0.0,0.0,0,29144.0
11,9,43,75,0,0.0,0.0,1.0,0.0,0.0,0.0,0.0,0,124038.0
6,5,0,0,0,1.0,1.0,0.04,0.07,0.0,1.0,1.0,1,92779.0
63,5,0,0,0,1.0,1.0,0.06,0.06,0.0,1.0,1.0,1,71836.0
30,5,0,0,0,1.0,1.0,0.01,0.07,0.0,1.0,1.0,1,70610.0
46,1,0,0,0,0.0,0.0,0.02,0.07,0.0,0.0,0.0,1,9004.0
52,5,0,0,0,1.0,1.0,0.04,0.06,0.0,1.0,1.0,1,42285.0
22,9,294,260,1,0.0,0.0,1.0,0.0,0.03,0.0,0.0,0,26281.0
18,9,699,2077,1,0.0,0.0,1.0,0.0,0.0,0.0,0.0,0,42875.0
22,5,0,0,0,1.0,1.0,0.04,0.06,0.0,1.0,1.0,1,83660.0
19,9,12286,0,1,0.0,0.0,1.0,0.0,0.02,0.0,0.0,0,64318.0
22,1,0,0,0,0.0,0.0,1.0,0.0,0.22,0.0,0.0,0,56326.0
46,5,0,0,0,0.59,1.0,0.03,0.04,0.0,1.0,1.0,1,38574.0
22,9,221,511,1,0.0,0.0,1.0,0.0,0.0,0.0,0.0,0,21451.0
31,5,0,0,0,1.0,1.0,0.06,0.07,0.0,1.0,1.0,1,62532.0
40,9,48,48,0,0.0,0.0,1.0,0.0,0.0,0.0,0.0,0,121061.0
51,9,1689,324,1,0.0,0.0,1.0,0.0,0.0,0.0,0.0,0,8146.0
3,5,0,0,0,1.0,1.0,0.08,0.06,0.0,1.0,1.0,1,89458.0
22,9,224,2531,1,0.0,0.0,1.0,0.0,0.0,0.0,0.0,0,34153.0
22,5,0,0,0,1.0,1.0,0.06,0.06,0.0,1.0,1.0,1,77012.0
22,9,155,10121,1,0.0,0.0,1.0,0.0,0.01,0.0,0.0,0,20468.0
22,9,213,414,1,0.0,0.0,1.0,0.0,0.03,0.0,0.0,0,16190.0
22,9,149,1030,1,0.0,0.0,1.0,0.0,0.05,0.33,0.01,0,113048.0
46,5,0,0,0,1.0,1.0,0.54,0.08,0.0,1.0,1.0,1,46429.0
12,5,0,0,0,1.0,1.0,0.02,0.06,0.0,1.0,1.0,1,6969.0
11,9,45,82,0,0.0,0.0,1.0,0.0,0.0,0.0,0.0,0,87457.0
46,5,0,0,0,1.0,1.0,0.09,0.05,0.0,1.0,1.0,1,98914.0
54,2,0,0,0,0.0,0.0,0.08,0.07,0.0,0.0,0.0,1,17443.0
13,9,8,0,0,0.0,0.0,1.0,0.0,0.5,0.0,0.0,1,96269.0
22,9,271,1109,1,0.0,0.0,1.0,0.0,0.02,0.0,0.0,0,62780.0
51,9,1793,330,1,0.0,0.0,1.0,0.0,0.01,0.0,0.0,0,124622.0
11,9,45,130,0,0.0,0.0,0.99,0.01,0.0,0.0,0.0,0,55966.0
22,9,196,11180,1,0.0,0.0,1.0,0.0,0.0,0.0,0.0,0,73796.0
13,9,8,0,0,0.0,0.0,1.0,0.0,0.5,0.0,0.0,1,24238.0
22,1,0,0,0,0.0,0.0,1.0,0.0,0.16,0.0,0.0,0,73622.0
46,5,0,0,0,1.0,1.0,0.41,0.27,0.0,1.0,1.0,1,112357.0
44,9,177,13412,1,0.0,0.0,1.0,0.0,0.0,0.0,0.0,0,120179.0
22,9,276,1011,1,0.0,0.0,1.0,0.0,0.0,0.0,0.0,0,69463.0
22,9,237,881,1,0.0,0.0,1.0,0.0,0.0,0.0,0.0,0,89273.0
13,9,8,0,0,0.0,0.0,1.0,0.0,0.5,0.0,0.0,1,102854.0
46,5,0,0,0,1.0,1.0,0.06,0.06,0.0,1.0,1.0,1,60739.0
22,9,218,6721,1,0.0,0.0,1.0,0.0,0.07,0.0,0.0,0,67144.0
46,5,0,0,0,1.0,1.0,0.08,0.05,0.0,1.0,1.0,1,109045.0
22,9,281,758,1,0.0,0.0,1.0,0.0,0.05,0.0,0.0,0,103909.0
58,2,0,0,0,0.0,0.0,0.05,0.07,0.0,0.0,0.0,1,123498.0
22,9,364,8019,1,0.0,0.0,1.0,0.0,0.03,0.0,0.0,0,53176.0
20,5,0,0,0,1.0,1.0,0.01,0.06,0.0,1.0,1.0,1,24134.0
57,9,102,1518,1,0.0,0.0,1.0,0.0,0.0,0.0,0.0,0,121710.0
22,1,0,0,0,0.0,0.0,0.06,0.06,0.0,0.0,0.0,1,75187.0
41,1,0,0,0,0.14,0.0,0.0,1.0,0.0,0.11,0.0,1,115801.0
19,5,0,0,0,1.0,1.0,0.41,0.06,0.03,0.94,0.23,1,94668.0
22,9,216,827,1,0.0,0.0,1.0,0.0,0.05,0.0,0.0,0,42336.0
22,8,303,13335,1,0.25,0.2,1.0,0.0,0.01,0.01,0.01,0,18107.0
21,5,0,0,0,1.0,1.0,0.07,0.05,0.0,1.0,1.0,1,125030.0
22,9,327,5402,1,0.0,0.0,1.0,0.0,0.08,0.0,0.0,0,87135.0
64,5,0,0,0,1.0,1.0,0.09,0.05,0.0,1.0,1.0,1,50932.0
22,9,208,1006,1,0.0,0.0,1.0,0.0,0.0,0.0,0.0,0,31455.0
46,9,105,147,0,0.0,0.0,1.0,0.0,0.0,0.0,0.0,0,121546.0
22,9,294,782,1,0.0,0.0,1.0,0.0,0.0,0.0,0.0,0,68445.0
11,9,36,0,0,0.0,0.0,1.0,0.0,0.04,0.0,0.0,0,868.0
22,9,321,1560,1,0.0,0.0,1.0,0.0,0.02,0.0,0.0,0,68988.0
46,1,0,0,0,0.0,0.0,0.06,0.06,0.0,0.0,0.0,1,89019.0
57,9,306,24556,1,0.0,0.0,1.0,0.0,0.0,0.0,0.0,0,30500.0
51,9,534,281,1,0.0,0.0,1.0,0.0,0.01,0.0,0.0,0,40875.0
46,5,0,0,0,1.0,1.0,0.06,0.06,0.0,1.0,1.0,1,57394.0
46,5,0,0,0,1.0,1.0,0.06,0.06,0.0,1.0,1.0,1,62583.0
39,5,0,0,0,1.0,1.0,0.03,0.06,0.0,1.0,1.0,1,48063.0
19,9,383,0,1,0.0,0.0,1.0,0.0,0.05,0.01,0.02,0,105556.0
22,9,303,280,1,0.0,0.0,1.0,0.0,0.01,0.0,0.0,0,77106.0
22,9,212,171,1,0.0,0.0,1.0,0.0,0.05,0.0,0.0,0,110131.0
31,5,0,0,0,1.0,1.0,0.06,0.05,0.0,1.0,1.0,1,28154.0
22,9,148,1030,1,0.0,0.0,1.0,0.0,0.07,0.25,0.01,0,96996.0
19,9,190,0,0,0.0,0.0,1.0,0.0,0.0,0.0,0.0,0,112858.0
51,9,1250,327,1,0.0,0.0,1.0,0.0,0.01,0.0,0.0,0,18138.0
22,9,227,1484,1,0.0,0.0,1.0,0.0,0.01,0.0,0.0,0,30450.0
39,5,0,0,0,1.0,1.0,0.36,0.45,0.0,1.0,1.0,1,111134.0
22,1,0,0,0,0.0,0.0,1.0,0.0,0.0,0.0,0.0,0,69190.0
41,9,146,105,0,0.0,0.0,1.0,0.0,0.0,0.0,0.0,0,94583.0
11,9,44,77,0,0.0,0.0,1.0,0.01,0.0,0.0,0.0,0,109328.0
33,5,0,0,0,1.0,1.0,0.01,0.08,0.0,1.0,1.0,1,121596.0
51,9,790,332,1,0.0,0.0,1.0,0.0,0.02,0.0,0.0,0,115599.0
22,9,226,284,1,0.0,0.0,1.0,0.0,0.02,0.0,0.0,0,97192.0
19,9,5891,0,1,0.0,0.0,1.0,0.0,0.02,0.0,0.0,0,16832.0
22,9,239,3691,1,0.0,0.0,1.0,0.0,0.03,0.0,0.0,0,39941.0
5,5,0,0,0,1.0,1.0,0.13,0.06,0.0,1.0,1.0,1,40355.0
22,9,373,468,1,0.0,0.0,1.0,0.0,0.21,0.0,0.0,0,55292.0
13,9,8,0,0,0.0,0.0,1.0,0.0,0.25,0.0,0.0,1,113288.0
57,5,0,0,0,1.0,1.0,0.24,0.06,0.0,1.0,1.0,1,35799.0
46,5,0,0,0,1.0,1.0,0.01,0.06,0.0,1.0,1.0,1,107222.0
22,9,261,585,1,0.0,0.0,1.0,0.0,0.0,0.0,0.0,0,16107.0
22,9,205,8892,1,0.5,0.5,1.0,0.0,0.02,0.01,0.01,0,11094.0
22,9,344,696,1,0.0,0.0,1.0,0.0,0.01,0.0,0.0,0,41585.0
51,9,1652,392,1,0.0,0.0,1.0,0.0,0.01,0.0,0.0,0,103665.0
51,9,789,329,1,0.0,0.0,1.0,0.0,0.01,0.0,0.0,0,122431.0
46,5,0,0,0,1.0,1.0,0.01,0.06,0.0,1.0,1.0,1,34904.0
46,4,0,0,0,0.0,0.0,1.0,0.0,0.0,0.0,0.0,1,45963.0
22,1,0,0,0,0.0,0.0,1.0,0.0,0.11,0.0,0.0,0,30830.0
22,1,0,0,0,0.0,0.0,1.0,0.0,0.13,0.0,0.0,0,5909.0
46,5,0,0,0,1.0,1.0,0.09,0.06,0.0,1.0,1.0,1,28876.0
22,9,233,2840,1,0.0,0.0,1.0,0.0,0.04,0.0,0.0,0,53619.0
19,9,9,0,1,0.0,0.0,1.0,0.0,0.02,0.07,0.0,0,60721.0
22,5,0,0,0,0.5,0.25,1.0,0.0,0.05,0.03,0.0,0,21473.0
41,9,147,105,0,0.0,0.0,1.0,0.0,0.0,0.0,0.0,0,85000.0
22,9,230,857,1,0.0,0.0,1.0,0.0,0.03,0.0,0.0,0,27313.0
22,9,54540,8314,1,0.0,0.0,1.0,0.0,0.0,0.03,0.03,0,12951.0
22,9,194,313,1,0.0,0.0,1.0,0.0,0.02,0.0,0.0,0,84668.0
11,9,45,77,0,0.0,0.0,1.0,0.01,0.0,0.0,0.0,0,53269.0
22,9,342,406,1,0.0,0.0,1.0,0.0,0.0,0.0,0.0,0,122101.0
22,9,229,1032,1,0.0,0.0,1.0,0.0,0.07,0.0,0.0,0,67826.0
22,9,206,313,1,0.0,0.0,1.0,0.0,0.04,0.0,0.0,0,105308.0
51,9,638,330,1,0.0,0.0,1.0,0.0,0.0,0.0,0.01,0,44529.0
18,9,1419,4152,1,0.0,0.0,1.0,0.0,0.0,0.0,0.0,0,122037.0
11,9,43,121,0,0.0,0.0,1.0,0.0,0.0,0.0,0.0,0,123085.0
46,5,0,0,0,1.0,1.0,0.05,0.07,0.0,1.0,1.0,1,74232.0
46,5,0,0,0,1.0,1.0,0.02,0.06,0.0,1.0,1.0,1,27908.0
46,5,0,0,0,1.0,1.0,0.07,0.06,0.0,1.0,1.0,1,72035.0
19,9,9178,0,1,0.0,0.0,1.0,0.0,0.02,0.0,0.0,0,112381.0
51,9,874,311,1,0.0,0.0,1.0,0.0,0.0,0.0,0.0,0,88625.0
18,9,1232,2451,1,0.0,0.0,1.0,0.0,0.0,0.0,0.0,0,116093.0
57,5,0,0,0,1.0,1.0,0.24,0.05,0.0,1.0,1.0,1,122375.0
22,5,0,0,0,1.0,1.0,0.01,0.07,0.0,1.0,1.0,1,43750.0
52,4,1,0,0,0.0,0.0,1.0,0.0,0.0,0.0,0.0,1,7267.0
51,9,3133,329,1,0.0,0.0,1.0,0.0,0.0,0.0,0.0,0,68052.0
11,9,112,46,0,0.0,0.0,1.0,0.01,0.0,0.0,0.0,0,11394.0
22,9,372,8198,1,0.0,0.0,1.0,0.0,0.07,0.0,0.0,0,87281.0
22,9,187,913,1,0.0,0.0,1.0,0.0,0.03,0.0,0.0,0,53904.0
2,1,0,0,0,0.0,0.0,0.05,0.07,0.0,0.0,0.0,1,17121.0
22,5,0,0,0,1.0,1.0,0.07,0.06,0.0,1.0,1.0,1,6632.0
9,5,0,0,0,1.0,1.0,0.05,0.05,0.0,1.0,1.0,1,61945.0
22,1,0,0,0,0.0,0.0,1.0,0.0,0.17,0.0,0.0,0,59035.0
51,5,0,0,0,1.0,1.0,1.0,0.0,0.01,0.99,0.69,1,123560.0
22,9,54540,8314,1,0.0,0.0,1.0,0.0,0.0,0.0,0.0,0,21366.0
22,9,147,19932,1,0.0,0.0,1.0,0.0,0.0,0.0,0.0,0,58649.0
18,2,900,2836,1,0.0,0.0,1.0,0.0,0.0,0.0,0.0,0,95310.0
52,5,0,0,0,1.0,1.0,0.05,0.06,0.0,1.0,1.0,1,45463.0
46,5,0,0,0,1.0,1.0,0.02,0.06,0.0,1.0,1.0,1,117772.0
22,9,195,2063,1,0.0,0.2,1.0,0.0,0.04,0.0,0.0,0,93643.0
22,9,230,9542,1,0.0,0.0,1.0,0.0,0.02,0.01,0.0,0,18204.0
11,9,46,132,0,0.0,0.0,1.0,0.0,0.0,0.0,0.0,0,81054.0
11,9,45,140,0,0.0,0.0,1.0,0.0,0.01,0.0,0.0,0,4935.0
3,5,0,0,0,1.0,1.0,0.05,0.05,0.0,1.0,1.0,1,33264.0
11,9,45,134,0,0.0,0.0,1.0,0.0,0.0,0.0,0.0,0,26905.0
19,9,11,0,0,0.0,0.0,1.0,0.0,0.02,0.0,0.0,0,59467.0
51,9,2313,331,1,0.0,0.0,1.0,0.0,0.02,0.0,0.0,0,117463.0
41,9,3775,0,1,0.15,0.0,0.05,0.65,0.0,0.05,0.0,0,51692.0
46,5,0,0,0,1.0,1.0,0.07,0.06,0.0,1.0,1.0,1,101872.0
44,9,6,151,0,0.07,0.0,0.0,1.0,0.0,0.07,0.0,1,19727.0
46,5,0,0,0,1.0,1.0,0.17,0.06,0.0,1.0,1.0,1,29073.0
8,5,0,0,0,1.0,1.0,0.08,0.05,0.0,1.0,1.0,1,94274.0
19,9,246,0,1,0.0,0.0,1.0,0.0,0.08,0.0,0.03,0,47054.0
14,9,1032,0,0,0.0,0.0,1.0,0.0,0.0,0.02,0.0,0,9545.0
22,9,262,755,1,0.0,0.0,1.0,0.0,0.0,0.0,0.0,0,31383.0
22,9,318,23484,1,0.0,0.0,1.0,0.0,0.01,0.0,0.01,0,44606.0
63,5,0,0,0,1.0,1.0,0.02,0.06,0.0,1.0,1.0,1,32606.0
41,1,0,0,0,0.09,0.0,0.0,1.0,0.0,0.14,0.0,1,80208.0
22,9,320,766,1,0.0,0.0,1.0,0.0,0.03,0.0,0.0,0,75040.0
22,1,0,0,0,0.0,0.0,1.0,0.0,0.08,0.0,0.0,0,30945.0
13,9,8,0,0,0.0,0.0,1.0,0.0,0.51,0.0,0.0,1,30137.0
17,5,0,0,0,1.0,1.0,0.29,0.43,0.0,1.0,1.0,1,27910.0
60,9,78,0,0,0.0,0.0,0.1,0.1,0.0,0.0,0.0,0,80205.0
19,9,259,0,0,0.0,0.0,1.0,0.0,0.02,0.0,0.0,0,82025.0
46,1,0,0,0,0.0,0.0,0.02,0.1,0.0,0.0,0.0,1,34990.0
46,9,1,0,0,0.0,0.0,1.0,0.0,0.0,0.05,0.0,1,59883.0
22,9,304,6814,1,0.0,0.0,1.0,0.0,0.04,0.0,0.0,0,86856.0
46,4,1,0,0,0.0,0.0,1.0,0.0,0.0,0.0,0.0,1,124919.0
22,9,211,3033,1,0.0,0.0,1.0,0.0,0.03,0.0,0.0,0,37497.0
22,9,165,16819,1,0.0,0.0,1.0,0.0,0.0,0.0,0.0,0,102559.0
22,9,303,336,1,0.0,0.0,1.0,0.0,0.0,0.0,0.0,0,106079.0
18,5,0,0,0,1.0,1.0,0.07,0.06,0.0,1.0,1.0,1,25137.0
57,9,884,146065,1,0.0,0.0,1.0,0.0,0.0,0.09,0.25,0,48766.0
13,9,8,0,0,0.0,0.0,1.0,0.0,0.5,0.0,0.0,1,57239.0
13,9,8,0,0,0.0,0.0,1.0,0.0,0.5,0.0,0.0,1,6737.0
22,9,245,577,1,0.0,0.0,1.0,0.0,0.01,0.0,0.0,0,77296.0
41,9,1,0,0,0.0,0.0,0.08,0.38,0.0,0.0,0.0,1,36357.0
20,5,0,0,0,1.0,1.0,0.06,0.06,0.0,1.0,1.0,1,119630.0
13,9,8,0,0,0.0,0.0,1.0,0.0,0.25,0.0,0.0,1,14744.0
11,9,44,110,0,0.0,0.0,1.0,0.0,0.01,0.0,0.0,0,11537.0
51,9,1855,337,1,0.0,0.0,1.0,0.0,0.01,0.01,0.0,0,14380.0
22,9,192,1338,1,0.0,0.0,1.0,0.0,0.0,0.0,0.0,0,88686.0
32,1,0,0,0,0.0,0.0,0.19,0.08,0.0,0.0,0.0,1,30146.0
46,1,0,0,0,0.0,0.0,0.5,1.0,0.0,0.0,0.0,1,19212.0
46,4,0,0,0,0.0,0.0,0.01,0.52,0.0,0.0,0.0,1,8549.0
5,5,0,0,0,1.0,1.0,0.14,0.05,0.0,1.0,1.0,1,83515.0
22,9,308,406,1,0.0,0.0,1.0,0.0,0.0,0.0,0.0,0,91224.0
13,9,8,0,0,0.0,0.0,1.0,0.0,0.5,0.0,0.0,1,10221.0
22,9,305,466,1,0.0,0.0,1.0,0.0,0.02,0.0,0.0,0,84999.0
51,5,0,0,0,0.2,0.5,0.4,0.4,0.02,0.01,0.02,1,104103.0
22,9,293,443,1,0.0,0.0,1.0,0.0,0.02,0.0,0.0,0,123829.0
22,9,325,856,1,0.0,0.0,1.0,0.0,0.03,0.0,0.0,0,22732.0
51,9,617,330,1,0.0,0.0,1.0,0.0,0.01,0.0,0.0,0,69439.0
36,5,0,0,0,1.0,1.0,0.01,0.07,0.0,1.0,1.0,1,106795.0
19,5,0,0,0,1.0,1.0,0.88,0.25,0.0,1.0,1.0,1,85419.0
46,5,0,0,0,1.0,1.0,0.2,0.15,0.0,1.0,1.0,1,37477.0
51,9,3441,329,1,0.0,0.0,1.0,0.0,0.01,0.0,0.0,0,71195.0
22,9,265,872,1,0.0,0.0,1.0,0.0,0.0,0.0,0.0,0,117439.0
22,9,282,3342,1,0.0,0.0,1.0,0.0,0.01,0.0,0.0,0,39714.0
22,9,206,313,1,0.06,0.05,1.0,0.0,0.05,0.06,0.02,0,7427.0
41,9,145,105,0,0.0,0.0,1.0,0.0,0.0,0.0,0.0,0,17870.0
22,9,306,3751,1,0.0,0.0,1.0,0.0,0.05,0.0,0.0,0,113504.0
24,5,0,0,0,1.0,1.0,0.13,0.05,0.0,1.0,1.0,1,87519.0
46,9,1,0,0,0.0,0.0,0.07,0.11,0.0,0.05,0.0,1,96655.0
22,6,274,26280,1,1.0,1.0,1.0,0.0,0.08,1.0,0.0,0,107709.0
22,1,0,0,0,0.0,0.0,1.0,0.0,0.0,0.0,0.0,0,82257.0
22,9,344,1756,1,0.0,0.0,1.0,0.0,0.03,0.0,0.0,0,109134.0
4,5,0,0,0,1.0,1.0,0.04,0.05,0.0,1.0,1.0,1,69186.0
16,5,0,0,0,1.0,1.0,0.17,0.05,0.0,1.0,1.0,1,52623.0
11,9,45,139,0,0.0,0.0,1.0,0.0,0.0,0.0,0.0,0,124966.0
13,9,8,0,0,0.0,0.0,1.0,0.0,0.5,0.0,0.0,1,41441.0
11,9,133,43,0,0.0,0.0,1.0,0.01,0.0,0.0,0.0,0,39303.0
11,9,43,76,0,0.0,0.0,1.0,0.0,0.0,0.0,0.0,0,16402.0
22,9,313,1481,1,0.0,0.0,1.0,0.0,0.0,0.0,0.0,0,89817.0
61,5,0,0,0,1.0,1.0,0.14,0.06,0.0,1.0,1.0,1,97379.0
46,5,0,0,0,1.0,1.0,0.07,0.05,0.0,1.0,1.0,1,6234.0
22,9,344,274,1,0.0,0.0,1.0,0.0,0.06,0.0,0.0,0,77274.0
18,9,236,769,1,0.0,0.0,1.0,0.0,0.0,0.01,0.0,0,112425.0
51,9,1836,331,1,0.0,0.0,1.0,0.0,0.0,0.0,0.0,0,6264.0
60,9,123,0,0,0.0,0.0,0.33,0.33,0.0,0.0,0.0,0,24606.0
22,9,253,1019,1,0.0,0.0,1.0,0.0,0.0,0.0,0.0,0,102032.0
22,9,229,855,1,0.0,0.0,1.0,0.0,0.03,0.0,0.0,0,20332.0
19,9,192,0,0,0.0,0.0,1.0,0.0,0.03,0.0,0.0,0,13450.0
11,9,43,43,0,0.0,0.0,1.0,0.0,0.0,0.0,0.0,0,47001.0
22,1,0,0,0,0.0,0.0,1.0,0.0,0.29,0.0,0.0,0,107652.0
22,9,208,1415,1,0.0,0.0,1.0,0.0,0.0,0.0,0.0,0,100076.0
46,10,0,0,0,1.0,1.0,1.0,0.0,0.0,0.58,1.0,1,123971.0
13,9,8,0,0,0.0,0.0,1.0,0.0,0.57,0.0,0.0,1,123129.0
46,5,0,0,0,1.0,1.0,0.06,0.06,0.0,1.0,1.0,1,2738.0
36,5,0,0,0,1.0,1.0,0.04,0.07,0.0,1.0,1.0,1,44367.0
22,9,262,293,1,0.0,0.0,1.0,0.0,0.02,0.0,0.0,0,124933.0
41,1,0,0,0,0.07,0.0,0.0,1.0,0.0,0.04,0.0,1,105693.0
21,1,0,0,0,0.0,0.0,0.06,0.06,0.0,0.0,0.0,1,47150.0
22,9,305,633,1,0.0,0.0,1.0,0.0,0.04,0.0,0.0,0,84801.0
22,9,360,462,1,0.0,0.0,1.0,0.0,0.02,0.0,0.0,0,110814.0
8,5,0,0,0,1.0,1.0,0.09,0.05,0.0,1.0,1.0,1,114471.0
5,5,0,0,0,1.0,1.0,0.12,0.06,0.0,1.0,1.0,1,2852.0
51,9,8952,332,1,0.0,0.0,1.0,0.0,0.01,0.0,0.0,0,67115.0
46,2,0,0,0,0.0,0.0,0.02,0.07,0.0,0.0,0.0,1,28347.0
22,9,214,4954,1,0.0,0.0,1.0,0.0,0.0,0.0,0.0,0,11886.0
51,9,1798,393,1,0.0,0.0,1.0,0.0,0.02,0.0,0.0,0,65069.0
14,9,1032,0,0,0.0,0.0,1.0,0.0,0.0,0.01,0.0,0,82337.0
19,9,1470,0,1,0.0,0.0,1.0,0.0,0.0,0.0,0.0,0,125074.0
36,5,0,0,0,1.0,1.0,0.07,0.06,0.0,1.0,1.0,1,52322.0
22,9,301,480,1,0.0,0.0,1.0,0.0,0.01,0.0,0.0,0,23927.0
35,5,0,0,0,1.0,1.0,0.0,0.06,0.0,1.0,1.0,1,14214.0
16,2,0,0,0,0.0,0.0,0.04,0.07,0.0,0.0,0.0,1,120625.0
11,9,42,42,0,0.0,0.0,1.0,0.0,0.0,0.0,0.0,0,122329.0
22,9,330,1024,1,0.0,0.0,1.0,0.0,0.0,0.0,0.0,0,12654.0
63,5,0,0,0,1.0,1.0,0.0,0.06,0.0,1.0,1.0,1,109491.0
19,9,884,0,0,0.0,0.0,1.0,0.0,0.04,0.0,0.0,0,92559.0
46,9,1,0,0,0.0,0.0,1.0,0.0,0.0,0.0,0.0,1,16026.0
22,1,0,0,0,0.0,0.0,1.0,0.0,0.0,0.0,0.0,0,120887.0
22,9,197,9524,1,0.0,0.0,1.0,0.0,0.02,0.0,0.0,0,101487.0
19,9,383,0,0,0.0,0.0,0.67,0.67,0.0,0.0,0.0,0,43591.0
22,9,208,473,1,0.0,0.0,1.0,0.0,0.03,0.0,0.0,0,122750.0
56,5,0,0,0,1.0,1.0,0.08,0.06,0.0,1.0,1.0,1,80575.0
22,9,216,511,1,0.0,0.0,1.0,0.0,0.0,0.0,0.0,0,68929.0
22,9,233,2599,1,0.0,0.0,1.0,0.0,0.26,0.0,0.02,0,59619.0
14,9,30,0,0,0.0,0.0,1.0,0.0,0.0,0.0,0.0,0,54135.0
5,5,0,0,0,1.0,1.0,0.03,0.07,0.0,1.0,1.0,1,109280.0
11,9,46,136,0,0.0,0.0,1.0,0.0,0.0,0.0,0.0,0,65962.0
19,9,59,0,0,0.0,0.0,1.0,0.0,0.0,0.45,0.0,0,31605.0
17,9,6,135,0,0.0,0.0,1.0,0.0,0.2,0.0,0.0,0,22563.0
41,4,1,0,0,0.0,0.0,1.0,0.0,0.0,0.0,0.0,1,50030.0
46,5,0,0,0,1.0,1.0,0.03,0.08,0.0,1.0,1.0,1,53276.0
44,9,35,130,1,0.0,0.0,1.0,0.0,0.33,0.0,0.0,0,115497.0
22,1,0,0,0,0.0,0.0,1.0,0.0,0.0,0.0,0.0,0,60114.0
19,9,259,0,1,0.0,0.0,1.0,0.0,0.02,0.0,0.01,0,109922.0
12,5,0,0,0,1.0,1.0,0.02,0.06,0.0,1.0,1.0,1,101461.0
15,5,0,0,0,1.0,1.0,0.17,0.05,0.0,1.0,1.0,1,20337.0
14,9,1032,0,0,0.0,0.0,1.0,0.0,0.0,0.0,0.0,0,115384.0
22,9,241,349,1,0.0,0.0,1.0,0.0,0.03,0.0,0.0,0,27049.0
51,9,1095,328,1,0.0,0.0,1.0,0.0,0.02,0.0,0.0,0,43195.0
44,9,91,7424,1,0.0,0.0,1.0,0.0,0.67,0.0,0.0,0,122620.0
13,9,8,0,0,0.0,0.0,1.0,0.0,0.51,0.0,0.0,1,45436.0
51,9,1485,332,1,0.0,0.0,1.0,0.0,0.01,0.0,0.0,0,30032.0
13,9,18,0,0,0.0,0.0,1.0,0.0,1.0,0.0,0.0,1,45387.0
22,9,193,9998,1,0.0,0.0,1.0,0.0,0.02,0.0,0.0,0,65028.0
46,4,1,0,0,0.0,0.0,1.0,0.0,0.0,0.0,0.0,1,99034.0
11,9,41,127,0,0.0,0.0,1.0,0.0,0.0,0.0,0.0,0,57925.0
19,5,0,0,0,1.0,1.0,0.07,0.07,0.0,1.0,1.0,1,69222.0
26,5,0,0,0,1.0,1.0,0.06,0.07,0.0,1.0,1.0,1,91548.0
18,9,1075,3081,1,0.0,0.0,1.0,0.0,0.0,0.0,0.0,0,10665.0
51,9,840,327,1,0.0,0.0,1.0,0.0,0.0,0.0,0.0,0,107400.0
46,5,0,0,0,1.0,1.0,0.1,0.06,0.0,1.0,1.0,1,68931.0
57,9,696,89306,1,0.0,0.0,1.0,0.0,0.33,0.0,0.0,0,59657.0
46,1,0,0,0,0.0,0.0,0.12,0.08,0.0,0.0,0.0,1,103364.0
46,5,0,0,0,1.0,1.0,0.01,0.06,0.0,1.0,1.0,1,15363.0
22,5,0,0,0,1.0,1.0,0.35,0.1,0.0,0.98,1.0,1,8502.0
19,9,8737,0,1,0.0,0.0,1.0,0.0,0.0,0.0,0.0,0,95414.0
11,9,44,75,0,0.0,0.0,1.0,0.0,0.0,0.0,0.0,0,59459.0
19,9,334,0,1,0.0,0.0,1.0,0.0,0.11,0.0,0.0,0,25940.0
22,9,264,482,1,0.0,0.0,1.0,0.0,0.0,0.0,0.0,0,49686.0
22,9,209,3556,1,0.0,0.0,1.0,0.0,0.04,0.0,0.0,0,996.0
11,9,45,129,0,0.0,0.0,1.0,0.0,0.0,0.0,0.0,0,98924.0
33,1,0,0,0,0.0,0.0,0.08,0.07,0.0,0.0,0.0,1,44577.0
22,9,317,195,1,0.0,0.0,1.0,0.0,0.0,0.0,0.0,0,48748.0
54,2,0,0,0,0.0,0.0,0.07,0.07,0.0,0.0,0.0,1,57835.0
46,5,0,0,0,1.0,1.0,0.19,0.04,0.0,1.0,1.0,1,106495.0
8,5,0,0,0,1.0,1.0,0.04,0.05,0.0,1.0,1.0,1,102990.0
22,9,297,327,1,0.0,0.0,1.0,0.0,0.02,0.0,0.0,0,107062.0
22,9,298,1197,1,0.0,0.0,1.0,0.0,0.01,0.0,0.01,0,85948.0
13,9,8,0,0,0.0,0.0,1.0,0.0,0.51,0.0,0.0,1,74263.0
46,1,0,0,0,0.0,0.0,0.36,0.08,0.0,0.0,0.0,1,33521.0
11,9,45,45,0,0.0,0.0,1.0,0.0,0.0,0.0,0.0,0,103701.0
22,9,308,318,1,0.25,0.33,1.0,0.0,0.02,0.01,0.0,0,125318.0
51,9,2612,331,1,0.0,0.0,1.0,0.0,0.0,0.0,0.0,0,20738.0
63,5,0,0,0,1.0,1.0,0.05,0.07,0.0,1.0,1.0,1,48554.0
41,9,146,0,0,0.0,0.0,1.0,0.0,0.0,0.0,0.0,0,35688.0
22,9,243,416,1,0.0,0.0,1.0,0.0,0.04,0.0,0.0,0,70238.0
11,9,46,92,0,0.0,0.0,1.0,0.01,0.0,0.0,0.0,0,72391.0
46,1,0,0,0,0.03,0.0,0.01,0.99,0.0,0.02,0.0,1,16922.0
46,9,1,0,0,0.0,0.0,0.71,0.05,0.0,0.0,0.0,1,49691.0
19,9,5133876,0,1,0.0,0.0,1.0,0.0,0.13,0.0,0.0,0,16145.0
46,9,28,0,0,0.0,0.0,1.0,0.0,0.0,0.0,0.0,1,119171.0
25,5,0,0,0,1.0,1.0,0.21,0.15,0.0,1.0,1.0,1,117878.0
27,5,0,0,0,1.0,1.0,0.07,0.06,0.0,1.0,1.0,1,124111.0
22,9,224,324,1,0.0,0.0,1.0,0.0,0.02,0.0,0.01,0,106099.0
46,4,0,0,0,0.0,0.0,1.0,0.0,0.0,0.0,0.0,1,32959.0
19,9,12,0,1,0.0,0.0,1.0,0.0,0.03,0.0,0.0,0,121293.0
13,9,8,0,0,0.0,0.0,1.0,0.0,0.25,0.0,0.0,1,58035.0
11,9,42,42,0,0.0,0.0,1.0,0.0,0.0,0.0,0.0,0,99959.0
51,9,1320,332,1,0.0,0.0,1.0,0.0,0.0,0.0,0.0,0,109460.0
22,9,304,657,1,0.0,0.0,1.0,0.0,0.0,0.0,0.0,0,57096.0
51,9,1809,331,1,0.0,0.0,1.0,0.0,0.01,0.0,0.0,0,64707.0
13,9,8,0,0,0.0,0.0,1.0,0.0,0.54,0.0,0.0,1,39949.0
22,1,0,0,0,0.0,0.0,1.0,0.0,0.16,0.0,0.0,0,110455.0
8,2,0,0,0,0.0,0.0,0.01,0.07,0.0,0.0,0.0,1,89903.0
22,1,0,0,0,0.0,0.0,1.0,0.0,0.08,0.0,0.0,0,34357.0
22,9,304,335,1,0.0,0.0,1.0,0.0,0.05,0.0,0.0,0,76865.0
22,9,359,238,1,0.0,0.0,1.0,0.0,0.22,0.0,0.0,0,52151.0
22,9,302,1481,1,0.0,0.0,1.0,0.0,0.0,0.0,0.0,0,64095.0
22,9,297,665,1,0.0,0.0,1.0,0.0,0.0,0.0,0.0,0,74253.0
11,9,44,71,0,0.0,0.0,1.0,0.0,0.0,0.0,0.0,0,48812.0
11,9,46,46,0,0.0,0.0,1.0,0.0,0.0,0.0,0.0,0,87847.0
51,9,1132,366,1,0.0,0.0,1.0,0.0,0.01,0.0,0.0,0,113376.0
22,5,0,0,0,1.0,1.0,0.26,0.11,0.0,1.0,1.0,1,2088.0
46,5,0,0,0,1.0,1.0,0.14,0.07,0.0,1.0,1.0,1,123800.0
40,9,48,48,0,0.0,0.0,1.0,0.0,0.0,0.0,0.0,0,91230.0
51,9,125,236,1,0.0,0.0,1.0,0.0,0.02,0.0,0.0,0,7007.0
20,9,0,0,0,0.0,0.0,1.0,0.0,1.0,0.0,0.0,1,18818.0
46,9,28,0,0,0.0,0.0,1.0,0.0,0.0,0.0,0.0,1,97316.0
63,5,0,0,0,1.0,1.0,0.09,0.06,0.0,1.0,1.0,1,49409.0
14,9,1032,0,0,0.0,0.0,1.0,0.0,0.0,0.0,0.0,0,58500.0
22,1,0,0,0,0.0,0.0,1.0,0.0,0.19,0.0,0.0,0,84031.0
46,5,0,0,0,1.0,1.0,0.02,0.07,0.0,1.0,1.0,1,67075.0
22,9,195,1205,1,0.0,0.0,1.0,0.0,0.09,0.0,0.0,0,45162.0
63,1,0,0,0,0.0,0.0,0.02,0.07,0.0,0.0,0.0,1,84528.0
46,1,0,0,0,0.08,0.0,0.0,1.0,0.0,0.08,0.0,1,3816.0
22,9,325,1481,1,0.0,0.0,1.0,0.0,0.0,0.0,0.0,0,39981.0
51,9,11470,926,1,0.0,0.0,1.0,0.0,0.01,0.17,0.0,0,75953.0
22,5,0,0,0,1.0,1.0,0.43,0.17,0.0,1.0,1.0,1,76378.0
22,9,222,238,1,0.0,0.0,1.0,0.0,0.07,0.0,0.0,0,125586.0
22,9,215,15618,1,0.0,0.0,1.0,0.0,0.01,0.0,0.0,0,120028.0
22,9,328,2565,1,0.0,0.0,1.0,0.0,0.02,0.0,0.01,0,59576.0
46,5,0,0,0,1.0,1.0,0.06,0.06,0.0,1.0,1.0,1,42594.0
51,9,888,333,1,0.0,0.0,1.0,0.0,0.01,0.0,0.01,0,31027.0
17,5,0,0,0,1.0,1.0,1.0,0.0,0.33,0.58,0.11,0,52662.0
11,9,44,44,0,0.0,0.0,1.0,0.0,0.0,0.0,0.0,0,17107.0
26,5,0,0,0,1.0,1.0,0.06,0.07,0.0,1.0,1.0,1,86851.0
51,9,1046,360,1,0.0,0.0,1.0,0.0,0.0,0.0,0.0,0,29281.0
22,9,267,9287,1,0.0,0.0,1.0,0.0,0.0,0.0,0.0,0,101736.0
46,5,0,0,0,1.0,1.0,0.02,0.06,0.0,1.0,1.0,1,120056.0
58,5,0,0,0,1.0,1.0,0.07,0.05,0.0,1.0,1.0,1,97462.0
8,5,0,0,0,1.0,1.0,0.12,0.06,0.0,1.0,1.0,1,98251.0
22,1,0,0,0,0.0,0.0,1.0,0.0,0.19,0.0,0.0,0,98288.0
11,9,44,127,0,0.0,0.0,1.0,0.0,0.0,0.0,0.0,0,82643.0
22,9,210,3612,1,0.0,0.0,1.0,0.0,0.02,0.0,0.0,0,52548.0
3,5,0,0,0,1.0,1.0,0.01,0.06,0.0,1.0,1.0,1,6803.0
22,9,250,7886,1,0.0,0.0,1.0,0.0,0.0,0.0,0.0,0,91380.0
51,9,250695,328,1,0.0,0.0,1.0,0.0,0.01,0.0,0.0,0,29824.0
22,9,317,300,1,0.0,0.0,1.0,0.0,0.01,0.0,0.01,0,105276.0
3,1,0,0,0,0.0,0.0,0.09,0.07,0.0,0.0,0.0,1,26503.0
64,5,0,0,0,1.0,1.0,0.01,0.07,0.0,1.0,1.0,1,63941.0
51,6,121,281,1,1.0,1.0,1.0,0.0,0.0,0.02,0.04,0,40136.0
46,5,0,0,0,1.0,1.0,0.05,0.14,0.0,1.0,1.0,1,28488.0
22,9,223,1645,1,0.0,0.0,1.0,0.0,0.0,0.0,0.0,0,119320.0
22,9,297,1768,1,0.0,0.0,1.0,0.0,0.0,0.0,0.0,0,3336.0
1,9,24418776,118160,1,0.0,0.0,1.0,0.0,0.0,0.0,0.0,0,49323.0
22,5,0,0,0,1.0,1.0,0.25,1.0,0.0,1.0,1.0,1,50542.0
46,5,0,0,0,1.0,1.0,0.04,0.07,0.0,1.0,1.0,1,106228.0
22,9,335,839,1,0.0,0.0,1.0,0.0,0.0,0.0,0.0,0,34024.0
5,5,0,0,0,1.0,1.0,0.25,0.15,0.0,1.0,1.0,1,74596.0
22,9,297,703,1,0.0,0.0,1.0,0.0,0.0,0.0,0.0,0,73699.0
19,9,16787,0,1,0.0,0.0,1.0,0.0,0.0,0.47,0.0,0,119858.0
46,5,0,0,0,1.0,1.0,0.05,0.06,0.0,1.0,1.0,1,62776.0
22,9,229,14173,1,0.0,0.0,1.0,0.0,0.07,0.0,0.0,0,39997.0
51,9,1400,331,1,0.0,0.0,1.0,0.0,0.01,0.0,0.0,0,63624.0
22,9,204,383,1,0.0,0.0,1.0,0.0,0.01,0.0,0.0,0,73741.0
46,5,0,0,0,1.0,1.0,0.09,0.05,0.0,1.0,1.0,1,93225.0
11,9,46,135,0,0.0,0.0,1.0,0.0,0.0,0.0,0.0,0,59972.0
51,9,1505,336,1,0.0,0.0,1.0,0.0,0.01,0.0,0.0,0,18687.0
51,9,2315,328,1,0.0,0.0,1.0,0.0,0.02,0.0,0.0,0,6711.0
22,9,229,2307,1,0.0,0.0,1.0,0.0,0.05,0.0,0.0,0,108766.0
22,9,277,5538,1,0.0,0.0,1.0,0.0,0.05,0.0,0.0,0,30845.0
19,9,383,0,0,0.0,0.0,1.0,0.0,0.0,0.0,0.01,0,38284.0
22,9,309,14320,1,0.0,0.0,1.0,0.0,0.02,0.0,0.0,0,72066.0
55,1,0,0,0,0.0,0.0,0.07,0.06,0.0,0.0,0.0,1,40278.0
51,9,664,335,1,0.0,0.0,1.0,0.0,0.01,0.0,0.0,0,39116.0
22,9,324,344,1,0.0,0.0,1.0,0.0,0.03,0.0,0.0,0,46712.0
11,9,44,44,0,0.0,0.0,1.0,0.0,0.0,0.0,0.0,0,56365.0
14,9,1032,0,0,0.0,0.0,1.0,0.0,0.0,0.0,0.0,0,77353.0
22,9,296,5565,1,0.0,0.0,1.0,0.0,0.03,0.0,0.0,0,53821.0
22,9,344,1102,1,0.0,0.0,1.0,0.0,0.0,0.0,0.0,0,82235.0
44,9,35,130,1,0.0,0.0,1.0,0.0,0.43,0.0,0.0,0,117022.0
13,9,8,0,0,0.0,0.0,1.0,0.0,0.26,0.0,0.0,1,22885.0
64,5,0,0,0,1.0,1.0,0.16,0.06,0.0,1.0,1.0,1,77611.0
46,5,0,0,0,1.0,1.0,0.08,0.06,0.0,1.0,1.0,1,95297.0
5,1,0,0,0,0.0,0.0,0.09,0.06,0.0,0.0,0.0,1,82984.0
22,9,307,9910,1,0.0,0.0,1.0,0.0,0.03,0.0,0.0,0,11002.0
51,9,4068,326,1,0.0,0.0,1.0,0.0,0.02,0.0,0.0,0,75782.0
27,5,0,0,0,1.0,1.0,0.64,0.14,0.0,1.0,1.0,1,49084.0
46,5,0,0,0,1.0,1.0,0.12,0.06,0.0,1.0,1.0,1,4390.0
22,9,222,1901,1,0.0,0.0,1.0,0.0,0.0,0.0,0.0,0,120046.0
22,9,247,874,1,0.0,0.0,1.0,0.0,0.01,0.0,0.0,0,48859.0
58,2,0,0,0,0.0,0.0,0.01,0.07,0.0,0.0,0.0,1,15525.0
22,9,164,7764,1,0.0,0.0,1.0,0.0,0.02,0.0,0.0,0,89522.0
46,5,0,0,0,1.0,1.0,0.08,0.06,0.0,1.0,1.0,1,111881.0
51,9,1027,326,1,0.0,0.0,1.0,0.0,0.02,0.0,0.0,0,78017.0
22,9,289,1080,1,0.0,0.0,1.0,0.0,0.0,0.0,0.0,0,14563.0
46,5,0,0,0,1.0,1.0,0.04,0.06,0.0,1.0,1.0,1,87820.0
22,9,305,594,1,0.04,0.07,1.0,0.0,0.02,0.01,0.01,0,44158.0
33,5,0,0,0,1.0,1.0,0.03,0.06,0.0,1.0,1.0,1,99432.0
22,9,232,550,1,0.0,0.0,1.0,0.0,0.04,0.0,0.0,0,28200.0
46,9,1,1,0,0.0,0.0,0.57,0.29,0.0,0.19,0.0,1,52757.0
46,1,0,0,0,0.0,0.0,0.5,1.0,0.0,0.16,0.0,1,53414.0
22,1,0,0,0,0.0,0.0,1.0,0.0,0.0,0.0,0.0,0,122372.0
11,9,45,75,0,0.0,0.0,1.0,0.0,0.0,0.0,0.0,0,85253.0
46,9,1,0,0,0.0,0.0,0.27,0.09,0.0,0.1,0.0,1,43907.0
41,4,1,0,0,0.0,0.0,1.0,0.0,0.0,0.0,0.0,1,11623.0
13,9,8,0,0,0.0,0.0,1.0,0.0,0.5,0.0,0.0,1,15700.0
46,9,28,0,0,0.0,0.0,1.0,0.0,0.0,0.03,0.0,1,77350.0
51,9,766,327,1,0.0,0.0,1.0,0.0,0.0,0.0,0.0,0,88262.0
63,5,0,0,0,1.0,1.0,0.04,0.06,0.0,1.0,1.0,1,43021.0
2,1,0,0,0,0.0,0.0,0.01,0.07,0.0,0.0,0.0,1,1441.0
64,1,0,0,0,0.0,0.0,0.04,0.07,0.0,0.0,0.0,1,29308.0
22,5,0,0,0,1.0,1.0,0.55,0.18,0.0,1.0,1.0,1,68835.0
13,9,8,0,0,0.0,0.0,1.0,0.0,0.33,0.0,0.0,1,56065.0
19,9,10261,0,1,0.0,0.0,1.0,0.0,0.0,0.0,0.0,0,13808.0
11,9,43,129,0,0.0,0.0,1.0,0.0,0.01,0.0,0.0,0,25515.0
46,1,0,0,0,0.0,0.0,0.14,0.07,0.0,0.0,0.0,1,76450.0
13,9,8,0,0,0.0,0.0,1.0,0.0,0.25,0.0,0.0,1,50940.0
46,5,0,0,0,1.0,1.0,0.07,0.06,0.0,1.0,1.0,1,85697.0
46,9,28,0,0,0.0,0.0,1.0,0.0,0.0,0.02,0.0,1,13993.0
22,9,203,5041,1,0.0,0.0,1.0,0.0,0.05,0.0,0.02,0,69300.0
13,9,8,0,0,0.0,0.0,1.0,0.0,0.5,0.0,0.0,1,44050.0
57,5,0,0,0,1.0,1.0,0.02,0.06,0.0,1.0,1.0,1,7521.0
22,9,299,3200,1,0.0,0.0,1.0,0.0,0.0,0.0,0.0,0,37347.0
46,5,0,0,0,1.0,1.0,0.09,0.06,0.0,1.0,1.0,1,95213.0
22,9,229,1179,1,0.0,0.0,1.0,0.0,0.0,0.0,0.0,0,30304.0
22,9,288,294,1,0.0,0.0,1.0,0.0,0.01,0.0,0.0,0,48129.0
11,9,43,75,0,0.0,0.0,1.0,0.0,0.0,0.0,0.0,0,106694.0
22,9,255,531,1,0.0,0.0,1.0,0.0,0.0,0.0,0.0,0,106234.0
41,4,0,0,0,0.0,0.0,1.0,0.0,0.0,0.0,0.0,1,52848.0
46,5,0,0,0,1.0,1.0,0.02,0.06,0.0,1.0,1.0,1,43531.0
11,9,45,134,0,0.0,0.0,1.0,0.01,0.0,0.0,0.0,0,73850.0
22,9,282,22562,1,0.0,0.0,1.0,0.0,0.05,0.0,0.0,0,91700.0
22,9,282,1488,1,0.0,0.0,1.0,0.0,0.01,0.0,0.0,0,112713.0
22,9,237,484,1,0.0,0.0,1.0,0.0,0.0,0.0,0.0,0,31291.0
19,9,12241,0,1,0.0,0.0,1.0,0.0,0.0,0.0,0.01,0,25013.0
14,9,1032,0,0,0.0,0.0,1.0,0.0,0.0,0.0,0.0,0,36314.0
41,9,1,0,0,0.0,0.0,0.07,0.64,0.0,0.0,0.0,1,73923.0
5,5,0,0,0,1.0,1.0,0.03,0.07,0.0,1.0,1.0,1,111570.0
51,9,755,280,1,0.0,0.0,1.0,0.0,0.0,0.01,0.02,0,22259.0
43,1,0,0,0,0.0,0.0,0.5,1.0,0.0,0.0,0.0,1,84888.0
14,9,1032,0,0,0.0,0.0,1.0,0.0,0.0,0.0,0.0,0,33193.0
21,5,0,0,0,1.0,1.0,0.04,0.06,0.0,1.0,1.0,1,70361.0
22,9,344,1781,1,0.0,0.0,1.0,0.0,0.11,0.0,0.0,0,38227.0
22,9,225,1247,1,0.0,0.0,1.0,0.0,0.0,0.0,0.0,0,81678.0
11,9,44,136,0,0.0,0.0,1.0,0.0,0.0,0.0,0.0,0,103858.0
22,1,0,0,0,0.0,0.0,1.0,0.0,0.17,0.0,0.0,0,28604.0
22,9,217,12725,1,0.0,0.0,1.0,0.0,0.04,0.0,0.0,0,109423.0
22,5,0,0,0,0.5,0.5,1.0,0.0,0.0,0.04,0.04,0,37749.0
22,9,209,619,1,0.0,0.0,1.0,0.0,0.01,0.0,0.0,0,125407.0
54,5,0,0,0,1.0,1.0,0.1,0.06,0.0,1.0,1.0,1,124868.0
5,5,0,0,0,1.0,1.0,0.17,0.33,0.0,1.0,1.0,1,61001.0
22,9,215,2448,1,0.0,0.0,1.0,0.0,0.0,0.0,0.0,0,17317.0
6,5,0,0,0,1.0,1.0,0.14,0.07,0.0,1.0,1.0,1,68454.0
61,5,0,0,0,1.0,1.0,0.55,0.14,0.0,1.0,1.0,1,49332.0
36,5,0,0,0,1.0,1.0,0.06,0.06,0.0,1.0,1.0,1,43968.0
22,9,54540,8314,1,0.0,0.0,1.0,0.0,0.0,0.0,0.0,0,46457.0
22,9,221,876,1,0.0,0.0,1.0,0.0,0.05,0.01,0.0,0,108589.0
22,1,0,0,0,0.0,0.0,1.0,0.0,0.04,0.0,0.0,0,15475.0
57,9,127,12525,1,0.0,0.0,1.0,0.0,0.0,0.01,0.0,0,17361.0
11,9,43,109,0,0.0,0.0,0.99,0.01,0.0,0.0,0.0,0,104313.0
46,1,0,0,0,0.0,0.0,0.11,0.07,0.0,0.0,0.0,1,24509.0
61,5,0,0,0,1.0,1.0,0.25,0.06,0.0,1.0,1.0,1,110170.0
46,5,0,0,0,1.0,1.0,0.09,0.05,0.0,1.0,1.0,1,61813.0
11,9,44,69,0,0.0,0.0,1.0,0.0,0.0,0.0,0.0,0,53140.0
46,9,1,0,0,0.0,0.0,0.07,0.13,0.0,0.0,0.0,1,63489.0
19,9,245,0,1,0.0,0.0,1.0,0.0,0.03,0.0,0.0,0,41123.0
33,5,0,0,0,1.0,1.0,0.03,0.06,0.0,1.0,1.0,1,27746.0
41,1,0,0,0,0.09,0.0,0.0,1.0,0.0,0.11,0.0,1,33332.0
41,1,0,0,0,0.09,0.0,0.0,1.0,0.0,0.09,0.0,1,92626.0
46,5,0,0,0,1.0,1.0,0.04,0.07,0.0,1.0,1.0,1,11543.0
22,5,0,0,0,1.0,1.0,0.07,0.06,0.0,1.0,1.0,1,74335.0
46,5,0,0,0,1.0,1.0,0.1,0.06,0.0,1.0,1.0,1,112100.0
46,1,0,0,0,0.0,0.0,0.07,0.06,0.0,0.0,0.0,1,28219.0
22,9,232,406,1,0.0,0.0,1.0,0.0,0.0,0.0,0.0,0,34862.0
22,9,198,21653,1,0.0,0.0,1.0,0.0,0.02,0.01,0.0,0,63789.0
46,5,0,0,0,1.0,1.0,0.06,0.06,0.0,1.0,1.0,1,40110.0
9,5,0,0,0,1.0,1.0,0.03,0.06,0.0,1.0,1.0,1,69677.0
22,9,285,2956,1,0.0,0.0,1.0,0.0,0.06,0.0,0.0,0,86617.0
46,9,1,0,0,0.0,0.0,0.13,0.09,0.0,0.0,0.0,1,54675.0
46,5,0,0,0,1.0,1.0,0.02,0.07,0.0,1.0,1.0,1,33321.0
15,5,0,0,0,1.0,1.0,0.16,0.05,0.0,1.0,1.0,1,46118.0
46,1,0,0,0,0.0,0.0,1.0,0.0,0.0,0.0,0.0,1,65206.0
8,5,0,0,0,1.0,1.0,0.05,0.06,0.0,1.0,1.0,1,119282.0
46,4,0,0,0,0.0,0.0,1.0,0.0,0.0,0.0,0.0,1,85754.0
46,9,1,0,0,0.0,0.0,0.24,0.12,0.0,0.0,0.0,1,54816.0
22,9,246,336,1,0.0,0.0,1.0,0.0,0.0,0.0,0.0,0,27696.0
51,9,1052,329,1,0.0,0.0,1.0,0.0,0.0,0.0,0.0,0,55138.0
22,9,256,4779,1,0.0,0.0,1.0,0.0,0.0,0.0,0.0,0,49831.0
51,9,1938,329,1,0.0,0.0,1.0,0.0,0.03,0.0,0.0,0,30736.0
46,2,0,0,0,0.0,0.0,0.01,0.07,0.0,0.0,0.0,1,15793.0
19,9,10261,0,1,0.0,0.0,1.0,0.0,0.0,0.0,0.01,0,118482.0
46,1,0,0,0,0.0,0.0,0.08,0.08,0.0,0.0,0.0,1,75418.0
22,9,235,1380,1,0.2,0.2,1.0,0.0,0.0,0.0,0.0,0,32458.0
19,9,192,0,1,0.0,0.0,1.0,0.0,0.0,0.0,0.0,0,114963.0
22,9,242,2911,1,0.0,0.0,1.0,0.0,0.02,0.0,0.0,0,46426.0
22,9,238,3352,1,0.0,0.0,1.0,0.0,0.06,0.0,0.0,0,118450.0
22,9,351,9114,1,0.0,0.0,1.0,0.0,0.03,0.0,0.0,0,70055.0
61,5,0,0,0,1.0,1.0,0.06,0.06,0.0,1.0,1.0,1,39730.0
11,9,45,73,0,0.0,0.0,1.0,0.0,0.0,0.0,0.0,0,119435.0
57,5,0,0,0,1.0,1.0,0.06,0.07,0.0,1.0,1.0,1,1565.0
41,9,147,105,0,0.0,0.0,1.0,0.0,0.0,0.0,0.0,0,104102.0
11,9,44,130,0,0.0,0.0,1.0,0.0,0.0,0.0,0.0,0,49921.0
11,9,45,130,0,0.0,0.0,1.0,0.0,0.0,0.0,0.0,0,18396.0
8,5,0,0,0,1.0,1.0,0.02,0.06,0.0,1.0,1.0,1,53510.0
11,9,41,71,0,0.0,0.0,1.0,0.0,0.0,0.0,0.0,0,1014.0
46,9,1,0,0,0.0,0.0,1.0,0.0,0.0,0.0,0.0,1,24920.0
20,5,0,0,0,1.0,1.0,0.07,0.06,0.0,1.0,1.0,1,10456.0
22,9,239,2431,1,0.0,0.0,1.0,0.0,0.0,0.0,0.0,0,67337.0
22,9,338,269,1,0.0,0.0,1.0,0.0,0.0,0.0,0.0,0,84429.0
14,9,1032,0,0,0.0,0.0,1.0,0.0,0.0,0.02,0.0,0,98730.0
46,5,0,0,0,1.0,1.0,0.02,0.07,0.0,1.0,1.0,1,105454.0
18,5,0,0,0,1.0,1.0,0.02,0.07,0.0,1.0,1.0,1,96930.0
46,5,0,0,0,1.0,1.0,0.06,0.06,0.0,1.0,1.0,1,4195.0
11,9,46,46,0,0.0,0.0,1.0,0.0,0.0,0.0,0.0,0,23561.0
51,9,1087,306,1,0.0,0.0,1.0,0.0,0.03,0.0,0.0,0,71783.0
22,9,154,13386,1,0.0,0.0,1.0,0.0,0.03,0.0,0.0,0,22330.0
26,1,0,0,0,0.0,0.0,0.03,0.06,0.0,0.0,0.0,1,121271.0
51,9,868,329,1,0.0,0.0,1.0,0.0,0.02,0.01,0.02,0,75975.0
35,5,0,0,0,1.0,1.0,0.0,0.06,0.0,1.0,1.0,1,34820.0
46,1,0,0,0,0.0,0.0,0.11,0.06,0.0,0.0,0.0,1,115174.0
21,5,0,0,0,1.0,1.0,0.0,0.07,0.0,1.0,1.0,1,45933.0
22,9,265,2003,1,0.0,0.0,1.0,0.0,0.03,0.0,0.0,0,25808.0
22,1,0,0,0,0.0,0.0,1.0,0.0,0.19,0.0,0.0,0,60760.0
22,9,288,294,1,0.0,0.0,1.0,0.0,0.0,0.0,0.0,0,117345.0
46,5,0,0,0,1.0,1.0,0.05,0.06,0.0,1.0,1.0,1,38229.0
22,5,0,0,0,1.0,1.0,0.32,0.14,0.0,1.0,1.0,1,20576.0
58,5,0,0,0,1.0,1.0,0.06,0.08,0.0,1.0,1.0,1,31603.0
22,9,236,762,1,0.0,0.0,1.0,0.0,0.0,0.0,0.0,0,81170.0
51,9,735,324,1,0.0,0.0,1.0,0.0,0.01,0.0,0.0,0,57566.0
30,5,0,0,0,1.0,1.0,0.02,0.06,0.0,1.0,1.0,1,68792.0
46,1,0,0,0,0.0,0.0,0.07,0.07,0.0,0.0,0.0,1,113431.0
22,9,315,671,1,0.5,0.5,1.0,0.0,0.01,0.01,0.0,0,81682.0
7,1,0,0,0,0.0,0.0,0.05,0.06,0.0,0.0,0.0,1,42703.0
18,9,275,903,1,0.0,0.0,1.0,0.0,0.0,0.0,0.0,0,58846.0
46,5,0,0,0,1.0,1.0,0.13,0.06,0.0,1.0,1.0,1,78127.0
22,9,244,382,1,0.0,0.25,1.0,0.0,0.0,0.0,0.0,0,41905.0
11,9,45,83,0,0.0,0.0,1.0,0.0,0.0,0.0,0.0,0,69132.0
46,5,0,0,0,1.0,1.0,0.03,0.06,0.0,1.0,1.0,1,19787.0
46,5,0,0,0,1.0,1.0,0.42,0.16,0.0,1.0,1.0,1,118284.0
46,5,0,0,0,1.0,1.0,0.05,0.15,0.0,1.0,1.0,1,33144.0
22,9,346,792,1,0.0,0.0,1.0,0.0,0.16,0.0,0.0,0,96087.0
22,9,417,9852,1,0.0,0.0,1.0,0.0,0.0,0.0,0.0,0,118757.0
25,5,0,0,0,1.0,1.0,0.01,0.06,0.0,1.0,1.0,1,81150.0
22,9,220,1208,1,0.0,0.0,1.0,0.0,0.09,0.0,0.01,0,94566.0
22,9,225,15033,1,0.0,0.0,1.0,0.0,0.08,0.0,0.0,0,57873.0
9,2,0,0,0,0.0,0.0,0.0,0.07,0.0,0.0,0.0,1,26880.0
22,9,220,370,1,0.0,0.0,1.0,0.0,0.0,0.0,0.0,0,3771.0
22,9,236,258,1,0.0,0.0,1.0,0.0,0.05,0.0,0.0,0,16440.0
46,5,0,0,0,1.0,1.0,0.12,0.05,0.0,1.0,1.0,1,18627.0
22,9,241,4359,1,0.0,0.0,1.0,0.0,0.0,0.0,0.0,0,78940.0
22,1,0,0,0,0.0,0.0,1.0,0.0,0.05,0.0,0.0,0,28355.0
22,9,230,3252,1,0.0,0.0,1.0,0.0,0.0,0.0,0.0,0,38025.0
9,5,0,0,0,1.0,1.0,0.02,0.07,0.0,1.0,1.0,1,41205.0
29,5,0,0,0,1.0,1.0,0.07,0.07,0.0,1.0,1.0,1,79318.0
46,1,0,0,0,0.0,0.0,0.06,0.06,0.0,0.0,0.0,1,89460.0
19,9,567,0,1,0.0,0.0,1.0,0.0,0.0,0.0,0.0,0,102929.0
19,9,1030,0,1,0.0,0.0,1.0,0.0,0.03,0.0,0.0,0,12344.0
19,5,0,0,0,1.0,1.0,0.24,0.06,0.0,1.0,1.0,1,95228.0
46,5,0,0,0,1.0,1.0,0.27,0.11,0.0,1.0,1.0,1,45816.0
63,1,0,0,0,0.0,0.0,0.09,0.06,0.0,0.0,0.0,1,50418.0
22,9,189,3865,1,0.0,0.0,1.0,0.0,0.02,0.0,0.0,0,5626.0
46,5,0,0,0,1.0,1.0,0.01,0.07,0.0,1.0,1.0,1,42287.0
22,9,204,952,1,0.0,0.0,1.0,0.0,0.0,0.0,0.0,0,85085.0
46,5,0,0,0,1.0,1.0,0.04,0.21,0.0,1.0,1.0,1,38199.0
11,9,46,86,0,0.0,0.0,1.0,0.01,0.0,0.0,0.0,0,15962.0
46,5,0,0,0,1.0,1.0,0.14,0.05,0.0,1.0,1.0,1,58118.0
51,9,1247,365,1,0.0,0.0,1.0,0.0,0.0,0.0,0.0,0,13136.0
51,9,2079,321,1,0.0,0.0,1.0,0.0,0.02,0.0,0.0,0,104981.0
22,9,210,748,1,0.0,0.0,1.0,0.0,0.0,0.0,0.0,0,16533.0
11,9,43,43,0,0.0,0.0,1.0,0.0,0.0,0.0,0.0,0,96263.0
46,5,0,0,0,1.0,1.0,0.11,0.08,0.0,1.0,1.0,1,52649.0
22,9,195,3197,1,0.0,0.0,1.0,0.0,0.03,0.0,0.0,0,44123.0
22,9,161,1183,1,0.0,0.0,1.0,0.0,0.02,0.0,0.0,0,101512.0
22,9,220,467,1,0.0,0.0,1.0,0.0,0.03,0.0,0.0,0,59090.0
13,9,8,0,0,0.0,0.0,1.0,0.0,0.26,0.0,0.0,1,108215.0
46,1,0,0,0,0.0,0.0,0.5,1.0,0.0,0.0,0.0,1,31549.0
46,1,0,0,0,0.01,0.0,0.01,1.0,0.0,0.0,0.0,1,5181.0
46,5,0,0,0,1.0,1.0,0.04,0.04,0.0,0.98,1.0,1,123928.0
46,1,0,0,0,0.0,0.0,0.09,0.06,0.0,0.0,0.0,1,25502.0
13,9,30,0,0,0.0,0.0,0.5,1.0,0.0,0.0,0.0,0,35859.0
19,9,43,0,1,0.0,0.0,1.0,0.0,0.0,0.36,0.51,0,91057.0
14,9,1032,0,0,0.0,0.0,1.0,0.0,0.0,0.0,0.0,0,62845.0
11,9,45,132,0,0.0,0.0,1.0,0.0,0.0,0.0,0.0,0,89886.0
19,5,0,0,0,1.0,1.0,0.4,0.8,0.0,1.0,1.0,1,48172.0
46,5,0,0,0,1.0,1.0,0.17,0.06,0.0,1.0,1.0,1,87936.0
22,9,299,2022,1,0.0,0.0,1.0,0.0,0.05,0.0,0.0,0,89891.0
3,1,0,0,0,0.0,0.0,0.05,0.06,0.0,0.0,0.0,1,86008.0
19,9,334,0,1,0.0,0.0,1.0,0.0,0.17,0.0,0.0,0,30182.0
22,9,210,24905,1,0.0,0.0,1.0,0.0,0.14,0.0,0.0,0,86973.0
19,9,2194619,0,0,0.0,0.0,1.0,0.0,0.0,0.0,0.01,0,23690.0
22,1,0,0,0,0.0,0.0,1.0,0.0,0.18,0.0,0.01,0,115943.0
46,5,0,0,0,1.0,1.0,0.11,0.07,0.0,1.0,1.0,1,83656.0
43,1,0,0,0,0.0,0.0,0.02,0.07,0.0,0.0,0.0,1,36566.0
51,9,1255,332,1,0.0,0.0,1.0,0.0,0.02,0.0,0.0,0,37962.0
17,5,0,0,0,1.0,1.0,0.07,0.05,0.0,1.0,1.0,1,98403.0
46,1,0,0,0,0.0,0.0,0.08,0.06,0.0,0.0,0.0,1,23315.0
22,9,301,456,1,0.0,0.0,1.0,0.0,0.06,0.0,0.0,0,100492.0
51,9,1647,326,1,0.0,0.0,1.0,0.0,0.01,0.0,0.0,0,7532.0
51,9,1156,521,1,0.0,0.0,1.0,0.0,0.01,0.0,0.0,0,5477.0
56,5,0,0,0,1.0,1.0,0.03,0.06,0.0,1.0,1.0,1,74968.0
51,9,977,368,1,0.0,0.0,1.0,0.0,0.02,0.0,0.0,0,106032.0
13,9,8,0,0,0.0,0.0,1.0,0.0,0.5,0.0,0.0,1,93738.0
30,5,0,0,0,1.0,1.0,0.01,0.05,0.0,1.0,1.0,1,76469.0
41,9,146,105,0,0.0,0.0,1.0,0.0,0.0,0.0,0.0,0,123449.0
51,9,770,283,1,0.0,0.0,0.5,1.0,0.02,0.0,0.0,0,17030.0
13,9,8,0,0,0.0,0.0,1.0,0.0,0.5,0.0,0.0,1,93673.0
18,9,1010,3081,1,0.0,0.0,1.0,0.0,0.0,0.0,0.0,0,84977.0
51,9,722,330,1,0.0,0.0,1.0,0.0,0.0,0.01,0.0,0,124446.0
19,1,0,0,0,0.07,0.0,0.01,0.99,0.0,0.08,0.0,1,116832.0
22,9,253,1396,1,0.0,0.0,1.0,0.0,0.0,0.0,0.0,0,20385.0
22,9,222,2342,1,0.0,0.0,1.0,0.0,0.0,0.0,0.0,0,37896.0
22,9,307,1925,1,0.0,0.0,1.0,0.0,0.0,0.0,0.0,0,80087.0
26,5,0,0,0,1.0,1.0,0.05,0.07,0.0,1.0,1.0,1,28612.0
22,9,278,296,1,0.33,0.06,1.0,0.0,0.0,0.0,0.0,0,77533.0
34,5,0,0,0,1.0,1.0,0.01,0.07,0.0,1.0,1.0,1,53774.0
17,9,7,137,0,0.0,0.0,0.5,1.0,0.0,0.0,0.0,0,124461.0
55,5,0,0,0,1.0,1.0,0.02,0.07,0.0,1.0,1.0,1,118821.0
18,9,287,903,1,0.0,0.0,1.0,0.0,0.0,0.0,0.0,0,84585.0
22,9,240,406,1,0.0,0.0,1.0,0.0,0.01,0.0,0.0,0,110325.0
22,9,297,5938,1,0.0,0.0,1.0,0.0,0.0,0.0,0.0,0,101128.0
22,9,276,6052,1,0.0,0.0,1.0,0.0,0.03,0.0,0.0,0,106036.0
41,1,0,0,0,0.06,0.0,0.0,1.0,0.0,0.08,0.0,1,12693.0
46,1,0,0,0,0.0,0.0,0.01,0.06,0.0,0.0,0.0,1,14862.0
57,5,0,0,0,1.0,1.0,0.23,0.07,0.0,1.0,1.0,1,70146.0
41,1,0,0,0,0.09,0.0,0.0,1.0,0.0,0.07,0.0,1,73484.0
22,9,54540,8314,1,0.0,0.0,1.0,0.0,0.0,0.0,0.0,0,3701.0
15,5,0,0,0,1.0,1.0,0.2,0.04,0.0,1.0,1.0,1,92991.0
22,4,54540,8314,1,0.0,0.0,1.0,0.0,0.0,0.01,0.01,0,85373.0
13,9,8,0,0,0.0,0.0,1.0,0.0,0.26,0.0,0.0,1,49919.0
46,5,0,0,0,1.0,1.0,0.09,0.05,0.0,1.0,1.0,1,43622.0
62,5,0,0,0,1.0,1.0,0.06,0.06,0.0,1.0,1.0,1,85256.0
22,9,194,734,1,0.0,0.0,1.0,0.0,0.04,0.0,0.04,0,64779.0
46,5,0,0,0,1.0,1.0,0.03,0.06,0.0,1.0,1.0,1,22048.0
22,9,201,712,1,0.0,0.0,1.0,0.0,0.0,0.0,0.0,0,85636.0
22,9,400,12915,1,0.0,0.0,1.0,0.0,0.0,0.0,0.0,0,88086.0
22,9,356,267,1,0.0,0.0,1.0,0.0,0.07,0.0,0.0,0,22123.0
22,9,325,269,1,0.0,0.0,1.0,0.0,0.0,0.0,0.0,0,114799.0
14,9,30,0,0,0.0,0.0,1.0,0.0,0.0,0.0,0.0,0,36842.0
13,9,8,0,0,0.0,0.0,1.0,0.0,0.51,0.0,0.0,1,68092.0
11,9,45,142,0,0.0,0.0,1.0,0.0,0.0,0.0,0.0,0,67863.0
41,9,146,105,0,0.0,0.0,1.0,0.0,0.0,0.0,0.0,0,35275.0
11,9,43,73,0,0.0,0.0,1.0,0.0,0.0,0.0,0.0,0,110915.0
22,9,306,560,1,0.0,0.0,1.0,0.0,0.08,0.0,0.0,0,21379.0
22,9,220,4265,1,0.0,0.0,1.0,0.0,0.04,0.0,0.0,0,41775.0
11,9,44,140,0,0.0,0.0,1.0,0.0,0.0,0.0,0.0,0,55454.0
46,5,0,0,0,1.0,1.0,0.15,0.07,0.0,1.0,1.0,1,70987.0
22,9,261,7718,1,0.0,0.0,1.0,0.0,0.0,0.0,0.0,0,101435.0
14,9,1032,0,0,0.0,0.0,1.0,0.0,0.0,0.0,0.0,0,86765.0
22,9,217,2699,1,0.0,0.0,1.0,0.0,0.01,0.0,0.0,0,123883.0
17,5,0,0,0,1.0,1.0,0.25,0.12,0.0,1.0,1.0,1,120854.0
22,9,200,8421,1,0.0,0.0,1.0,0.0,0.0,0.0,0.0,0,45061.0
22,9,319,2390,1,0.0,0.0,1.0,0.0,0.07,0.0,0.0,0,86809.0
27,5,0,0,0,1.0,1.0,0.11,0.06,0.0,1.0,1.0,1,26374.0
41,9,145,105,0,0.0,0.0,0.67,0.67,0.0,0.0,0.0,0,35293.0
41,9,147,105,0,0.0,0.0,0.4,0.6,0.0,0.0,0.0,0,122966.0
11,9,45,129,0,0.0,0.0,1.0,0.0,0.0,0.0,0.0,0,105075.0
2,5,0,0,0,1.0,1.0,0.0,0.07,0.0,1.0,1.0,1,39305.0
22,9,293,1719,1,0.0,0.0,1.0,0.0,0.0,0.0,0.0,0,48392.0
22,9,180,1541,1,0.0,0.0,1.0,0.0,0.03,0.0,0.0,0,70851.0
22,9,309,1528,1,0.0,0.0,1.0,0.0,0.0,0.0,0.0,0,104416.0
57,5,0,0,0,1.0,1.0,0.01,0.07,0.0,1.0,1.0,1,88982.0
39,5,0,0,0,1.0,1.0,0.02,0.05,0.0,1.0,1.0,1,40068.0
46,9,105,147,0,0.0,0.0,1.0,0.0,0.0,0.0,0.0,0,28740.0
32,4,0,0,0,0.0,0.0,1.0,0.0,0.0,0.0,0.0,1,33213.0
11,9,43,132,0,0.0,0.0,1.0,0.0,0.0,0.0,0.0,0,89421.0
9,5,0,0,0,1.0,1.0,0.06,0.06,0.0,1.0,1.0,1,52608.0
3,5,0,0,0,1.0,1.0,0.01,0.06,0.0,1.0,1.0,1,33367.0
46,5,0,0,0,1.0,1.0,0.11,0.06,0.0,1.0,1.0,1,14536.0
19,5,0,0,0,1.0,1.0,0.02,0.05,0.0,1.0,1.0,1,121694.0
46,9,28,0,0,0.78,0.0,0.22,0.05,0.0,0.09,0.0,1,26717.0
26,5,0,0,0,1.0,1.0,0.09,0.07,0.0,1.0,1.0,1,106748.0
20,1,0,0,0,0.0,0.0,0.08,0.06,0.0,0.0,0.0,1,69867.0
27,5,0,0,0,1.0,1.0,0.01,0.06,0.0,1.0,1.0,1,57550.0
55,5,0,0,0,1.0,1.0,0.02,0.06,0.0,1.0,1.0,1,83773.0
22,9,197,10216,1,0.0,0.0,1.0,0.0,0.04,0.0,0.0,0,23104.0
22,5,0,0,0,0.5,0.06,1.0,0.0,0.04,0.1,0.01,0,82157.0
22,9,324,1714,1,0.0,0.0,1.0,0.0,0.02,0.0,0.01,0,85871.0
13,9,8,0,0,0.0,0.0,1.0,0.0,0.5,0.0,0.0,1,93688.0
22,9,311,1576,1,0.0,0.0,1.0,0.0,0.01,0.0,0.0,0,14400.0
22,5,0,0,0,1.0,1.0,0.36,0.09,0.0,1.0,1.0,1,79116.0
46,1,0,0,0,0.1,0.0,0.0,1.0,0.0,0.09,0.0,1,118931.0
19,9,4316,0,1,0.0,0.0,1.0,0.0,0.0,0.0,0.0,0,25995.0
22,9,292,5336,1,0.0,0.0,1.0,0.0,0.0,0.0,0.0,0,38722.0
22,5,0,0,0,0.5,0.33,1.0,0.0,0.03,0.01,0.0,0,24192.0
46,5,0,0,0,1.0,1.0,0.05,0.06,0.0,1.0,1.0,1,52705.0
46,5,0,0,0,1.0,1.0,0.08,0.06,0.0,1.0,1.0,1,94525.0
35,5,0,0,0,1.0,1.0,0.07,0.06,0.0,1.0,1.0,1,82634.0
4,5,0,0,0,1.0,1.0,0.0,0.05,0.0,1.0,1.0,1,103471.0
22,9,244,1178,1,0.0,0.0,1.0,0.0,0.01,0.0,0.0,0,57639.0
30,5,0,0,0,1.0,1.0,0.07,0.06,0.0,1.0,1.0,1,108603.0
11,9,44,115,0,0.0,0.0,1.0,0.0,0.0,0.0,0.0,0,5599.0
53,1,0,0,0,0.0,0.0,0.04,0.07,0.0,0.0,0.0,1,87205.0
14,9,1032,0,0,0.0,0.0,1.0,0.0,0.0,0.0,0.0,0,41880.0
51,2,0,0,0,0.0,0.0,0.01,0.06,0.0,0.0,0.0,1,86274.0
14,9,1032,0,0,0.0,0.0,1.0,0.0,0.0,0.0,0.0,0,86846.0
11,9,46,78,0,0.0,0.0,1.0,0.0,0.0,0.0,0.0,0,69825.0
22,9,256,12984,1,0.0,0.0,1.0,0.0,0.04,0.0,0.0,0,218.0
14,9,30,0,0,0.0,0.0,1.0,0.0,0.0,0.0,0.0,0,46156.0
41,9,147,105,0,0.0,0.0,1.0,0.0,0.0,0.0,0.0,0,43807.0
46,1,0,0,0,0.0,0.0,0.11,0.06,0.0,0.0,0.0,1,8484.0
11,9,43,109,0,0.0,0.0,1.0,0.0,0.0,0.0,0.0,0,63673.0
61,5,0,0,0,1.0,1.0,0.47,0.16,0.0,1.0,1.0,1,92205.0
22,9,190,3586,1,0.0,0.0,1.0,0.0,0.03,0.0,0.0,0,11687.0
13,9,8,0,0,0.0,0.0,1.0,0.0,0.5,0.0,0.0,1,27039.0
22,9,245,2229,1,0.5,0.05,1.0,0.0,0.03,0.07,0.01,0,125724.0
18,9,938,2720,1,0.0,0.0,1.0,0.0,0.0,0.0,0.0,0,76650.0
46,5,0,0,0,1.0,1.0,0.2,0.05,0.0,1.0,1.0,1,45016.0
22,9,312,422,1,0.0,0.0,1.0,0.0,0.15,0.0,0.0,0,75773.0
19,9,19,0,1,0.0,0.0,1.0,0.0,0.02,0.03,0.0,0,58860.0
14,9,1032,0,0,0.0,0.0,1.0,0.0,0.0,0.0,0.0,0,76887.0
57,5,0,0,0,1.0,1.0,0.2,0.08,0.0,1.0,1.0,1,70607.0
11,9,45,138,0,0.0,0.0,1.0,0.0,0.0,0.0,0.0,0,46917.0
22,9,330,893,1,0.0,0.0,1.0,0.0,0.0,0.0,0.0,0,86937.0
17,9,7,0,0,0.0,0.0,1.0,0.0,0.25,0.0,0.0,0,54570.0
21,5,0,0,0,1.0,1.0,0.06,0.07,0.0,1.0,1.0,1,49468.0
36,5,0,0,0,1.0,1.0,0.0,0.06,0.0,1.0,1.0,1,24325.0
22,9,296,290,1,0.0,0.0,1.0,0.0,0.0,0.0,0.0,0,3047.0
22,9,222,2186,1,0.0,0.0,1.0,0.0,0.01,0.0,0.0,0,51677.0
11,9,45,45,0,0.0,0.0,1.0,0.0,0.0,0.0,0.0,0,76285.0
22,9,358,1486,1,0.0,0.0,1.0,0.0,0.03,0.0,0.0,0,5804.0
12,2,0,0,0,0.0,0.0,0.05,0.07,0.0,0.0,0.0,1,1678.0
46,4,0,0,0,0.0,0.0,0.04,0.54,0.0,0.01,0.0,1,95165.0
62,5,0,0,0,1.0,1.0,0.04,0.05,0.0,1.0,1.0,1,29881.0
22,9,299,1075,1,0.0,0.0,1.0,0.0,0.0,0.0,0.0,0,46664.0
46,4,0,0,0,0.0,0.0,1.0,0.0,0.0,0.0,0.0,1,112176.0
46,4,1,0,0,0.0,0.0,1.0,0.0,0.0,0.0,0.0,1,39793.0
15,5,0,0,0,1.0,1.0,0.09,0.06,0.0,1.0,1.0,1,108355.0
22,9,193,263,1,0.0,0.0,1.0,0.0,0.02,0.0,0.0,0,57350.0
22,9,474,5017,1,0.0,0.0,1.0,0.0,0.11,0.0,0.0,0,74843.0
22,9,154,389,1,0.0,0.0,1.0,0.0,0.01,0.0,0.0,0,72661.0
46,9,1,0,0,0.0,0.0,0.88,0.02,0.0,0.0,0.0,1,24872.0
11,9,44,131,0,0.0,0.0,1.0,0.0,0.0,0.0,0.0,0,98010.0
46,5,0,0,0,1.0,1.0,0.37,0.09,0.0,1.0,1.0,1,24211.0
46,1,0,0,0,0.0,0.0,1.0,0.0,0.0,0.04,0.0,1,4340.0
22,9,286,5989,1,0.0,0.0,1.0,0.0,0.07,0.0,0.0,0,74502.0
22,9,220,728,1,0.0,0.0,1.0,0.0,0.0,0.0,0.0,0,8862.0
22,1,0,0,0,0.0,0.0,1.0,0.0,0.18,0.0,0.0,0,22554.0
19,9,1874,0,0,0.0,0.0,1.0,0.0,0.0,0.0,0.0,0,66998.0
8,2,0,0,0,0.0,0.0,0.04,0.07,0.0,0.0,0.0,1,82389.0
46,5,0,0,0,1.0,1.0,0.03,0.07,0.0,1.0,1.0,1,77481.0
19,9,748,0,1,0.0,0.0,1.0,0.0,0.06,0.0,0.0,0,91076.0
46,5,0,0,0,1.0,1.0,0.18,0.07,0.0,1.0,1.0,1,69894.0
22,9,215,423,1,0.0,0.0,1.0,0.0,0.03,0.0,0.0,0,50201.0
17,5,0,0,0,1.0,1.0,0.25,0.07,0.0,1.0,1.0,1,75075.0
11,9,46,85,0,0.0,0.0,0.99,0.01,0.0,0.0,0.0,0,104386.0
19,9,12,0,1,0.0,0.0,1.0,0.0,0.0,0.0,0.0,0,77212.0
22,9,227,1404,1,0.0,0.0,1.0,0.0,0.0,0.0,0.0,0,68001.0
46,4,1,0,0,0.0,0.0,1.0,0.0,0.0,0.0,0.0,1,66143.0
46,5,0,0,0,1.0,1.0,0.04,0.06,0.0,1.0,1.0,1,107168.0
19,9,212,0,0,0.0,0.0,1.0,0.0,0.03,0.0,0.0,0,95038.0
46,5,0,0,0,1.0,1.0,0.07,0.07,0.0,1.0,1.0,1,23900.0
22,9,330,1321,1,0.0,0.0,1.0,0.0,0.04,0.0,0.0,0,8430.0
19,9,1830,0,0,0.0,0.0,1.0,0.0,0.02,0.0,0.0,0,116507.0
11,9,46,72,0,0.0,0.0,1.0,0.0,0.0,0.0,0.0,0,2225.0
46,1,0,0,0,0.0,0.0,0.08,0.07,0.0,0.0,0.0,1,91504.0
46,5,0,0,0,1.0,1.0,0.1,0.06,0.0,1.0,1.0,1,120719.0
64,4,0,0,0,0.0,0.0,1.0,0.0,0.0,0.0,0.0,1,2570.0
14,9,1032,0,0,0.0,0.0,1.0,0.0,0.0,0.01,0.0,0,53884.0
13,9,30,0,0,0.0,0.0,1.0,0.0,0.41,0.0,0.0,0,36457.0
19,5,0,0,0,1.0,1.0,0.86,0.29,0.0,1.0,1.0,1,56939.0
22,9,324,5220,1,0.0,0.0,1.0,0.0,0.0,0.0,0.0,0,103158.0
22,9,291,1448,1,0.0,0.0,1.0,0.0,0.02,0.0,0.0,0,30995.0
22,9,267,11798,1,0.0,0.0,1.0,0.0,0.02,0.0,0.0,0,15365.0
22,9,324,394,1,0.0,0.0,1.0,0.0,0.0,0.0,0.0,0,115705.0
19,9,334,0,1,0.0,0.0,1.0,0.0,0.13,0.0,0.0,0,98975.0
19,9,1854,0,1,0.0,0.0,1.0,0.0,0.0,0.26,0.0,0,102256.0
22,9,261,6346,1,0.0,0.0,1.0,0.0,0.01,0.0,0.0,0,115878.0
22,9,167,4659,1,0.0,0.0,1.0,0.0,0.02,0.0,0.0,0,21914.0
31,2,0,0,0,0.0,0.0,0.01,0.07,0.0,0.0,0.0,1,113870.0
22,9,346,5790,1,0.0,0.0,1.0,0.0,0.05,0.0,0.0,0,47241.0
22,9,260,698,1,0.0,0.0,1.0,0.0,0.06,0.0,0.0,0,92228.0
13,9,18,0,0,0.0,0.0,1.0,0.0,1.0,0.0,0.0,1,46252.0
51,9,1445,330,1,0.0,0.0,1.0,0.0,0.0,0.0,0.0,0,16626.0
57,5,0,0,0,1.0,1.0,1.0,0.0,0.11,1.0,0.95,1,59146.0
22,9,218,306,1,0.0,0.0,1.0,0.0,0.04,0.0,0.0,0,48932.0
41,9,334,0,1,0.0,0.0,1.0,0.0,0.0,0.0,0.0,0,23336.0
46,5,0,0,0,1.0,1.0,0.12,0.06,0.0,1.0,1.0,1,101885.0
41,9,147,0,0,0.0,0.0,0.33,0.67,0.0,0.0,0.0,0,116558.0
13,9,8,0,0,0.0,0.0,1.0,0.0,0.0,0.0,0.0,1,40577.0
46,5,0,0,0,1.0,1.0,0.09,0.06,0.0,1.0,1.0,1,81384.0
17,9,6,265,0,0.0,0.0,0.12,0.25,0.0,0.0,0.0,0,25852.0
22,1,0,0,0,0.0,0.0,0.07,0.06,0.0,0.0,0.0,1,108268.0
29,5,0,0,0,1.0,1.0,0.11,0.06,0.0,1.0,1.0,1,45167.0
22,9,250,7931,1,0.0,0.0,1.0,0.0,0.0,0.0,0.0,0,102344.0
46,9,1,0,0,0.0,0.0,0.88,0.02,0.0,0.0,0.0,1,36268.0
46,9,1,0,0,0.0,0.0,0.87,0.03,0.0,0.0,0.0,1,67453.0
22,9,269,10920,1,0.0,0.0,1.0,0.0,0.02,0.0,0.0,0,79260.0
22,9,213,984,1,0.0,0.0,1.0,0.0,0.0,0.0,0.0,0,105452.0
13,9,8,0,0,0.0,0.0,1.0,0.0,0.5,0.0,0.0,1,124113.0
57,9,387,2134,1,0.99,0.0,0.01,0.06,0.0,0.62,0.2,0,7648.0
51,9,663,385,1,0.0,0.0,1.0,0.0,0.0,0.73,0.0,0,58063.0
62,5,0,0,0,1.0,1.0,0.09,0.07,0.0,1.0,1.0,1,69002.0
22,9,303,241,1,0.0,0.0,1.0,0.0,0.03,0.0,0.0,0,64366.0
22,9,261,486,1,0.0,0.0,1.0,0.0,0.03,0.02,0.01,0,103763.0
14,9,1032,0,0,0.0,0.0,1.0,0.0,0.0,0.01,0.0,0,92820.0
46,5,0,0,0,1.0,1.0,0.12,0.05,0.0,1.0,1.0,1,82307.0
5,5,0,0,0,1.0,1.0,0.06,0.05,0.0,1.0,1.0,1,3348.0
46,9,105,147,0,0.0,0.0,0.17,0.33,0.0,0.0,0.0,0,98500.0
22,9,295,7903,1,0.0,0.0,1.0,0.0,0.0,0.0,0.0,0,78646.0
22,9,302,308,1,0.0,0.0,1.0,0.0,0.0,0.0,0.0,0,78532.0
46,1,0,0,0,0.11,0.0,0.0,1.0,0.0,0.09,0.0,1,80683.0
22,9,209,2445,1,0.0,0.0,1.0,0.0,0.0,0.0,0.0,0,10207.0
11,9,43,43,0,0.0,0.0,1.0,0.0,0.0,0.0,0.0,0,16601.0
51,9,854,331,1,0.0,0.0,1.0,0.0,0.03,0.0,0.0,0,29835.0
19,9,2194619,0,1,0.0,0.0,1.0,0.0,0.03,0.0,0.0,0,70727.0
31,5,0,0,0,1.0,1.0,0.5,0.5,0.0,1.0,1.0,1,2099.0
35,5,0,0,0,1.0,1.0,0.03,0.07,0.0,1.0,1.0,1,57476.0
11,9,43,137,0,0.0,0.0,1.0,0.0,0.0,0.0,0.0,0,90746.0
19,5,0,0,0,1.0,1.0,0.19,0.19,0.05,1.0,0.57,1,56876.0
18,9,339,1072,1,0.0,0.0,1.0,0.0,0.0,0.0,0.0,0,111640.0
46,5,0,0,0,1.0,1.0,0.07,0.08,0.0,1.0,1.0,1,114060.0
64,1,0,0,0,0.0,0.0,0.06,0.06,0.0,0.0,0.0,1,3727.0
22,9,325,403,1,0.0,0.0,1.0,0.0,0.03,0.0,0.0,0,13756.0
61,5,0,0,0,1.0,1.0,0.06,0.06,0.0,1.0,1.0,1,10559.0
9,5,0,0,0,1.0,1.0,0.06,0.07,0.0,1.0,1.0,1,3479.0
11,9,43,72,0,0.0,0.0,0.99,0.01,0.0,0.0,0.0,0,18773.0
46,5,0,0,0,1.0,1.0,0.09,0.06,0.0,1.0,1.0,1,52064.0
46,1,0,0,0,0.0,0.0,1.0,0.0,1.0,0.0,0.0,1,26272.0
22,9,286,7669,1,0.0,0.0,1.0,0.0,0.03,0.0,0.01,0,36906.0
33,5,0,0,0,1.0,1.0,0.01,0.06,0.0,1.0,1.0,1,111061.0
60,9,78,0,0,0.0,0.0,0.21,0.04,0.0,0.0,0.0,0,32143.0
41,9,145,0,0,0.0,0.0,1.0,0.0,0.0,0.0,0.0,0,70050.0
6,5,0,0,0,1.0,1.0,0.07,0.06,0.0,1.0,1.0,1,22829.0
41,9,1,0,0,0.0,0.0,0.04,0.28,0.0,0.0,0.0,1,78274.0
22,9,338,824,1,0.0,0.0,1.0,0.0,0.04,0.0,0.0,0,85246.0
22,9,212,2971,1,0.0,0.0,1.0,0.0,0.05,0.04,0.01,0,13691.0
29,5,0,0,0,1.0,1.0,0.08,0.06,0.0,1.0,1.0,1,19895.0
11,9,46,133,0,0.0,0.0,1.0,0.0,0.0,0.0,0.0,0,30661.0
19,9,12,0,1,0.0,0.0,1.0,0.0,0.02,0.0,0.0,0,108521.0
4,5,0,0,0,1.0,1.0,0.01,0.07,0.0,1.0,1.0,1,87538.0
5,5,0,0,0,1.0,1.0,0.05,0.07,0.0,1.0,1.0,1,100657.0
22,9,218,7384,1,0.0,0.0,1.0,0.0,0.0,0.0,0.0,0,92579.0
21,5,0,0,0,1.0,1.0,0.08,0.05,0.0,1.0,1.0,1,67127.0
3,5,0,0,0,1.0,1.0,0.03,0.06,0.0,1.0,1.0,1,79496.0
13,9,8,0,0,0.0,0.0,1.0,0.0,0.5,0.0,0.0,1,96080.0
22,9,196,170,1,0.0,0.0,1.0,0.0,0.02,0.0,0.0,0,72197.0
30,5,0,0,0,1.0,1.0,0.01,0.06,0.0,1.0,1.0,1,100319.0
22,9,303,2698,1,0.0,0.0,1.0,0.0,0.0,0.0,0.0,0,113258.0
53,1,0,0,0,0.0,0.0,0.07,0.06,0.0,0.0,0.0,1,54323.0
46,5,0,0,0,1.0,1.0,0.05,0.06,0.0,1.0,1.0,1,73964.0
51,9,713,328,1,0.0,0.0,1.0,0.0,0.01,0.0,0.0,0,118606.0
18,2,0,0,0,0.0,0.0,0.06,0.06,0.0,0.0,0.0,1,106813.0
11,9,30,30,0,0.0,0.0,1.0,0.0,0.0,0.0,0.0,0,24249.0
49,5,0,0,0,1.0,1.0,0.09,0.06,0.0,1.0,1.0,1,2045.0
62,5,0,0,0,1.0,1.0,0.07,0.06,0.0,1.0,1.0,1,41192.0
19,9,2194619,0,1,0.0,0.0,1.0,0.0,0.03,0.0,0.0,0,82159.0
11,9,43,69,0,0.0,0.0,1.0,0.01,0.0,0.0,0.0,0,8439.0
27,5,0,0,0,1.0,1.0,0.13,0.05,0.0,1.0,1.0,1,26440.0
22,9,212,4405,1,0.0,0.0,1.0,0.0,0.02,0.0,0.0,0,14723.0
16,5,0,0,0,1.0,1.0,0.08,0.05,0.0,1.0,1.0,1,114037.0
11,9,46,78,0,0.0,0.0,1.0,0.01,0.0,0.0,0.0,0,24913.0
22,9,255,1328,1,0.0,0.0,1.0,0.0,0.0,0.0,0.0,0,97747.0
51,9,1113,370,1,0.0,0.0,1.0,0.0,0.0,0.0,0.0,0,12948.0
26,5,0,0,0,1.0,1.0,0.1,0.05,0.0,1.0,1.0,1,8347.0
38,5,0,0,0,1.0,1.0,0.06,0.06,0.0,1.0,1.0,1,12114.0
19,9,7196,0,0,0.0,0.0,1.0,0.0,0.0,0.0,0.0,0,47833.0
51,2,0,0,0,0.0,0.0,0.03,0.07,0.0,0.0,0.0,1,101858.0
44,9,35,130,1,0.0,0.0,1.0,0.0,0.0,0.0,0.0,0,27235.0
57,5,0,0,0,1.0,1.0,0.24,0.06,0.0,1.0,1.0,1,87767.0
51,9,1257,328,1,0.0,0.0,1.0,0.0,0.0,0.0,0.0,0,96310.0
11,9,44,71,0,0.0,0.0,1.0,0.0,0.0,0.0,0.0,0,125655.0
22,9,333,1832,1,0.0,0.0,1.0,0.0,0.02,0.0,0.0,0,24063.0
35,1,0,0,0,0.0,0.0,0.13,0.05,0.0,0.0,0.0,1,120952.0
22,9,357,1081,1,0.0,0.0,1.0,0.0,0.05,0.0,0.0,0,20811.0
12,5,0,0,0,1.0,1.0,0.08,0.05,0.0,1.0,1.0,1,116821.0
18,9,1000,3074,1,0.0,0.0,1.0,0.0,0.0,0.0,0.0,0,83560.0
46,9,28,0,0,0.0,0.0,1.0,0.0,0.0,0.0,0.0,1,32391.0
46,5,0,0,0,1.0,1.0,0.08,0.04,0.0,0.99,1.0,1,11750.0
22,9,296,1509,1,0.0,0.0,1.0,0.0,0.0,0.0,0.0,0,47571.0
46,5,0,0,0,1.0,1.0,0.06,0.06,0.0,1.0,1.0,1,105283.0
51,9,765,331,1,0.0,0.0,1.0,0.0,0.0,0.0,0.0,0,120298.0
22,9,299,1404,1,0.0,0.0,1.0,0.0,0.0,0.0,0.0,0,117372.0
50,2,0,0,0,0.0,0.0,0.13,0.06,0.0,0.0,0.0,1,113963.0
57,5,0,0,0,1.0,1.0,0.06,0.05,0.0,1.0,1.0,1,57877.0
22,9,332,3473,1,0.0,0.0,1.0,0.0,0.02,0.0,0.0,0,39331.0
57,5,0,0,0,1.0,1.0,0.07,0.05,0.0,1.0,1.0,1,63291.0
4,5,0,0,0,1.0,1.0,0.03,0.06,0.0,1.0,1.0,1,119139.0
22,9,298,290,1,0.0,0.0,1.0,0.0,0.0,0.0,0.0,0,23605.0
22,9,222,576,1,0.0,0.0,1.0,0.0,0.05,0.0,0.01,0,120544.0
35,5,0,0,0,1.0,1.0,0.08,0.06,0.0,1.0,1.0,1,29750.0
46,1,0,0,0,0.0,0.0,0.04,0.08,0.0,0.0,0.0,1,70390.0
46,5,0,0,0,1.0,1.0,0.11,0.07,0.0,1.0,1.0,1,5935.0
41,9,146,105,0,0.0,0.0,1.0,0.0,0.0,0.0,0.0,0,65435.0
14,9,1480,0,0,0.0,0.0,1.0,0.0,0.67,0.0,0.0,0,67889.0
22,1,0,0,0,0.0,0.83,1.0,0.0,0.07,0.0,0.0,0,113979.0
22,9,305,316,1,0.0,0.0,1.0,0.0,0.02,0.0,0.0,0,106455.0
11,9,128,44,0,0.0,0.0,1.0,0.0,0.0,0.0,0.0,0,654.0
54,5,0,0,0,1.0,1.0,0.07,0.06,0.0,1.0,1.0,1,56057.0
6,1,0,0,0,0.0,0.0,0.04,0.06,0.0,0.0,0.0,1,59960.0
22,2,0,0,1,0.0,0.0,1.0,0.0,0.0,0.0,0.0,0,89493.0
46,1,0,0,0,0.03,0.0,0.01,0.99,0.0,0.02,0.0,1,65828.0
57,5,0,0,0,1.0,1.0,0.25,0.05,0.0,1.0,1.0,1,27829.0
22,9,283,253,1,0.0,0.0,1.0,0.0,0.02,0.0,0.0,0,96730.0
9,5,0,0,0,1.0,1.0,0.06,0.07,0.0,1.0,1.0,1,46999.0
46,1,0,0,0,0.0,0.0,0.5,1.0,0.0,0.01,0.0,1,10545.0
46,9,28,0,0,0.0,0.0,1.0,0.0,0.0,0.0,0.0,1,7548.0
13,9,8,0,0,0.0,0.0,1.0,0.0,0.51,0.0,0.0,1,68486.0
46,1,0,0,0,0.0,0.0,0.02,0.07,0.0,0.0,0.0,1,53649.0
22,9,289,7560,1,0.0,0.0,1.0,0.0,0.06,0.0,0.0,0,42328.0
22,1,0,0,0,0.0,0.0,1.0,0.0,0.09,0.0,0.0,0,124321.0
22,9,222,807,1,0.0,0.0,1.0,0.0,0.03,0.0,0.0,0,108109.0
25,5,0,0,0,1.0,1.0,0.01,0.07,0.0,1.0,1.0,1,37172.0
22,9,321,580,1,0.0,0.0,1.0,0.0,0.01,0.0,0.0,0,51027.0
14,9,1480,0,0,0.0,0.0,1.0,0.0,0.09,0.0,0.0,0,44426.0
22,9,228,7333,1,0.0,0.0,1.0,0.0,0.04,0.01,0.01,0,39829.0
19,9,1214,0,1,0.0,0.0,1.0,0.0,0.0,0.0,0.0,0,56416.0
22,9,212,17602,1,0.0,0.0,1.0,0.0,0.0,0.0,0.0,0,73801.0
11,9,45,81,0,0.0,0.0,1.0,0.01,0.0,0.0,0.0,0,65776.0
57,2,126,179,0,0.0,0.0,1.0,0.0,0.0,0.08,0.08,0,2798.0
46,1,0,0,0,0.0,0.0,1.0,0.0,0.0,0.0,0.0,1,107237.0
22,9,240,416,1,0.0,0.0,1.0,0.0,0.03,0.0,0.0,0,12820.0
51,9,2223,334,1,0.0,0.0,1.0,0.0,0.02,0.0,0.0,0,55053.0
11,9,46,46,0,0.0,0.0,1.0,0.0,0.0,0.0,0.0,0,50101.0
18,9,1480,4152,1,0.0,0.0,1.0,0.0,0.0,0.0,0.0,0,119744.0
11,9,45,70,0,0.0,0.0,1.0,0.01,0.0,0.0,0.0,0,107130.0
11,9,31,91,0,0.0,0.0,1.0,0.0,0.0,0.0,0.0,0,45619.0
11,9,46,157,0,0.0,0.0,1.0,0.01,0.0,0.0,0.0,0,37133.0
51,9,1374,332,1,0.0,0.0,1.0,0.0,0.01,0.0,0.0,0,104354.0
22,9,176,3871,1,0.0,0.0,1.0,0.0,0.03,0.0,0.0,0,12795.0
22,9,312,1621,1,0.0,0.0,1.0,0.0,0.04,0.0,0.0,0,107145.0
41,9,147,105,0,0.0,0.0,1.0,0.0,0.0,0.0,0.0,0,31415.0
46,1,0,0,0,0.0,0.0,0.01,0.06,0.0,0.0,0.0,1,121426.0
57,9,599,2414928,1,0.0,0.0,1.0,0.0,0.0,0.0,0.0,0,73072.0
11,9,46,117,0,0.0,0.0,1.0,0.0,0.0,0.0,0.0,0,81133.0
14,9,1032,0,0,0.0,0.0,1.0,0.0,0.0,0.09,0.0,0,11138.0
14,9,1032,0,0,0.0,0.0,1.0,0.0,0.0,0.0,0.0,0,59983.0
46,5,0,0,0,1.0,1.0,0.05,0.06,0.0,1.0,1.0,1,121192.0
16,5,0,0,0,1.0,1.0,0.22,0.22,0.0,1.0,1.0,1,119053.0
22,9,229,1620,1,0.0,0.0,1.0,0.0,0.04,0.0,0.0,0,41962.0
22,9,274,9757,1,0.0,0.0,1.0,0.0,0.04,0.0,0.01,0,100074.0
22,9,251,4214,1,0.0,0.0,1.0,0.0,0.0,0.0,0.0,0,110549.0
41,4,1,0,0,0.0,0.0,1.0,0.0,0.0,0.0,0.0,1,120155.0
46,5,0,0,0,1.0,1.0,0.1,0.06,0.0,1.0,1.0,1,77757.0
51,9,869,332,1,0.0,0.0,1.0,0.0,0.01,0.04,0.01,0,28745.0
54,5,0,0,0,1.0,1.0,0.07,0.06,0.0,1.0,1.0,1,110250.0
13,9,8,0,0,0.0,0.0,1.0,0.0,0.51,0.0,0.0,1,103157.0
41,9,146,105,0,0.0,0.0,1.0,0.0,0.0,0.0,0.0,0,122866.0
22,9,316,2345,1,0.0,0.03,1.0,0.0,0.04,0.0,0.01,0,10710.0
22,9,244,944,1,0.0,0.0,1.0,0.0,0.0,0.0,0.0,0,104163.0
19,9,501760,0,1,0.0,0.0,1.0,0.0,0.08,0.0,0.0,0,29633.0
22,9,270,10333,1,0.0,0.0,1.0,0.0,0.03,0.01,0.01,0,113340.0
19,5,0,0,0,1.0,1.0,0.14,0.43,0.0,0.99,1.0,1,11794.0
22,9,295,6892,1,0.0,0.0,1.0,0.0,0.04,0.0,0.01,0,20768.0
11,9,44,72,0,0.0,0.0,1.0,0.0,0.0,0.0,0.0,0,33763.0
11,9,68,24,0,0.0,0.0,1.0,0.0,0.0,0.0,0.0,0,111911.0
7,1,0,0,0,0.0,0.0,0.04,0.06,0.0,0.0,0.0,1,13646.0
22,9,244,622,1,0.0,0.0,1.0,0.0,0.03,0.01,0.01,0,65212.0
46,5,0,0,0,1.0,1.0,0.05,0.05,0.0,1.0,1.0,1,18812.0
22,1,0,0,0,0.0,0.0,1.0,0.0,0.07,0.0,0.0,0,6444.0
11,9,45,137,0,0.0,0.0,0.99,0.02,0.0,0.0,0.0,0,6448.0
46,5,0,0,0,1.0,1.0,0.04,0.06,0.0,1.0,1.0,1,66106.0
19,9,9198,0,1,0.0,0.0,1.0,0.0,0.02,0.01,0.01,0,7657.0
22,9,259,15860,1,0.0,0.0,1.0,0.0,0.03,0.0,0.0,0,56787.0
22,9,54540,8314,1,0.0,0.0,1.0,0.0,0.0,0.0,0.0,0,95268.0
46,5,0,0,0,1.0,1.0,0.02,0.05,0.0,1.0,1.0,1,72771.0
22,9,238,318,1,0.0,0.0,1.0,0.0,0.02,0.0,0.0,0,62315.0
19,9,192,0,1,0.0,0.0,1.0,0.0,0.0,0.0,0.0,0,122145.0
41,1,0,0,0,0.04,0.0,0.0,1.0,0.0,0.05,0.0,1,50044.0
46,5,0,0,0,1.0,1.0,0.03,0.07,0.0,1.0,1.0,1,125053.0
22,9,233,261,1,0.0,0.0,1.0,0.0,0.0,0.0,0.0,0,95815.0
17,5,0,0,0,1.0,1.0,0.28,0.22,0.0,1.0,1.0,1,11766.0
51,9,711,399,1,0.0,0.0,1.0,0.0,0.01,0.0,0.0,0,1773.0
2,5,0,0,0,1.0,1.0,0.04,0.08,0.0,1.0,1.0,1,61133.0
46,5,0,0,0,1.0,1.0,0.01,0.05,0.0,0.99,1.0,1,40338.0
22,9,315,8844,1,0.0,0.0,1.0,0.0,0.02,0.0,0.0,0,17429.0
22,9,301,1917,1,0.0,0.0,1.0,0.0,0.02,0.0,0.0,0,87261.0
22,9,326,900,1,0.0,0.0,1.0,0.0,0.01,0.0,0.0,0,62790.0
41,9,3468,0,1,0.06,0.0,0.06,0.22,0.0,0.02,0.0,0,8873.0
14,9,1480,0,0,0.0,0.0,1.0,0.0,0.1,0.0,0.0,0,88574.0
22,9,224,919,1,0.0,0.0,1.0,0.0,0.02,0.0,0.0,0,24911.0
46,5,0,0,0,1.0,1.0,0.03,0.06,0.0,1.0,1.0,1,47922.0
14,9,1032,0,0,0.0,0.0,1.0,0.0,0.0,0.0,0.0,0,49170.0
22,9,309,1528,1,0.33,0.5,1.0,0.0,0.0,0.0,0.0,0,40992.0
13,9,8,0,0,0.0,0.0,1.0,0.0,0.26,0.0,0.0,1,42432.0
7,5,0,0,0,1.0,1.0,0.01,0.05,0.0,1.0,1.0,1,5570.0
41,9,146,105,0,0.0,0.0,1.0,0.0,0.0,0.0,0.0,0,70689.0
17,5,0,0,0,1.0,1.0,0.07,0.05,0.0,1.0,1.0,1,19486.0
46,1,0,0,0,0.0,0.0,0.07,0.06,0.0,0.0,0.0,1,76752.0
17,5,0,0,0,1.0,1.0,0.3,0.15,0.04,0.99,0.96,1,40693.0
11,9,44,126,0,0.0,0.0,1.0,0.0,0.0,0.0,0.0,0,66038.0
22,9,335,3490,1,0.0,0.0,1.0,0.0,0.05,0.0,0.0,0,2924.0
19,9,12324,0,0,0.0,0.0,1.0,0.0,0.0,0.55,0.0,0,86900.0
22,5,0,0,0,1.0,1.0,0.24,0.24,0.0,1.0,1.0,1,40676.0
22,9,252,14445,1,0.0,0.0,1.0,0.0,0.0,0.0,0.0,0,95395.0
22,9,261,3892,1,0.0,0.0,1.0,0.0,0.01,0.0,0.0,0,104567.0
18,9,1531,4152,1,0.0,0.0,1.0,0.0,0.0,0.0,0.0,0,118170.0
22,1,0,0,0,0.0,0.0,1.0,0.0,0.06,0.0,0.0,0,77872.0
14,9,520,0,0,0.0,0.0,1.0,0.0,0.0,0.0,0.0,0,87708.0
22,9,299,6534,1,0.0,0.0,1.0,0.0,0.06,0.0,0.0,0,88299.0
11,9,41,127,0,0.0,0.0,1.0,0.0,0.0,0.0,0.0,0,79156.0
46,5,0,0,0,1.0,1.0,0.06,0.05,0.0,0.99,1.0,1,101160.0
1,1,0,0,0,0.0,0.0,0.75,0.5,0.0,0.0,0.0,0,72859.0
46,5,0,0,0,1.0,1.0,0.03,0.06,0.0,1.0,1.0,1,3180.0
22,9,236,267,1,0.0,0.0,1.0,0.0,0.0,0.0,0.0,0,4654.0
22,9,213,318,1,0.0,0.0,1.0,0.0,0.03,0.0,0.0,0,80408.0
46,1,0,0,0,0.0,0.0,1.0,0.0,1.0,0.0,0.0,1,34268.0
22,9,316,7333,1,0.0,0.0,1.0,0.0,0.0,0.0,0.0,0,6912.0
46,5,0,0,0,1.0,1.0,0.09,0.06,0.0,1.0,1.0,1,35442.0
24,5,0,0,0,1.0,1.0,0.1,0.06,0.0,1.0,1.0,1,8239.0
22,9,200,2920,1,0.0,0.0,1.0,0.0,0.03,0.0,0.0,0,93006.0
22,9,165,4357,1,0.0,0.0,1.0,0.0,0.02,0.0,0.01,0,5159.0
22,9,195,605,1,0.0,0.0,1.0,0.0,0.07,0.0,0.0,0,24779.0
46,5,0,0,0,1.0,1.0,0.07,0.06,0.0,1.0,1.0,1,73608.0
11,9,33,0,0,0.0,0.0,1.0,0.0,0.04,0.0,0.0,0,82877.0
57,9,127,1400,1,0.0,0.0,1.0,0.0,0.0,0.56,0.71,0,89081.0
19,9,7077,0,1,0.0,0.0,1.0,0.0,0.05,0.0,0.0,0,118394.0
22,9,250,270,1,0.0,0.0,1.0,0.0,0.0,0.0,0.0,0,66902.0
51,9,797,336,1,0.0,0.0,1.0,0.0,0.01,0.0,0.0,0,16938.0
22,9,245,447,1,0.0,0.0,1.0,0.0,0.05,0.0,0.0,0,88517.0
41,4,1,0,0,0.0,0.0,1.0,0.0,0.0,0.0,0.0,1,13599.0
22,9,7328,7670,1,0.0,0.0,1.0,0.0,0.04,0.0,0.0,0,78596.0
22,9,313,890,1,0.0,0.0,1.0,0.0,0.0,0.0,0.0,0,29921.0
46,9,1,0,0,0.0,0.0,0.34,0.07,0.0,0.0,0.0,1,107867.0
22,9,200,647,1,0.0,0.0,1.0,0.0,0.03,0.0,0.0,0,19074.0
51,9,734,332,1,0.0,0.0,1.0,0.0,0.02,0.0,0.0,0,77937.0
14,9,520,0,0,0.0,0.0,1.0,0.0,0.0,0.0,0.0,0,76486.0
22,9,201,24716,1,0.0,0.0,1.0,0.0,0.0,0.0,0.0,0,79673.0
19,5,0,0,0,1.0,1.0,0.25,0.05,0.0,1.0,1.0,1,13379.0
22,1,0,0,0,0.0,0.0,1.0,0.0,0.0,0.0,0.0,0,32858.0
22,9,306,1738,1,0.0,0.0,1.0,0.0,0.02,0.0,0.0,0,66126.0
22,9,254,5172,1,0.0,0.0,1.0,0.0,0.07,0.0,0.0,0,11821.0
46,1,0,0,0,0.0,0.0,0.13,0.07,0.0,0.0,0.0,1,36501.0
46,5,0,0,0,1.0,1.0,0.02,0.06,0.0,1.0,1.0,1,71979.0
19,5,0,0,0,1.0,1.0,0.24,0.07,0.0,1.0,1.0,1,87258.0
22,9,191,5678,1,0.0,0.0,1.0,0.0,0.02,0.0,0.0,0,5695.0
22,9,331,2124,1,0.0,0.0,1.0,0.0,0.05,0.0,0.0,0,38661.0
5,1,0,0,0,0.0,0.0,0.01,0.07,0.0,0.0,0.0,1,20977.0
22,9,313,1540,1,0.0,0.0,1.0,0.0,0.02,0.0,0.0,0,85637.0
22,9,314,2698,1,0.0,0.0,1.0,0.0,0.0,0.0,0.0,0,48594.0
62,5,0,0,0,1.0,1.0,0.06,0.06,0.0,1.0,1.0,1,61497.0
22,9,209,3074,1,0.0,0.0,1.0,0.0,0.03,0.0,0.0,0,36545.0
22,9,148,2233,1,0.0,0.0,1.0,0.0,0.05,0.0,0.0,0,94062.0
18,2,180,828,1,0.0,0.0,0.5,1.0,0.0,0.0,0.0,0,19027.0
22,9,242,691,1,0.0,0.0,1.0,0.0,0.06,0.0,0.0,0,62454.0
22,9,258,471,1,0.0,0.0,1.0,0.0,0.03,0.0,0.0,0,18872.0
22,9,207,9957,1,0.0,0.0,1.0,0.0,0.01,0.0,0.0,0,89328.0
22,9,325,770,1,0.0,0.0,1.0,0.0,0.04,0.0,0.0,0,40715.0
22,9,54540,8314,1,0.0,0.0,1.0,0.0,0.0,0.0,0.0,0,96625.0
46,1,0,0,0,0.0,0.0,0.31,0.1,0.0,0.0,0.0,1,45648.0
19,9,1874,0,1,0.0,0.0,1.0,0.0,0.02,0.0,0.0,0,104470.0
11,9,44,128,0,0.0,0.0,1.0,0.0,0.0,0.0,0.0,0,84204.0
22,9,203,1792,1,0.0,0.0,1.0,0.0,0.0,0.0,0.0,0,60801.0
11,9,45,132,0,0.0,0.0,0.99,0.03,0.0,0.0,0.0,0,34811.0
46,5,0,0,0,1.0,1.0,0.08,0.05,0.0,1.0,1.0,1,38304.0
10,2,7,28,1,0.08,0.0,0.0,1.0,0.0,0.13,0.0,0,27486.0
22,9,338,11868,1,0.0,0.0,1.0,0.0,0.01,0.0,0.0,0,24410.0
22,9,292,263,1,0.0,0.0,1.0,0.0,0.0,0.0,0.0,0,1392.0
14,9,1032,0,0,0.0,0.0,1.0,0.0,0.0,0.0,0.0,0,92661.0
22,9,369,759,1,0.5,0.5,1.0,0.0,0.0,0.0,0.0,0,51093.0
41,9,147,105,0,0.0,0.0,1.0,0.0,0.0,0.0,0.0,0,125408.0
41,1,0,0,0,0.19,0.0,0.0,1.0,0.0,0.21,0.0,1,50761.0
3,5,0,0,0,1.0,1.0,0.11,0.05,0.0,1.0,1.0,1,92688.0
19,9,495,0,1,0.0,0.0,1.0,0.0,0.02,0.0,0.0,0,32363.0
11,9,44,80,0,0.0,0.0,1.0,0.0,0.0,0.0,0.0,0,65373.0
46,5,0,0,0,1.0,1.0,0.07,0.06,0.0,1.0,1.0,1,64297.0
22,9,328,11514,1,0.0,0.0,1.0,0.0,0.0,0.0,0.0,0,104080.0
22,9,211,362,1,0.0,0.0,1.0,0.0,0.04,0.0,0.0,0,78595.0
22,9,285,17602,1,0.0,0.0,1.0,0.0,0.0,0.0,0.0,0,86881.0
22,9,259,672,1,0.0,0.0,1.0,0.0,0.02,0.0,0.0,0,79438.0
22,9,327,3502,1,0.0,0.0,1.0,0.0,0.02,0.0,0.0,0,52088.0
46,1,0,0,0,0.0,0.0,0.08,0.07,0.0,0.0,0.0,1,24880.0
51,9,597,338,1,0.0,0.0,1.0,0.0,0.01,0.0,0.0,0,36450.0
13,9,30,0,0,0.0,0.0,1.0,0.0,0.0,0.0,0.0,0,17269.0
11,9,45,45,0,0.0,0.0,1.0,0.0,0.0,0.0,0.0,0,16750.0
22,9,199,19271,1,0.0,0.0,1.0,0.0,0.07,0.0,0.0,0,2289.0
22,9,247,4192,1,0.0,0.0,1.0,0.0,0.0,0.0,0.0,0,100458.0
22,9,295,808,1,0.0,0.0,1.0,0.0,0.02,0.0,0.0,0,112554.0
13,9,8,0,0,0.0,0.0,1.0,0.0,0.56,0.0,0.0,1,76357.0
13,9,8,0,0,0.0,0.0,1.0,0.0,0.5,0.0,0.0,1,28810.0
22,1,0,0,0,0.0,0.0,1.0,0.0,0.1,0.0,0.0,0,90054.0
22,6,204,14600,1,1.0,1.0,1.0,0.0,0.0,0.0,0.0,0,44265.0
22,9,54540,8314,1,0.0,0.0,1.0,0.0,0.0,0.01,0.01,0,27065.0
22,9,311,488,1,0.0,0.0,1.0,0.0,0.04,0.0,0.0,0,77373.0
22,5,0,0,0,0.5,0.33,1.0,0.0,0.33,0.33,0.08,0,2065.0
22,9,244,394,1,0.0,0.0,1.0,0.0,0.04,0.0,0.0,0,61687.0
22,9,233,8378,1,0.0,0.0,1.0,0.0,0.08,0.0,0.0,0,24842.0
53,5,0,0,0,1.0,1.0,0.0,0.07,0.0,1.0,1.0,1,57907.0
33,5,0,0,0,1.0,1.0,0.02,0.05,0.0,1.0,1.0,1,64129.0
46,10,0,0,0,1.0,1.0,1.0,0.0,0.0,0.91,1.0,1,77035.0
51,9,998,330,1,0.0,0.0,1.0,0.0,0.01,0.0,0.0,0,122684.0
13,9,8,0,0,0.0,0.0,1.0,0.0,0.5,0.0,0.0,1,102129.0
62,5,0,0,0,1.0,1.0,0.0,0.07,0.0,1.0,1.0,1,1273.0
22,9,217,702,1,0.0,0.0,1.0,0.0,0.05,0.0,0.0,0,49595.0
51,9,1571,444,1,0.0,0.0,1.0,0.0,0.0,0.77,0.0,0,85962.0
22,9,54540,8314,1,0.0,0.0,1.0,0.0,0.0,0.0,0.0,0,83981.0
22,9,226,190,1,0.0,0.0,1.0,0.0,0.12,0.0,0.0,0,36942.0
46,1,0,0,0,0.01,0.0,0.01,1.0,0.0,0.0,0.0,1,91946.0
46,5,0,0,0,1.0,1.0,0.1,0.05,0.0,0.89,1.0,1,73927.0
3,9,9,38,1,0.0,0.0,0.5,1.0,0.67,0.0,0.0,0,62913.0
46,5,0,0,0,1.0,1.0,0.04,0.06,0.0,1.0,1.0,1,11234.0
46,9,105,147,0,0.0,0.0,1.0,0.0,0.0,0.0,0.0,0,54340.0
22,9,283,2531,1,0.0,0.0,1.0,0.0,0.0,0.0,0.0,0,125934.0
30,5,0,0,0,1.0,1.0,0.04,0.06,0.0,1.0,1.0,1,73522.0
60,9,78,0,0,0.0,0.0,0.2,0.05,0.0,0.0,0.0,0,113409.0
46,5,0,0,0,1.0,1.0,0.01,0.07,0.0,1.0,1.0,1,8496.0
24,5,0,0,0,1.0,1.0,0.19,0.06,0.0,1.0,1.0,1,53117.0
22,9,216,2014,1,0.0,0.0,1.0,0.0,0.03,0.0,0.0,0,24679.0
22,5,0,0,0,1.0,1.0,0.02,0.07,0.0,1.0,1.0,1,29666.0
46,5,0,0,0,1.0,1.0,0.07,0.06,0.0,1.0,1.0,1,51004.0
32,5,0,0,0,1.0,1.0,0.02,0.06,0.0,1.0,1.0,1,13727.0
52,1,0,0,0,0.0,0.0,0.07,0.07,0.0,0.0,0.0,1,43538.0
11,9,46,131,0,0.0,0.0,1.0,0.0,0.0,0.0,0.0,0,17302.0
46,5,0,0,0,1.0,1.0,0.12,0.12,0.0,1.0,1.0,1,28686.0
11,9,46,112,0,0.0,0.0,1.0,0.0,0.0,0.0,0.0,0,108319.0
22,1,0,0,0,0.0,0.0,1.0,0.0,0.13,0.0,0.0,0,7914.0
51,8,1378,327,1,1.0,0.5,1.0,0.0,0.0,0.01,0.02,0,52159.0
19,9,1153,0,1,0.0,0.0,1.0,0.0,0.0,0.0,0.0,0,32177.0
19,5,0,0,0,1.0,1.0,0.06,0.06,0.0,1.0,1.0,1,22041.0
22,9,299,72748,1,0.0,0.0,1.0,0.0,0.02,0.0,0.0,0,12638.0
13,9,8,0,0,0.0,0.0,1.0,0.0,0.51,0.0,0.0,1,9860.0
9,2,0,0,0,0.0,0.0,0.05,0.06,0.0,0.0,0.0,1,120671.0
46,9,105,146,0,0.0,0.0,1.0,0.0,0.0,0.0,0.0,0,71552.0
46,1,0,0,0,0.01,0.0,0.01,1.0,0.0,0.0,0.0,1,27842.0
46,5,0,0,0,1.0,1.0,0.18,0.07,0.0,1.0,1.0,1,84600.0
0,4,2429,8551,0,0.0,0.0,1.0,0.0,0.0,0.0,0.0,0,57545.0
2,5,0,0,0,1.0,1.0,0.03,0.06,0.0,1.0,1.0,1,16404.0
22,9,243,609,1,0.0,0.0,1.0,0.0,0.02,0.0,0.0,0,110946.0
13,9,8,0,0,0.0,0.0,1.0,0.0,0.26,0.0,0.0,1,32371.0
2,5,0,0,0,1.0,1.0,0.06,0.06,0.0,1.0,1.0,1,2447.0
22,9,261,805,1,0.0,0.0,1.0,0.0,0.06,0.0,0.0,0,38433.0
22,9,165,1367,1,0.0,0.0,1.0,0.0,0.04,0.0,0.0,0,99806.0
11,9,44,44,0,0.0,0.0,1.0,0.0,0.0,0.0,0.0,0,68921.0
22,9,218,857,1,0.0,0.0,1.0,0.0,0.0,0.0,0.0,0,109826.0
22,9,298,348,1,0.0,0.0,1.0,0.0,0.0,0.0,0.0,0,44151.0
51,9,2315,329,1,0.0,0.0,1.0,0.0,0.01,0.0,0.0,0,66685.0
22,9,290,398,1,0.0,0.0,1.0,0.0,0.02,0.0,0.0,0,97741.0
22,9,209,1263,1,0.0,0.0,1.0,0.0,0.0,0.0,0.0,0,25543.0
22,9,239,2982,1,0.0,0.0,1.0,0.0,0.11,0.0,0.0,0,7413.0
37,5,0,0,0,1.0,1.0,0.06,0.18,0.0,1.0,1.0,1,66137.0
11,9,42,132,0,0.0,0.0,1.0,0.0,0.01,0.0,0.0,0,89136.0
41,9,147,105,0,0.0,0.0,1.0,0.0,0.0,0.0,0.0,0,125472.0
46,1,0,0,0,0.0,0.0,0.05,0.06,0.0,0.0,0.0,1,31377.0
46,1,0,0,0,0.0,0.0,0.5,1.0,0.0,0.15,0.0,1,59577.0
13,9,8,0,0,0.0,0.0,1.0,0.0,0.51,0.0,0.0,1,86757.0
22,1,0,0,0,0.0,0.0,1.0,0.0,0.05,0.0,0.0,0,90456.0
46,5,0,0,0,1.0,1.0,0.16,0.07,0.0,1.0,1.0,1,32274.0
22,9,304,1380,1,0.0,0.0,1.0,0.0,0.0,0.0,0.0,0,122041.0
51,9,1626,326,1,0.0,0.0,1.0,0.0,0.0,0.0,0.0,0,86673.0
14,9,520,0,0,0.0,0.0,1.0,0.0,0.0,0.0,0.0,0,80620.0
19,9,1556,0,1,0.0,0.0,0.86,0.29,0.02,0.02,0.04,0,64879.0
21,1,0,0,0,0.0,0.0,0.14,0.05,0.0,0.0,0.0,1,42854.0
17,5,0,0,0,1.0,1.0,0.03,0.08,0.0,1.0,1.0,1,92254.0
64,1,0,0,0,0.0,0.0,0.01,0.07,0.0,0.0,0.0,1,58205.0
19,9,383,0,0,0.0,0.0,1.0,0.0,0.04,0.0,0.0,0,26074.0
34,5,0,0,0,1.0,1.0,0.08,0.06,0.0,1.0,1.0,1,125657.0
9,5,0,0,0,1.0,1.0,0.04,0.06,0.0,1.0,1.0,1,110811.0
14,9,1032,0,0,0.0,0.0,1.0,0.0,0.0,0.0,0.0,0,13149.0
41,5,0,0,0,1.0,1.0,0.15,0.05,0.0,1.0,1.0,1,32225.0
57,5,0,0,0,1.0,1.0,0.08,0.06,0.0,1.0,1.0,1,43194.0
51,9,757,338,1,0.0,0.0,1.0,0.0,0.01,0.0,0.0,0,82492.0
46,4,1,0,0,0.0,0.0,1.0,0.0,0.0,0.0,0.0,1,109416.0
11,9,43,136,0,0.0,0.0,1.0,0.0,0.0,0.0,0.0,0,70466.0
22,9,233,13110,1,0.0,0.0,1.0,0.0,0.08,0.0,0.0,0,98357.0
4,5,0,0,0,1.0,1.0,0.05,0.06,0.0,1.0,1.0,1,37170.0
22,9,219,313,1,0.0,0.0,1.0,0.0,0.0,0.0,0.0,0,62066.0
22,9,162,1310,1,0.0,0.0,1.0,0.0,0.05,0.0,0.0,0,50872.0
22,9,285,1456,1,0.09,0.09,1.0,0.0,0.0,0.0,0.0,0,71823.0
22,9,308,1155,1,0.0,0.0,1.0,0.0,0.02,0.0,0.0,0,31151.0
19,9,5558,0,1,0.0,0.0,1.0,0.0,0.02,0.0,0.0,0,79353.0
22,5,0,0,0,1.0,0.95,0.08,0.07,0.0,1.0,1.0,1,39480.0
14,9,1032,0,0,0.0,0.0,1.0,0.0,0.0,0.0,0.0,0,122599.0
22,9,314,274,1,0.0,0.0,1.0,0.0,0.0,0.0,0.0,0,47231.0
46,5,0,0,0,1.0,1.0,0.02,0.07,0.0,1.0,1.0,1,91565.0
22,9,216,5491,1,0.0,0.0,1.0,0.0,0.05,0.0,0.0,0,87810.0
22,1,0,0,0,0.0,0.0,1.0,0.0,0.25,0.0,0.0,0,114287.0
46,5,0,0,0,1.0,1.0,0.06,0.07,0.0,1.0,1.0,1,26065.0
14,9,520,0,0,0.0,0.0,1.0,0.0,0.0,0.0,0.0,0,14707.0
33,5,0,0,0,1.0,1.0,0.26,0.15,0.0,1.0,1.0,1,108719.0
2,5,0,0,0,1.0,1.0,0.07,0.06,0.0,1.0,1.0,1,61422.0
11,9,29,0,0,0.0,0.0,0.5,1.0,0.1,0.0,0.0,0,89047.0
22,9,215,431,1,0.0,0.0,1.0,0.0,0.04,0.0,0.0,0,101670.0
3,9,9,38,1,0.0,0.0,1.0,0.0,0.29,0.0,0.0,0,97933.0
22,5,0,0,0,0.5,0.11,1.0,0.0,0.04,0.5,0.02,0,69083.0
22,9,193,751,1,0.0,0.0,1.0,0.0,0.04,0.0,0.0,0,9971.0
41,9,146,105,0,0.0,0.0,1.0,0.0,0.0,0.0,0.0,0,80604.0
28,5,0,0,0,1.0,1.0,0.06,0.06,0.0,1.0,1.0,1,35167.0
46,9,28,0,0,0.0,0.0,1.0,0.0,0.0,0.0,0.0,1,110977.0
51,9,1495,483,1,0.0,0.0,1.0,0.0,0.0,0.0,0.0,0,71405.0
46,5,0,0,0,1.0,1.0,0.01,0.06,0.0,1.0,1.0,1,106016.0
46,9,28,0,0,0.01,0.0,0.97,0.04,0.0,0.0,0.0,1,33287.0
22,9,230,9568,1,0.0,0.0,1.0,0.0,0.01,0.0,0.0,0,30092.0
60,9,78,0,0,0.0,0.0,0.18,0.12,0.0,0.0,0.0,0,94097.0
7,5,0,0,0,1.0,1.0,0.0,0.06,0.0,1.0,1.0,1,47448.0
29,5,0,0,0,1.0,1.0,0.05,0.07,0.0,1.0,1.0,1,109125.0
17,5,0,0,0,1.0,1.0,0.09,0.05,0.0,1.0,1.0,1,56298.0
46,1,0,0,0,0.0,0.0,0.11,0.06,0.0,0.0,0.0,1,94711.0
22,1,0,0,0,0.0,0.0,1.0,0.0,0.3,0.0,0.0,0,86236.0
51,9,1754,363,1,0.0,0.0,1.0,0.0,0.02,0.0,0.01,0,89149.0
18,9,1263,2451,1,0.0,0.0,1.0,0.0,0.0,0.0,0.0,0,6623.0
8,5,0,0,0,1.0,1.0,0.07,0.06,0.0,1.0,1.0,1,13375.0
11,9,45,75,0,0.0,0.0,1.0,0.01,0.0,0.0,0.0,0,21757.0
22,9,161,13187,1,0.0,0.0,1.0,0.0,0.0,0.0,0.0,0,72666.0
46,4,1,0,0,0.0,0.0,1.0,0.0,0.0,0.0,0.0,1,67218.0
19,9,12983,0,0,0.0,0.0,1.0,0.0,0.0,0.0,0.0,0,90762.0
46,9,1,0,0,0.0,0.0,0.56,0.06,0.0,0.0,0.0,1,84679.0
46,5,0,0,0,1.0,1.0,0.81,0.08,0.0,1.0,1.0,1,99081.0
46,1,0,0,0,0.0,0.0,0.5,1.0,0.0,0.27,0.0,1,24601.0
22,9,215,2055,1,0.0,0.0,1.0,0.0,0.03,0.0,0.0,0,34112.0
22,1,0,0,0,0.0,0.0,1.0,0.0,0.0,0.0,0.0,0,3366.0
22,9,146,4928,1,0.0,0.0,1.0,0.0,0.04,0.0,0.0,0,37633.0
41,9,1,0,0,0.0,0.0,0.24,0.1,0.0,0.0,0.0,1,117134.0
38,5,0,0,0,1.0,1.0,0.13,0.05,0.0,1.0,1.0,1,4441.0
11,9,44,44,0,0.0,0.0,1.0,0.0,0.0,0.0,0.0,0,112988.0
11,9,46,138,0,0.0,0.0,1.0,0.01,0.0,0.0,0.0,0,21700.0
46,5,0,0,0,1.0,1.0,0.09,0.06,0.0,1.0,1.0,1,116845.0
22,9,338,1484,1,0.0,0.0,1.0,0.0,0.01,0.0,0.0,0,51125.0
46,5,0,0,0,1.0,1.0,0.06,0.06,0.0,1.0,1.0,1,45593.0
22,9,231,2288,1,0.0,0.0,1.0,0.0,0.0,0.0,0.0,0,79119.0
40,9,48,48,0,0.0,0.0,1.0,0.0,0.0,0.0,0.0,0,79061.0
22,6,316,14600,1,1.0,1.0,1.0,0.0,0.04,0.02,0.01,0,93797.0
46,9,1,0,0,0.0,0.0,0.17,0.11,0.0,0.0,0.0,1,89113.0
11,9,42,42,0,0.0,0.0,1.0,0.0,0.0,0.0,0.0,0,36153.0
22,9,238,1054,1,0.0,0.0,1.0,0.0,0.03,0.0,0.0,0,70820.0
9,5,0,0,0,1.0,1.0,0.06,0.06,0.0,1.0,1.0,1,58201.0
46,1,0,0,0,0.0,0.0,1.0,0.0,0.0,0.0,0.0,1,65868.0
46,5,0,0,0,1.0,1.0,0.04,0.07,0.0,1.0,1.0,1,49991.0
38,5,0,0,0,1.0,1.0,0.08,0.06,0.0,1.0,1.0,1,93182.0
22,9,230,801,1,0.0,0.0,1.0,0.0,0.02,0.0,0.0,0,67278.0
22,9,205,1408,1,0.0,0.0,1.0,0.0,0.01,0.0,0.0,0,102850.0
64,5,0,0,0,1.0,1.0,0.06,0.06,0.0,1.0,1.0,1,70408.0
22,9,294,4295,1,0.0,0.0,1.0,0.0,0.05,0.0,0.0,0,32383.0
57,5,0,0,0,1.0,1.0,0.26,0.06,0.0,1.0,1.0,1,40905.0
22,9,200,313,1,0.0,0.0,1.0,0.0,0.0,0.0,0.0,0,117855.0
46,5,0,0,0,1.0,1.0,1.0,0.0,0.0,1.0,1.0,1,53158.0
51,9,996,338,1,0.0,0.0,1.0,0.0,0.02,0.0,0.0,0,56128.0
22,9,231,294,1,0.0,0.0,1.0,0.0,0.01,0.0,0.0,0,106552.0
19,9,95,0,0,0.0,0.0,1.0,0.0,0.0,0.0,0.0,0,122556.0
63,5,0,0,0,1.0,1.0,0.01,0.06,0.0,1.0,1.0,1,108087.0
22,9,323,1680,1,0.0,0.0,1.0,0.0,0.02,0.0,0.0,0,45303.0
51,9,1799,334,1,0.0,0.0,0.5,1.0,0.02,0.0,0.0,0,56442.0
5,5,0,0,0,1.0,1.0,0.29,0.29,0.0,1.0,1.0,1,120069.0
51,3,0,0,0,0.65,0.5,0.01,0.41,0.0,0.5,0.5,1,21704.0
32,5,0,0,0,1.0,1.0,0.04,0.07,0.0,1.0,1.0,1,52347.0
46,5,0,0,0,1.0,1.0,0.1,0.06,0.0,1.0,1.0,1,21950.0
46,5,0,0,0,1.0,1.0,0.05,0.06,0.0,1.0,1.0,1,104179.0
51,9,1252,330,1,0.0,0.0,1.0,0.0,0.0,0.0,0.0,0,94394.0
19,9,3775,0,0,0.0,0.0,1.0,0.0,0.0,0.0,0.0,0,124270.0
30,5,0,0,0,1.0,1.0,0.09,0.05,0.0,1.0,1.0,1,102865.0
47,9,91,0,0,0.0,0.0,1.0,0.0,0.0,0.0,0.0,0,36488.0
22,9,235,406,1,0.0,0.0,1.0,0.0,0.01,0.0,0.0,0,17539.0
38,1,0,0,0,0.0,0.0,0.02,0.1,0.0,0.0,0.0,1,33191.0
11,9,45,129,0,0.0,0.0,1.0,0.0,0.0,0.0,0.0,0,97280.0
46,9,28,0,0,0.0,0.0,1.0,0.0,0.0,0.02,0.0,1,5793.0
46,1,0,0,0,0.0,0.0,0.03,0.58,0.0,0.0,0.0,1,63655.0
22,9,200,7956,1,0.0,0.0,1.0,0.0,0.07,0.0,0.0,0,97062.0
57,9,100,1459,1,0.0,0.0,1.0,0.0,0.33,0.0,0.0,0,46439.0
13,9,8,0,0,0.0,0.0,1.0,0.0,0.25,0.0,0.0,1,33055.0
41,9,146,105,0,0.0,0.0,1.0,0.0,0.0,0.0,0.0,0,23434.0
19,9,192,0,0,0.0,0.0,1.0,0.0,0.0,0.0,0.01,0,46463.0
22,9,205,7623,1,0.0,0.0,1.0,0.0,0.04,0.0,0.0,0,32531.0
38,5,0,0,0,1.0,1.0,0.17,0.07,0.0,1.0,1.0,1,44914.0
55,5,0,0,0,1.0,1.0,0.06,0.07,0.0,1.0,1.0,1,85600.0
22,9,208,1073,1,0.0,0.0,1.0,0.0,0.03,0.0,0.0,0,121172.0
46,9,1,0,0,0.0,0.0,1.0,0.0,0.0,0.03,0.0,1,47277.0
46,5,0,0,0,1.0,1.0,0.04,0.06,0.0,1.0,1.0,1,103654.0
13,9,8,0,0,0.0,0.0,1.0,0.0,0.52,0.0,0.0,1,65987.0
11,9,44,44,0,0.0,0.0,0.99,0.02,0.0,0.0,0.0,0,109489.0
22,9,214,10360,1,0.0,0.0,1.0,0.0,0.03,0.0,0.0,0,38076.0
57,9,724,160618,1,0.0,0.0,1.0,0.0,0.0,0.0,0.0,0,25385.0
51,9,1664,365,1,0.0,0.0,1.0,0.0,0.01,0.0,0.0,0,99052.0
51,9,836,332,1,0.0,0.0,1.0,0.0,0.02,0.0,0.0,0,17404.0
11,9,43,43,0,0.0,0.0,1.0,0.0,0.0,0.0,0.0,0,110944.0
22,9,240,4664,1,0.0,0.0,1.0,0.0,0.01,0.0,0.0,0,59637.0
61,5,0,0,0,1.0,1.0,0.05,0.06,0.0,1.0,1.0,1,105338.0
9,5,0,0,0,1.0,1.0,0.14,0.12,0.0,1.0,1.0,1,114301.0
13,9,30,0,0,0.0,0.0,1.0,0.0,0.0,0.0,0.0,0,23603.0
49,1,0,0,0,0.0,0.0,0.02,0.07,0.0,0.0,0.0,1,99710.0
17,5,0,0,0,1.0,1.0,0.25,0.1,0.0,1.0,1.0,1,68594.0
22,9,242,505,1,0.0,0.0,1.0,0.0,0.04,0.0,0.0,0,82892.0
52,1,0,0,0,0.0,0.0,0.07,0.07,0.0,0.0,0.0,1,19688.0
51,9,3373,330,1,0.0,0.0,1.0,0.0,0.01,0.0,0.0,0,81337.0
22,1,0,0,0,0.0,0.0,1.0,0.0,0.0,0.0,0.0,0,124814.0
22,9,210,3870,1,0.0,0.0,1.0,0.0,0.0,0.0,0.0,0,93581.0
22,9,339,279,1,0.0,0.0,1.0,0.0,0.0,0.0,0.0,0,22367.0
7,5,0,0,0,1.0,1.0,0.02,0.06,0.0,1.0,1.0,1,91210.0
57,5,0,0,0,1.0,1.0,0.09,0.06,0.0,1.0,1.0,1,28321.0
22,9,151,193,1,0.0,0.0,1.0,0.0,0.04,0.03,0.01,0,44721.0
51,9,1477,335,1,0.0,0.0,1.0,0.0,0.0,0.0,0.0,0,21577.0
11,9,44,73,0,0.0,0.0,1.0,0.0,0.0,0.0,0.0,0,90861.0
57,5,0,0,0,1.0,1.0,0.23,0.13,0.0,1.0,1.0,1,75722.0
19,9,1199,0,1,0.0,0.0,1.0,0.0,0.11,0.0,0.0,0,93247.0
46,1,0,0,0,0.0,0.0,0.5,1.0,0.0,0.0,0.0,1,4550.0
22,6,328,27740,1,0.25,0.25,1.0,0.0,0.01,0.25,0.0,0,95309.0
46,5,0,0,0,1.0,1.0,0.19,0.06,0.0,1.0,1.0,1,37226.0
22,5,0,0,0,1.0,1.0,0.01,0.07,0.0,1.0,1.0,1,75485.0
22,9,250,538,1,0.0,0.0,1.0,0.0,0.05,0.02,0.0,0,55307.0
11,9,45,111,0,0.0,0.0,1.0,0.0,0.0,0.0,0.0,0,47562.0
22,9,290,6178,1,0.0,0.0,1.0,0.0,0.02,0.0,0.0,0,91621.0
22,9,189,18004,1,0.0,0.0,1.0,0.0,0.04,0.0,0.0,0,44874.0
22,9,307,5280,1,0.0,0.0,1.0,0.0,0.0,0.0,0.0,0,44664.0
46,9,1,0,0,0.0,0.0,0.05,0.24,0.0,0.02,0.0,1,30946.0
46,4,1,0,0,0.0,0.0,1.0,0.0,0.0,0.0,0.0,1,48142.0
46,5,0,0,0,1.0,1.0,0.03,0.07,0.0,1.0,1.0,1,88997.0
18,9,871,2579,1,0.0,0.0,1.0,0.0,0.0,0.0,0.0,0,43961.0
2,5,0,0,0,1.0,1.0,0.06,0.06,0.0,1.0,1.0,1,6165.0
7,5,0,0,0,1.0,1.0,0.03,0.05,0.0,1.0,1.0,1,99683.0
11,9,44,44,0,0.0,0.0,1.0,0.0,0.0,0.0,0.0,0,51292.0
46,5,0,0,0,1.0,1.0,0.06,0.06,0.0,1.0,1.0,1,112201.0
22,9,209,738,1,0.0,0.0,1.0,0.0,0.02,0.0,0.0,0,6717.0
13,9,8,0,0,0.0,0.0,1.0,0.0,0.5,0.0,0.0,1,4683.0
32,5,0,0,0,1.0,1.0,0.05,0.06,0.0,1.0,1.0,1,80769.0
17,5,0,0,0,1.0,1.0,1.0,0.0,0.25,1.0,0.12,1,29739.0
22,9,237,2450,1,0.0,0.0,1.0,0.0,0.04,0.0,0.0,0,124466.0
14,9,1032,0,0,0.0,0.0,1.0,0.0,0.0,0.0,0.0,0,121624.0
22,9,260,2234,1,0.0,0.0,1.0,0.0,0.0,0.0,0.0,0,105372.0
46,9,1,0,0,0.0,0.0,0.84,0.03,0.0,0.0,0.0,1,108945.0
22,9,192,9248,1,0.0,0.0,1.0,0.0,0.0,0.0,0.0,0,100607.0
22,9,230,1189,1,0.0,0.0,1.0,0.0,0.01,0.0,0.0,0,74478.0
27,5,0,0,0,1.0,1.0,1.0,0.0,0.0,1.0,1.0,1,53208.0
46,1,0,0,0,0.0,0.0,0.5,1.0,0.0,0.0,0.0,1,57789.0
22,9,222,144911,1,0.0,0.0,1.0,0.0,0.04,0.0,0.0,0,91038.0
22,9,240,434,1,0.0,0.0,1.0,0.0,0.01,0.0,0.0,0,10847.0
51,9,2071,332,1,0.0,0.0,1.0,0.0,0.01,0.0,0.0,0,98396.0
49,5,0,0,0,1.0,1.0,0.04,0.05,0.0,1.0,1.0,1,16588.0
46,9,28,0,0,0.0,0.0,1.0,0.0,0.0,0.0,0.0,1,85320.0
22,5,0,0,0,1.0,0.94,1.0,0.0,0.0,1.0,1.0,1,112415.0
51,9,921,330,1,0.0,0.0,1.0,0.0,0.01,0.0,0.0,0,10407.0
16,5,0,0,0,1.0,1.0,0.6,0.1,0.0,1.0,1.0,1,69124.0
13,9,8,0,0,0.0,0.0,1.0,0.0,0.31,0.0,0.0,1,12132.0
11,9,46,133,0,0.0,0.0,1.0,0.0,0.01,0.0,0.0,0,89668.0
22,9,311,1262,1,0.0,0.0,1.0,0.0,0.02,0.0,0.0,0,66227.0
22,6,236,14600,1,1.0,1.0,1.0,0.0,0.0,0.0,0.0,0,120080.0
46,9,28,0,0,0.0,0.0,0.98,0.03,0.0,0.0,0.0,1,53601.0
41,1,0,0,0,0.18,0.0,0.0,1.0,0.0,0.06,0.0,1,78969.0
22,1,0,0,0,0.0,0.0,1.0,0.0,0.09,0.0,0.09,0,98168.0
13,9,18,0,0,0.0,0.0,1.0,0.0,1.0,0.0,0.0,1,119224.0
3,5,0,0,0,1.0,1.0,0.04,0.06,0.0,1.0,1.0,1,10919.0
21,5,0,0,0,1.0,1.0,0.01,0.06,0.0,1.0,1.0,1,71161.0
22,9,202,4091,1,0.0,0.0,1.0,0.0,0.0,0.0,0.0,0,67944.0
22,9,246,1186,1,0.0,0.0,1.0,0.0,0.06,0.0,0.0,0,88971.0
21,5,0,0,0,1.0,1.0,0.01,0.07,0.0,1.0,1.0,1,107381.0
46,5,0,0,0,1.0,1.0,0.09,0.07,0.0,1.0,1.0,1,54090.0
11,9,44,119,0,0.0,0.0,0.99,0.01,0.0,0.0,0.0,0,52316.0
22,1,0,0,0,0.0,0.0,1.0,0.0,0.22,0.0,0.0,0,73152.0
22,9,267,14496,1,0.0,0.0,1.0,0.0,0.0,0.0,0.0,0,95087.0
22,9,267,27779,1,0.0,0.0,1.0,0.0,0.06,0.0,0.01,0,45244.0
46,5,0,0,0,1.0,1.0,0.01,0.06,0.0,1.0,1.0,1,55371.0
51,9,4211,334,1,0.0,0.0,1.0,0.0,0.0,0.0,0.0,0,95547.0
22,9,251,5381,1,0.0,0.0,1.0,0.0,0.0,0.0,0.0,0,45393.0
13,9,8,0,0,0.0,0.0,1.0,0.0,0.51,0.0,0.0,1,40009.0
22,9,231,339,1,0.0,0.0,1.0,0.0,0.02,0.0,0.0,0,124924.0
46,1,0,0,0,0.0,0.0,0.15,0.06,0.0,0.0,0.0,1,112981.0
22,9,264,1195,1,0.0,0.0,1.0,0.0,0.02,0.0,0.0,0,76310.0
19,5,0,0,0,1.0,1.0,0.5,0.33,0.0,1.0,1.0,1,86060.0
13,9,8,0,0,0.0,0.0,1.0,0.0,0.5,0.0,0.0,1,9492.0
14,9,1032,0,0,0.0,0.0,1.0,0.0,0.0,0.0,0.0,0,27122.0
51,9,1193,281,1,0.0,0.0,1.0,0.0,0.02,0.0,0.0,0,61956.0
19,9,567,0,1,0.0,0.0,1.0,0.0,0.08,0.0,0.0,0,27805.0
22,9,308,942,1,0.0,0.0,1.0,0.0,0.04,0.0,0.0,0,35808.0
57,9,710,227544,1,0.0,0.0,1.0,0.0,0.0,0.7,0.44,0,64628.0
22,6,220,13140,1,0.5,0.33,1.0,0.0,0.0,0.01,0.01,0,19971.0
51,9,1327,372,1,0.0,0.0,1.0,0.0,0.0,0.0,0.0,0,20524.0
14,9,1480,0,0,0.0,0.0,1.0,0.0,0.0,0.57,0.0,0,65869.0
22,9,239,2239,1,0.0,0.0,1.0,0.0,0.0,0.0,0.0,0,75694.0
19,9,740,0,1,0.0,0.0,1.0,0.0,0.0,0.0,0.0,0,49561.0
22,1,0,0,0,0.0,0.0,1.0,0.0,0.18,0.0,0.0,0,82400.0
11,9,43,79,0,0.0,0.0,1.0,0.01,0.0,0.0,0.0,0,22257.0
46,9,1,0,0,0.0,0.0,0.14,0.09,0.0,0.0,0.0,1,30956.0
57,5,0,0,0,1.0,1.0,0.18,0.08,0.0,1.0,1.0,1,7167.0
46,5,0,0,0,1.0,1.0,0.03,0.06,0.0,1.0,1.0,1,79192.0
19,9,334,0,1,0.0,0.0,1.0,0.0,0.1,0.0,0.0,0,24704.0
22,9,332,934,1,0.0,0.0,1.0,0.0,0.04,0.0,0.0,0,81186.0
46,5,0,0,0,1.0,1.0,0.06,0.05,0.0,1.0,1.0,1,2875.0
22,9,150,12632,1,0.0,0.0,1.0,0.0,0.01,0.0,0.0,0,9644.0
22,9,172,2595,1,0.0,0.0,1.0,0.0,0.02,0.0,0.0,0,60300.0
22,9,337,1133,1,0.0,0.0,1.0,0.0,0.0,0.0,0.0,0,49195.0
2,5,0,0,0,1.0,1.0,0.07,0.06,0.0,1.0,1.0,1,47196.0
22,9,470,7497,1,0.0,0.0,1.0,0.0,0.11,0.0,0.0,0,115935.0
22,9,231,2340,1,0.0,0.0,1.0,0.0,0.0,0.0,0.0,0,13857.0
22,9,198,366,1,0.0,0.0,1.0,0.0,0.02,0.0,0.0,0,22400.0
22,5,0,0,0,1.0,1.0,0.35,0.09,0.0,1.0,1.0,1,72397.0
22,1,0,0,0,0.0,0.0,1.0,0.0,0.18,0.0,0.0,0,88665.0
22,9,148,15465,1,0.0,0.0,1.0,0.0,0.03,0.0,0.0,0,50523.0
57,9,205,6096,1,0.0,0.0,1.0,0.0,0.0,0.51,0.0,0,16031.0
22,1,0,0,0,0.0,0.0,1.0,0.0,0.18,0.0,0.0,0,53580.0
39,5,0,0,0,1.0,1.0,0.07,0.07,0.0,1.0,1.0,1,10798.0
22,1,0,0,0,0.0,0.0,0.01,0.07,0.0,0.0,0.0,1,87654.0
22,1,0,0,0,0.0,0.0,1.0,0.0,0.26,0.0,0.0,0,42445.0
19,5,0,0,0,1.0,1.0,0.24,0.05,0.0,1.0,1.0,1,9167.0
22,1,0,0,0,0.0,0.0,1.0,0.0,0.21,0.0,0.0,0,4186.0
46,9,1,0,0,0.0,0.0,0.17,0.1,0.0,0.05,0.0,1,102652.0
22,9,233,279,1,0.0,0.0,1.0,0.0,0.03,0.0,0.0,0,94273.0
19,9,246,0,1,0.0,0.0,1.0,0.0,0.0,0.01,0.01,0,28689.0
56,1,0,0,0,0.0,0.0,0.06,0.06,0.0,0.0,0.0,1,46395.0
3,1,0,0,0,0.0,0.0,0.02,0.07,0.0,0.0,0.0,1,108201.0
46,5,0,0,0,1.0,1.0,0.04,0.06,0.0,1.0,1.0,1,51242.0
22,9,218,5981,1,0.0,0.0,1.0,0.0,0.07,0.0,0.0,0,43997.0
22,9,325,4898,1,0.0,0.0,1.0,0.0,0.0,0.0,0.0,0,61767.0
51,9,2140,332,1,0.0,0.0,1.0,0.0,0.02,0.01,0.0,0,1910.0
40,9,48,48,0,0.0,0.0,1.0,0.0,0.0,0.0,0.0,0,65695.0
55,5,0,0,0,1.0,1.0,0.04,0.06,0.0,1.0,1.0,1,120748.0
46,5,0,0,0,1.0,1.0,0.01,0.06,0.0,1.0,1.0,1,78662.0
46,9,1,0,0,0.0,0.0,0.88,0.25,0.0,0.0,0.0,1,1410.0
19,9,2194619,0,1,0.0,0.0,1.0,0.0,0.03,0.0,0.0,0,29381.0
46,5,0,0,0,1.0,1.0,0.07,0.07,0.0,1.0,1.0,1,35671.0
46,5,0,0,0,1.0,1.0,0.03,0.08,0.0,1.0,1.0,1,104297.0
32,5,0,0,0,1.0,1.0,0.0,0.05,0.0,1.0,1.0,1,6197.0
28,5,0,0,0,1.0,1.0,0.06,0.07,0.0,1.0,1.0,1,8466.0
14,9,1032,0,0,0.0,0.0,1.0,0.0,0.0,0.29,0.0,0,89696.0
13,9,8,0,0,0.0,0.0,1.0,0.0,0.5,0.0,0.0,1,16438.0
57,5,0,0,0,1.0,1.0,0.17,0.08,0.0,1.0,1.0,1,103694.0
46,5,0,0,0,1.0,1.0,0.04,0.06,0.0,1.0,1.0,1,33043.0
51,9,1056,330,1,0.0,0.0,1.0,0.0,0.02,0.0,0.0,0,113821.0
22,9,301,2698,1,0.0,0.0,1.0,0.0,0.0,0.0,0.0,0,114682.0
35,1,0,0,0,0.0,0.0,0.04,0.06,0.0,0.0,0.0,1,22528.0
22,9,224,1265,1,0.0,0.0,1.0,0.0,0.01,0.0,0.0,0,17658.0
12,5,0,0,0,1.0,1.0,0.04,0.05,0.0,1.0,1.0,1,64354.0
22,9,208,835,1,0.0,0.0,1.0,0.0,0.0,0.0,0.0,0,41282.0
22,9,293,728,1,0.0,0.0,1.0,0.0,0.0,0.0,0.0,0,47422.0
22,9,251,327,1,0.0,0.0,1.0,0.0,0.01,0.0,0.0,0,119907.0
22,1,0,0,0,0.0,0.0,1.0,0.0,0.1,0.0,0.0,0,37306.0
54,5,0,0,0,1.0,1.0,0.02,0.06,0.0,1.0,1.0,1,81709.0
46,5,0,0,0,1.0,1.0,0.23,0.38,0.0,1.0,1.0,1,12740.0
64,5,0,0,0,1.0,1.0,0.06,0.06,0.0,1.0,1.0,1,73854.0
13,9,8,0,0,0.0,0.0,1.0,0.0,0.25,0.0,0.0,1,92368.0
22,9,332,352,1,0.0,0.0,1.0,0.0,0.0,0.01,0.01,0,88858.0
22,9,204,2676,1,0.0,0.0,1.0,0.0,0.01,0.0,0.0,0,94493.0
22,9,336,3141,1,0.0,0.0,1.0,0.0,0.02,0.0,0.0,0,93959.0
27,1,0,0,0,0.0,0.0,0.07,0.07,0.0,0.0,0.0,1,28476.0
19,9,2881,0,1,0.0,0.0,1.0,0.0,0.11,0.0,0.0,0,41705.0
64,5,0,0,0,1.0,1.0,0.11,0.05,0.0,1.0,1.0,1,111448.0
46,5,0,0,0,1.0,1.0,0.24,0.07,0.0,1.0,1.0,1,2532.0
41,9,146,105,0,0.0,0.0,1.0,0.0,0.0,0.0,0.0,0,10139.0
63,5,0,0,0,1.0,1.0,0.06,0.06,0.0,1.0,1.0,1,40945.0
19,9,607,0,0,0.0,0.0,1.0,0.0,0.0,0.0,0.0,0,53627.0
57,5,0,0,0,1.0,1.0,0.2,0.13,0.07,0.98,0.9,1,68970.0
3,1,0,0,0,0.0,0.0,1.0,0.0,0.0,0.71,0.0,0,33187.0
22,9,341,964,1,0.0,0.0,1.0,0.0,0.03,0.0,0.0,0,111586.0
41,9,146,105,0,0.0,0.0,1.0,0.0,0.0,0.0,0.0,0,80057.0
22,9,238,697,1,0.0,0.0,1.0,0.0,0.02,0.0,0.0,0,68503.0
2,5,0,0,0,1.0,1.0,0.01,0.07,0.0,1.0,1.0,1,62498.0
46,9,1,0,0,0.0,0.0,0.87,0.09,0.0,0.05,0.0,1,86172.0
18,9,1231,2451,1,0.0,0.0,1.0,0.0,0.0,0.0,0.0,0,57297.0
19,9,567,0,0,0.0,0.0,1.0,0.0,0.05,0.0,0.0,0,8896.0
22,9,209,3273,1,0.0,0.0,1.0,0.0,0.03,0.0,0.0,0,48100.0
46,9,105,145,0,0.0,0.0,1.0,0.0,0.0,0.0,0.0,0,11769.0
19,5,0,0,0,1.0,1.0,0.6,0.07,0.04,1.0,0.4,1,7739.0
46,1,0,0,0,0.0,0.0,0.18,0.08,0.0,0.0,0.0,1,34148.0
22,9,254,4845,1,0.0,0.0,1.0,0.0,0.02,0.0,0.0,0,24684.0
46,5,0,0,0,1.0,1.0,0.01,0.07,0.0,1.0,1.0,1,5237.0
19,9,3888,0,0,0.0,0.0,1.0,0.0,0.03,0.0,0.0,0,76230.0
22,1,0,0,0,0.0,0.0,0.05,0.05,0.0,0.0,0.0,1,85305.0
19,9,151,0,1,0.0,0.0,1.0,0.0,0.02,0.0,0.0,0,4386.0
22,9,232,8119,1,0.0,0.0,1.0,0.0,0.05,0.0,0.0,0,62948.0
22,9,330,373,1,0.0,0.0,1.0,0.0,0.0,0.0,0.0,0,41496.0
22,9,198,788,1,0.0,0.0,1.0,0.0,0.0,0.0,0.0,0,101436.0
51,9,1502,332,1,0.0,0.0,1.0,0.0,0.01,0.0,0.0,0,99726.0
22,9,318,3989,1,0.0,0.0,1.0,0.0,0.01,0.0,0.0,0,36665.0
22,9,286,426,1,0.0,0.0,1.0,0.0,0.07,0.0,0.0,0,69164.0
46,5,0,0,0,1.0,1.0,0.05,0.07,0.0,1.0,1.0,1,122403.0
64,5,0,0,0,1.0,1.0,0.04,0.06,0.0,1.0,1.0,1,73604.0
46,9,1,0,0,0.0,0.0,0.83,0.03,0.0,0.0,0.0,1,26628.0
22,9,324,572,1,0.0,0.0,1.0,0.0,0.0,0.0,0.0,0,51929.0
46,1,0,0,0,0.03,0.0,0.0,1.0,0.0,0.04,0.0,1,30914.0
22,9,234,17358,1,0.0,0.0,1.0,0.0,0.0,0.0,0.0,0,94781.0
46,9,1,0,0,0.0,0.0,0.6,0.06,0.0,0.0,0.0,1,91194.0
22,9,352,8260,1,0.0,0.0,1.0,0.0,0.01,0.0,0.0,0,22948.0
3,5,0,0,0,1.0,1.0,0.01,0.06,0.0,1.0,1.0,1,57186.0
12,2,0,0,0,0.0,0.0,0.04,0.07,0.0,0.0,0.0,1,67336.0
11,9,46,129,0,0.0,0.0,1.0,0.0,0.01,0.0,0.0,0,69227.0
46,5,0,0,0,1.0,1.0,0.07,0.05,0.0,1.0,1.0,1,101050.0
57,9,510,226840,1,0.0,0.0,1.0,0.0,0.0,0.0,0.06,0,45983.0
51,9,1189,367,1,0.0,0.0,1.0,0.0,0.0,0.0,0.0,0,86736.0
17,9,10,147,0,0.0,0.0,1.0,0.0,1.0,0.0,0.0,0,117359.0
22,9,253,2235,1,0.0,0.0,1.0,0.0,0.07,0.0,0.0,0,97485.0
41,4,1,0,0,0.0,0.0,1.0,0.0,0.0,0.0,0.0,1,73469.0
46,5,0,0,0,1.0,1.0,0.11,0.06,0.0,1.0,1.0,1,103610.0
51,9,2635,328,1,0.0,0.0,1.0,0.0,0.0,0.0,0.0,0,15732.0
22,9,287,2975,1,0.0,0.0,1.0,0.0,0.02,0.0,0.0,0,98503.0
22,5,263,0,0,0.5,0.33,1.0,0.0,0.02,0.12,0.01,0,72914.0
51,9,130,238,1,0.0,0.0,1.0,0.0,0.0,0.0,0.0,0,114914.0
46,3,0,0,0,0.79,0.67,0.06,0.4,0.0,0.15,0.67,1,63499.0
22,9,215,382,1,0.0,0.0,1.0,0.0,0.01,0.0,0.0,0,43081.0
46,1,0,0,0,0.0,0.0,0.09,0.06,0.0,0.0,0.0,1,25765.0
22,9,199,3632,1,0.33,0.33,1.0,0.0,0.03,0.06,0.0,0,74909.0
57,5,0,0,0,1.0,1.0,0.08,0.05,0.0,1.0,1.0,1,122679.0
51,9,2704,331,1,0.0,0.0,1.0,0.0,0.02,0.01,0.01,0,91395.0
19,9,12,0,1,0.0,0.0,1.0,0.0,0.06,0.0,0.0,0,66453.0
22,9,346,1385,1,0.0,0.0,1.0,0.0,0.04,0.0,0.0,0,50766.0
6,5,0,0,0,1.0,1.0,0.09,0.09,0.0,1.0,1.0,1,66265.0
22,9,257,507,1,0.0,0.0,1.0,0.0,0.01,0.0,0.0,0,47713.0
22,9,144,51836,1,0.0,0.0,1.0,0.0,0.0,0.0,0.0,0,84965.0
22,9,165,13902,1,0.0,0.0,1.0,0.0,0.05,0.0,0.0,0,69235.0
51,9,605,334,1,0.0,0.0,1.0,0.0,0.0,0.01,0.02,0,46006.0
22,9,229,1070,1,0.0,0.0,1.0,0.0,0.05,0.0,0.0,0,8140.0
31,5,0,0,0,1.0,1.0,0.06,0.05,0.0,1.0,1.0,1,37540.0
4,5,0,0,0,1.0,1.0,0.03,0.05,0.0,1.0,1.0,1,27238.0
19,6,13239,0,1,0.33,0.33,1.0,0.0,0.03,0.01,0.02,0,42191.0
25,5,0,0,0,1.0,1.0,0.04,0.06,0.0,1.0,1.0,1,120874.0
22,9,317,411,1,0.0,0.0,1.0,0.0,0.0,0.0,0.0,0,77214.0
30,5,0,0,0,1.0,1.0,0.07,0.04,0.0,1.0,1.0,1,25819.0
36,5,0,0,0,1.0,1.0,0.03,0.07,0.0,1.0,1.0,1,111756.0
11,9,42,130,0,0.0,0.0,1.0,0.0,0.0,0.0,0.0,0,31260.0
11,9,43,43,0,0.0,0.0,0.99,0.01,0.0,0.0,0.0,0,43241.0
13,9,8,0,0,0.0,0.0,1.0,0.0,0.51,0.0,0.0,1,63427.0
28,5,0,0,0,1.0,1.0,0.03,0.05,0.0,1.0,1.0,1,2756.0
13,9,8,0,0,0.0,0.0,1.0,0.0,0.51,0.0,0.0,1,111679.0
46,9,28,0,0,0.0,0.0,1.0,0.0,0.0,0.0,0.0,1,10198.0
46,9,105,146,0,0.0,0.0,0.2,0.4,0.0,0.0,0.0,0,28133.0
46,5,0,0,0,1.0,1.0,0.13,0.09,0.0,1.0,1.0,1,101378.0
22,9,214,1314,1,0.0,0.0,1.0,0.0,0.03,0.0,0.0,0,118562.0
46,5,0,0,0,1.0,1.0,0.1,0.06,0.0,1.0,1.0,1,79375.0
22,9,252,18968,1,0.0,0.0,1.0,0.0,0.01,0.0,0.0,0,81481.0
51,9,754,403,1,0.0,0.0,0.5,1.0,0.01,0.38,0.0,0,88660.0
22,9,258,337,1,0.0,0.0,1.0,0.0,0.0,0.0,0.0,0,124016.0
46,5,0,0,0,1.0,1.0,0.08,0.06,0.0,1.0,1.0,1,57955.0
11,9,45,71,0,0.0,0.0,1.0,0.0,0.0,0.0,0.0,0,65275.0
22,9,239,9375,1,0.0,0.0,1.0,0.0,0.02,0.0,0.0,0,45388.0
22,9,191,934,1,0.0,0.0,1.0,0.0,0.0,0.0,0.0,0,3318.0
11,9,43,43,0,0.0,0.0,1.0,0.0,0.0,0.0,0.0,0,84614.0
46,5,0,0,0,1.0,1.0,0.05,0.06,0.0,1.0,1.0,1,277.0
22,9,237,2278,1,0.0,0.0,1.0,0.0,0.0,0.01,0.01,0,27038.0
22,9,218,901,1,0.0,0.0,1.0,0.0,0.02,0.0,0.0,0,19303.0
51,9,3798,583,1,0.0,0.0,1.0,0.0,0.03,0.0,0.0,0,19177.0
51,9,1858,334,1,0.0,0.0,1.0,0.0,0.01,0.0,0.0,0,9074.0
22,9,236,1836,1,0.0,0.0,1.0,0.0,0.04,0.0,0.0,0,55617.0
22,9,246,2005,1,0.0,0.0,1.0,0.0,0.0,0.0,0.0,0,37374.0
13,9,18,0,0,0.0,0.0,1.0,0.0,1.0,0.0,0.0,1,60486.0
4,5,0,0,0,1.0,1.0,0.0,0.07,0.0,1.0,1.0,1,43146.0
46,4,0,0,0,0.0,0.0,1.0,0.0,0.0,0.0,0.0,1,43830.0
22,1,0,0,0,0.0,0.0,1.0,0.0,0.15,0.0,0.0,0,34258.0
14,9,1032,0,0,0.0,0.0,1.0,0.0,0.0,0.0,0.0,0,84366.0
29,5,0,0,0,1.0,1.0,0.19,0.06,0.0,1.0,1.0,1,70881.0
46,5,0,0,0,1.0,1.0,0.09,0.07,0.0,1.0,1.0,1,34318.0
22,9,145,2954,1,0.0,0.0,1.0,0.0,0.01,0.0,0.0,0,118085.0
19,9,35195,0,1,0.0,0.0,1.0,0.0,0.05,0.0,0.0,0,38743.0
22,9,215,297,1,0.0,0.0,1.0,0.0,0.03,0.0,0.01,0,100188.0
13,9,8,0,0,0.0,0.0,1.0,0.0,0.52,0.0,0.0,1,92672.0
22,9,293,2486,1,0.0,0.0,1.0,0.0,0.0,0.0,0.0,0,72570.0
22,9,208,3300,1,0.0,0.0,1.0,0.0,0.01,0.0,0.0,0,98274.0
22,9,206,2229,1,0.0,0.0,1.0,0.0,0.06,0.0,0.0,0,88977.0
15,5,0,0,0,1.0,1.0,0.17,0.06,0.0,1.0,1.0,1,45336.0
46,5,0,0,0,1.0,1.0,0.06,0.05,0.0,1.0,1.0,1,4356.0
46,9,105,147,0,0.0,0.0,0.17,0.33,0.0,0.0,0.0,0,69040.0
46,1,0,0,0,0.0,0.0,0.11,0.06,0.0,0.0,0.0,1,115281.0
35,1,0,0,0,0.0,0.0,0.08,0.07,0.0,0.0,0.0,1,4861.0
16,5,0,0,0,1.0,1.0,0.17,0.04,0.0,1.0,1.0,1,73185.0
22,9,231,15618,1,0.0,0.0,1.0,0.0,0.0,0.0,0.0,0,15007.0
22,9,225,527,1,0.0,0.0,1.0,0.0,0.0,0.0,0.0,0,115443.0
22,5,0,0,0,1.0,1.0,0.32,0.09,0.0,1.0,1.0,1,87218.0
22,9,240,791,1,0.0,0.0,1.0,0.0,0.0,0.0,0.0,0,5065.0
22,1,0,0,0,0.0,0.0,1.0,0.0,0.03,0.0,0.02,0,12899.0
51,9,1090,337,1,0.0,0.0,1.0,0.0,0.0,0.0,0.0,0,55190.0
22,9,208,6801,1,0.0,0.0,1.0,0.0,0.02,0.0,0.0,0,103417.0
22,9,208,1660,1,0.0,0.0,1.0,0.0,0.0,0.0,0.0,0,39039.0
22,9,301,1349,1,0.03,0.03,1.0,0.0,0.04,0.03,0.0,0,121840.0
14,9,1032,0,0,0.0,0.0,1.0,0.0,0.0,0.0,0.0,0,37689.0
13,9,8,0,0,0.0,0.0,1.0,0.0,0.25,0.0,0.0,1,85498.0
19,9,12,0,1,0.0,0.0,1.0,0.0,0.0,0.0,0.0,0,54830.0
22,1,0,0,0,0.0,0.0,1.0,0.0,0.15,0.0,0.0,0,106177.0
22,9,238,1374,1,0.0,0.0,1.0,0.0,0.02,0.0,0.0,0,97542.0
13,9,8,0,0,0.0,0.0,1.0,0.0,0.5,0.0,0.0,1,53862.0
46,5,0,0,0,1.0,1.0,0.01,0.08,0.0,1.0,1.0,1,15442.0
37,5,0,0,0,1.0,1.0,0.13,0.05,0.0,1.0,1.0,1,87692.0
11,9,45,76,0,0.0,0.0,1.0,0.01,0.0,0.0,0.0,0,69802.0
22,9,218,483,1,0.0,0.0,1.0,0.0,0.0,0.0,0.0,0,16103.0
19,9,5558,0,0,0.0,0.0,1.0,0.0,0.06,0.0,0.0,0,64030.0
61,5,0,0,0,1.0,1.0,0.04,0.07,0.0,1.0,1.0,1,70887.0
31,5,0,0,0,1.0,1.0,0.01,0.06,0.0,1.0,1.0,1,120156.0
0,4,1171,9477,1,0.0,0.0,1.0,0.0,0.0,0.11,0.25,0,44804.0
22,9,218,1719,1,0.0,0.0,1.0,0.0,0.0,0.0,0.0,0,28962.0
19,9,334,0,1,0.0,0.0,1.0,0.0,0.14,0.0,0.0,0,26776.0
22,9,341,21816,1,0.0,0.0,1.0,0.0,0.01,0.0,0.0,0,123497.0
39,5,0,0,0,1.0,1.0,0.1,0.05,0.0,1.0,1.0,1,9982.0
19,9,71,0,1,0.0,0.0,0.5,1.0,0.0,0.18,0.0,0,125205.0
11,9,43,43,0,0.0,0.0,1.0,0.0,0.0,0.0,0.0,0,51630.0
11,9,43,96,0,0.0,0.0,1.0,0.0,0.0,0.0,0.0,0,44582.0
22,9,207,3009,1,0.0,0.0,1.0,0.0,0.01,0.0,0.0,0,8247.0
22,9,372,1662,1,0.0,0.0,1.0,0.0,0.0,0.0,0.0,0,85393.0
13,9,8,0,0,0.0,0.0,1.0,0.0,0.52,0.0,0.0,1,119652.0
25,5,0,0,0,1.0,1.0,0.09,0.05,0.0,1.0,1.0,1,64480.0
46,5,0,0,0,1.0,1.0,0.03,0.08,0.0,1.0,1.0,1,114049.0
19,5,0,0,0,1.0,1.0,0.02,0.07,0.0,1.0,1.0,1,49664.0
22,9,278,453,1,0.0,0.0,1.0,0.0,0.08,0.0,0.0,0,62206.0
22,9,189,4922,1,0.0,0.0,1.0,0.0,0.01,0.0,0.0,0,112948.0
22,9,316,405,1,0.0,0.0,1.0,0.0,0.02,0.0,0.0,0,30016.0
8,5,0,0,0,1.0,1.0,0.03,0.07,0.0,1.0,1.0,1,68803.0
11,9,44,130,0,0.0,0.0,1.0,0.0,0.0,0.0,0.0,0,67509.0
26,1,0,0,0,0.0,0.0,0.5,1.0,0.0,0.0,0.0,1,16495.0
41,9,10261,0,1,0.08,0.0,0.08,0.54,0.0,0.02,0.0,0,70497.0
19,9,383,0,1,0.0,0.0,0.67,0.67,0.01,0.0,0.0,0,42250.0
51,9,2938,386,1,0.0,0.0,1.0,0.0,0.0,0.47,0.5,0,120034.0
56,5,0,0,0,1.0,1.0,0.04,0.06,0.0,1.0,1.0,1,60612.0
11,9,45,45,0,0.0,0.0,1.0,0.0,0.0,0.0,0.0,0,25232.0
53,5,0,0,0,1.0,1.0,0.01,0.06,0.0,1.0,1.0,1,99046.0
22,9,225,3616,1,0.0,0.0,1.0,0.0,0.06,0.0,0.01,0,118775.0
54,5,0,0,0,1.0,1.0,0.47,0.2,0.0,1.0,1.0,1,61615.0
22,1,0,0,0,0.0,0.0,1.0,0.0,0.0,0.0,0.0,0,5036.0
34,5,0,0,0,1.0,1.0,0.07,0.07,0.0,1.0,1.0,1,58811.0
22,9,200,364,1,0.0,0.0,1.0,0.0,0.01,0.0,0.0,0,46215.0
58,5,0,0,0,1.0,1.0,0.07,0.06,0.0,1.0,1.0,1,99719.0
27,1,0,0,0,0.0,0.0,0.03,0.08,0.0,0.0,0.0,1,84971.0
22,5,0,0,0,0.98,1.0,0.29,0.12,0.0,1.0,1.0,1,72126.0
22,9,223,2826,1,0.0,0.0,1.0,0.0,0.02,0.0,0.0,0,5411.0
19,6,8760,0,0,0.17,0.17,1.0,0.0,0.0,0.0,0.01,0,64511.0
11,9,44,78,0,0.0,0.0,1.0,0.0,0.0,0.0,0.0,0,112384.0
64,5,0,0,0,1.0,1.0,0.06,0.06,0.0,1.0,1.0,1,14039.0
22,9,223,5316,1,0.0,0.0,1.0,0.0,0.03,0.0,0.0,0,24267.0
22,9,290,482,1,0.0,0.0,1.0,0.0,0.01,0.0,0.0,0,19378.0
46,5,0,0,0,1.0,1.0,0.06,0.06,0.0,1.0,1.0,1,102016.0
62,5,0,0,0,1.0,1.0,0.02,0.06,0.0,1.0,1.0,1,123674.0
46,1,0,0,0,0.0,0.0,0.16,0.07,0.0,0.0,0.0,1,26482.0
46,1,0,0,0,0.06,0.0,0.0,1.0,0.0,0.08,0.0,1,26782.0
22,9,222,6602,1,0.0,0.0,1.0,0.0,0.0,0.0,0.0,0,124066.0
22,9,211,3485,1,0.0,0.0,1.0,0.0,0.02,0.0,0.0,0,40385.0
46,5,0,0,0,1.0,1.0,0.16,0.06,0.0,1.0,1.0,1,24315.0
41,9,1,0,0,0.0,0.0,0.08,0.5,0.0,0.0,0.0,1,75960.0
46,4,1,0,0,0.0,0.0,1.0,0.0,0.0,0.0,0.0,1,48547.0
19,5,0,0,0,1.0,1.0,0.19,0.25,0.0,0.99,1.0,1,37456.0
51,9,1029,328,1,0.0,0.0,1.0,0.0,0.01,0.0,0.0,0,120254.0
51,9,128,239,1,0.0,0.0,1.0,0.0,0.03,0.0,0.0,0,104467.0
46,1,0,0,0,0.0,0.0,0.5,1.0,0.0,0.0,0.0,1,19263.0
46,5,0,0,0,1.0,1.0,0.04,0.08,0.0,1.0,1.0,1,110607.0
19,5,0,0,0,0.92,1.0,0.23,0.38,0.0,1.0,1.0,1,83617.0
46,5,0,0,0,1.0,1.0,0.04,0.06,0.0,1.0,1.0,1,124476.0
19,9,175337,0,1,0.0,0.0,1.0,0.0,0.0,0.0,0.0,0,53382.0
9,5,0,0,0,1.0,1.0,0.01,0.07,0.0,1.0,1.0,1,110232.0
51,9,944,333,1,0.0,0.0,1.0,0.0,0.02,0.0,0.0,0,27980.0
22,1,0,0,0,0.0,0.0,1.0,0.0,0.37,0.0,0.0,0,30906.0
41,9,7077,0,1,0.25,0.0,0.25,0.5,0.0,0.01,0.0,0,45399.0
22,9,225,2762,1,0.0,0.0,1.0,0.0,0.03,0.0,0.0,0,125221.0
22,9,264,9578,1,0.0,0.0,1.0,0.0,0.06,0.02,0.0,0,87650.0
25,1,0,0,0,0.0,0.0,0.07,0.07,0.0,0.0,0.0,1,122958.0
58,9,0,4,0,0.0,0.0,1.0,0.0,0.0,0.11,0.11,1,47832.0
11,9,45,120,0,0.0,0.0,1.0,0.0,0.0,0.0,0.0,0,95445.0
22,9,214,3173,1,0.0,0.0,1.0,0.0,0.04,0.0,0.0,0,50880.0
11,9,45,77,0,0.0,0.0,1.0,0.0,0.0,0.0,0.0,0,17175.0
46,4,0,0,0,0.0,0.0,1.0,0.0,0.0,0.0,0.0,1,117749.0
4,1,0,0,0,0.0,0.0,0.01,0.08,0.0,0.0,0.0,1,27187.0
22,9,228,990,1,0.0,0.0,1.0,0.0,0.02,0.0,0.0,0,4341.0
46,9,28,0,0,0.0,0.0,1.0,0.0,0.0,0.0,0.0,1,125333.0
13,9,8,0,0,0.0,0.0,1.0,0.0,0.5,0.0,0.0,1,51021.0
22,9,305,784,1,0.0,0.0,1.0,0.0,0.02,0.0,0.0,0,20858.0
51,9,3716,515,1,0.0,0.0,1.0,0.0,0.02,0.0,0.01,0,104137.0
46,9,207,0,0,0.0,0.0,1.0,0.0,0.0,0.0,0.0,0,110998.0
57,9,69,673,0,0.0,0.0,1.0,0.0,1.0,0.03,0.0,0,98488.0
46,5,0,0,0,1.0,1.0,0.21,0.32,0.0,1.0,1.0,1,114653.0
19,9,3690,0,1,0.0,0.0,1.0,0.0,0.03,0.0,0.0,0,51054.0
22,9,231,1499,1,0.0,0.0,1.0,0.0,0.05,0.0,0.0,0,75793.0
22,9,243,2559,1,0.0,0.0,1.0,0.0,0.0,0.0,0.0,0,101914.0
22,9,232,4697,1,0.0,0.0,1.0,0.0,0.01,0.0,0.0,0,61976.0
46,5,0,0,0,1.0,1.0,0.02,0.05,0.0,0.98,1.0,1,114071.0
9,5,0,0,0,1.0,1.0,0.02,0.07,0.0,1.0,1.0,1,85863.0
19,9,1339,0,1,0.0,0.0,1.0,0.0,0.03,0.0,0.0,0,30757.0
46,9,207,0,0,0.0,0.0,1.0,0.0,0.0,0.0,0.0,0,100904.0
16,5,0,0,0,1.0,1.0,0.11,0.06,0.0,1.0,1.0,1,122410.0
14,9,1032,0,0,0.0,0.0,1.0,0.0,0.0,0.0,0.0,0,49213.0
22,9,170,1267,1,0.0,0.0,1.0,0.0,0.02,0.0,0.0,0,82901.0
46,5,0,0,0,1.0,1.0,0.14,0.05,0.0,1.0,1.0,1,6061.0
13,9,8,0,0,0.0,0.0,1.0,0.0,0.25,0.0,0.0,1,100327.0
46,1,0,0,0,0.0,0.0,0.25,0.06,0.0,0.0,0.0,1,121149.0
46,5,0,0,0,1.0,1.0,0.15,0.06,0.0,1.0,1.0,1,116906.0
22,9,271,389,1,0.0,0.0,1.0,0.0,0.01,0.0,0.0,0,103992.0
57,9,90,233,0,0.0,0.0,1.0,0.0,0.0,0.0,0.0,0,42564.0
41,1,0,0,0,0.08,0.0,0.0,0.95,0.0,0.08,0.0,1,17986.0
13,9,8,0,0,0.0,0.0,1.0,0.0,0.5,0.0,0.0,1,62687.0
22,9,271,10757,1,0.0,0.0,1.0,0.0,0.07,0.0,0.0,0,104653.0
46,5,0,0,0,1.0,1.0,0.01,0.07,0.0,1.0,1.0,1,86279.0
11,9,42,125,0,0.0,0.0,1.0,0.0,0.0,0.0,0.0,0,3430.0
41,9,146,105,0,0.0,0.0,0.5,1.0,0.0,0.0,0.0,0,114154.0
41,1,0,0,0,0.09,0.0,0.0,1.0,0.0,0.11,0.0,1,112016.0
61,2,0,0,0,0.0,0.0,0.12,0.07,0.0,0.0,0.0,1,20387.0
46,5,0,0,0,1.0,1.0,0.13,0.06,0.0,1.0,1.0,1,49820.0
11,9,43,70,0,0.0,0.0,0.99,0.01,0.0,0.0,0.0,0,52320.0
13,9,18,0,0,0.0,0.0,1.0,0.0,1.0,0.0,0.0,1,40660.0
10,1,0,0,0,0.0,0.0,0.02,0.07,0.0,0.0,0.0,1,65773.0
13,9,30,0,0,0.0,0.0,1.0,0.0,0.0,0.0,0.0,0,124728.0
41,4,1,0,0,0.0,0.0,1.0,0.0,0.0,0.0,0.0,1,20079.0
46,5,0,0,0,1.0,1.0,0.04,0.06,0.0,1.0,1.0,1,35902.0
51,9,1388,391,1,0.0,0.0,0.5,1.0,0.0,0.87,0.0,0,6310.0
13,9,8,0,0,0.0,0.0,1.0,0.0,0.51,0.0,0.0,1,112999.0
11,9,36,92,0,0.0,0.0,1.0,0.0,0.0,0.0,0.0,0,17823.0
25,5,0,0,0,1.0,1.0,0.06,0.05,0.0,1.0,1.0,1,19514.0
62,5,0,0,0,1.0,1.0,0.08,0.06,0.0,1.0,1.0,1,80778.0
22,9,190,345,1,0.0,0.0,1.0,0.0,0.01,0.0,0.0,0,25258.0
51,9,821,333,1,0.0,0.0,1.0,0.0,0.0,0.01,0.0,0,99904.0
7,5,0,0,0,1.0,1.0,0.09,0.07,0.0,1.0,1.0,1,122562.0
32,5,0,0,0,1.0,1.0,0.01,0.06,0.0,1.0,1.0,1,86879.0
11,9,43,132,0,0.0,0.0,1.0,0.0,0.0,0.0,0.0,0,52726.0
41,9,516,4,0,0.0,0.0,1.0,0.0,0.0,0.0,0.0,0,24629.0
22,1,0,0,0,0.0,0.0,1.0,0.0,0.11,0.0,0.0,0,77105.0
13,9,8,0,0,0.0,0.0,1.0,0.0,0.26,0.0,0.0,1,100993.0
58,5,0,0,0,0.5,0.5,1.0,0.0,0.0,0.12,0.12,0,92840.0
4,5,0,0,0,1.0,1.0,0.01,0.05,0.0,0.99,1.0,1,27412.0
46,5,0,0,0,1.0,1.0,0.05,0.06,0.0,0.94,1.0,1,17024.0
22,9,232,2698,1,0.0,0.0,1.0,0.0,0.0,0.0,0.0,0,76221.0
22,9,197,1410,1,0.0,0.0,1.0,0.0,0.0,0.0,0.0,0,79345.0
22,9,213,10616,1,0.0,0.0,1.0,0.0,0.0,0.0,0.0,0,4973.0
51,9,2529,329,1,0.0,0.0,1.0,0.0,0.0,0.0,0.01,0,91997.0
19,9,59,0,1,0.0,0.0,1.0,0.0,0.0,0.0,0.0,0,124568.0
46,5,0,0,0,1.0,1.0,0.14,0.06,0.0,1.0,1.0,1,119125.0
22,9,247,1143,1,0.0,0.0,1.0,0.0,0.0,0.0,0.0,0,60230.0
41,1,0,0,0,0.13,0.0,0.0,1.0,0.0,0.11,0.0,1,14431.0
41,9,516,4,0,0.0,0.0,1.0,0.0,0.0,0.0,0.0,0,124208.0
2,5,0,0,0,1.0,1.0,0.02,0.07,0.0,1.0,1.0,1,90698.0
22,9,280,18884,1,0.0,0.0,1.0,0.0,0.01,0.0,0.01,0,80007.0
22,9,198,6503,1,0.0,0.0,1.0,0.0,0.06,0.0,0.0,0,30256.0
22,9,194,316,1,0.0,0.0,1.0,0.0,0.0,0.0,0.0,0,81127.0
51,5,0,0,0,0.5,0.5,1.0,0.0,0.0,0.01,0.05,0,40697.0
19,9,334,0,1,0.0,0.0,1.0,0.0,0.22,0.0,0.04,0,60653.0
11,9,37,118,0,0.0,0.0,1.0,0.0,0.0,0.0,0.0,0,71604.0
11,9,45,131,0,0.0,0.0,0.99,0.01,0.0,0.0,0.0,0,119985.0
19,9,245,0,1,0.0,0.0,1.0,0.0,0.0,0.0,0.0,0,91056.0
46,5,0,0,0,1.0,1.0,0.13,0.06,0.0,1.0,1.0,1,71157.0
46,9,1,0,0,0.0,0.0,1.0,0.0,0.0,0.13,0.0,1,107364.0
22,9,288,392,1,0.0,0.0,1.0,0.0,0.0,0.0,0.0,0,19295.0
46,5,0,0,0,1.0,1.0,0.08,0.06,0.0,1.0,1.0,1,68101.0
19,9,12,0,1,0.0,0.0,1.0,0.0,0.03,0.0,0.0,0,20082.0
46,1,0,0,0,0.0,0.0,1.0,0.0,0.0,0.0,0.0,1,77921.0
22,9,209,934,1,0.0,0.0,1.0,0.0,0.0,0.0,0.0,0,1812.0
51,9,837,335,1,0.0,0.0,1.0,0.0,0.02,0.0,0.0,0,14066.0
13,9,8,0,0,0.0,0.0,1.0,0.0,0.25,0.0,0.0,1,100423.0
22,9,336,3580,1,0.0,0.0,1.0,0.0,0.04,0.0,0.0,0,117177.0
41,1,0,0,0,0.06,0.0,0.0,1.0,0.0,0.08,0.0,1,97230.0
57,9,137,3084,1,0.0,0.0,1.0,0.0,1.0,0.0,0.0,0,29605.0
51,9,790,328,1,0.0,0.0,0.5,1.0,0.01,0.0,0.0,0,92768.0
51,9,2895,329,1,0.0,0.0,1.0,0.0,0.0,0.0,0.01,0,19104.0
22,1,0,0,0,0.0,0.0,1.0,0.0,0.22,0.0,0.0,0,55027.0
11,9,45,45,0,0.0,0.0,1.0,0.0,0.0,0.0,0.0,0,110010.0
27,1,0,0,0,0.06,0.0,0.01,1.0,0.0,0.03,0.0,1,76577.0
62,1,0,0,0,0.0,0.0,0.08,0.07,0.0,0.0,0.0,1,101226.0
46,1,0,0,0,0.0,0.0,0.12,0.07,0.0,0.0,0.0,1,105620.0
13,9,8,0,0,0.0,0.0,1.0,0.0,0.25,0.0,0.0,1,10840.0
22,9,343,609,1,0.0,0.0,1.0,0.0,0.0,0.0,0.0,0,32662.0
19,9,334,0,1,0.0,0.0,1.0,0.0,0.0,0.0,0.0,0,26406.0
22,9,203,910,1,0.0,0.0,1.0,0.0,0.01,0.0,0.0,0,96662.0
46,5,0,0,0,1.0,1.0,0.02,0.07,0.0,1.0,1.0,1,32873.0
46,5,0,0,0,1.0,1.0,0.11,0.06,0.0,1.0,1.0,1,46007.0
8,5,0,0,0,1.0,1.0,0.01,0.07,0.0,1.0,1.0,1,43394.0
46,5,0,0,0,1.0,1.0,0.02,0.06,0.0,1.0,1.0,1,92276.0
22,9,293,128,1,0.0,0.0,1.0,0.0,0.0,0.0,0.0,0,71727.0
11,9,45,127,0,0.0,0.0,1.0,0.0,0.0,0.0,0.0,0,76800.0
22,9,54540,8314,1,0.0,0.0,1.0,0.0,0.0,0.0,0.0,0,82756.0
16,5,0,0,0,1.0,1.0,0.12,0.06,0.0,1.0,1.0,1,18861.0
46,5,0,0,0,1.0,1.0,0.03,0.06,0.0,1.0,1.0,1,108012.0
22,9,205,367,1,0.0,0.0,1.0,0.0,0.02,0.0,0.0,0,112592.0
46,5,0,0,0,1.0,1.0,0.13,0.05,0.0,1.0,1.0,1,53845.0
17,5,0,0,0,1.0,1.0,0.32,0.11,0.0,1.0,1.0,1,35444.0
55,1,0,0,0,0.0,0.0,0.12,0.05,0.0,0.0,0.0,1,53622.0
22,1,0,0,0,0.0,0.0,0.02,0.07,0.0,0.0,0.0,1,22205.0
22,9,244,2724,1,0.0,0.0,1.0,0.0,0.02,0.0,0.0,0,56307.0
5,5,0,0,0,1.0,1.0,0.07,0.07,0.0,1.0,1.0,1,16609.0
22,9,223,317,1,0.0,0.0,1.0,0.0,0.0,0.0,0.0,0,34155.0
22,9,143,9567,1,0.0,0.0,1.0,0.0,0.02,0.0,0.0,0,108515.0
22,9,282,1553,1,0.0,0.0,1.0,0.0,0.03,0.0,0.01,0,46733.0
11,9,45,132,0,0.0,0.0,1.0,0.0,0.0,0.0,0.0,0,102654.0
22,9,225,1415,1,0.0,0.0,1.0,0.0,0.0,0.0,0.0,0,21406.0
22,9,181,8240,1,0.0,0.0,1.0,0.0,0.07,0.0,0.0,0,47461.0
57,5,0,0,0,1.0,1.0,0.07,0.05,0.0,1.0,1.0,1,26719.0
4,5,0,0,0,1.0,1.0,0.04,0.06,0.0,1.0,1.0,1,87697.0
11,9,45,110,0,0.0,0.0,1.0,0.0,0.0,0.0,0.0,0,103655.0
22,9,305,289,1,0.0,0.0,1.0,0.0,0.01,0.0,0.0,0,7281.0
46,4,1,0,0,0.0,0.0,1.0,0.0,0.0,0.0,0.0,1,112354.0
56,5,0,0,0,1.0,1.0,0.08,0.05,0.0,1.0,1.0,1,22761.0
11,9,33,0,0,0.0,0.0,0.5,1.0,0.1,0.0,0.0,0,102141.0
11,9,35,95,0,0.0,0.0,0.5,0.5,0.0,0.0,0.0,0,43644.0
46,5,0,0,0,1.0,1.0,0.12,0.06,0.0,1.0,1.0,1,116985.0
22,9,266,445,1,0.0,0.0,1.0,0.0,0.04,0.0,0.0,0,10288.0
51,9,1049,328,1,0.0,0.0,1.0,0.0,0.01,0.0,0.0,0,88830.0
9,5,0,0,0,1.0,1.0,0.14,0.07,0.0,1.0,1.0,1,13619.0
46,3,0,0,0,0.63,0.5,0.01,0.42,0.0,0.57,0.5,1,61139.0
46,9,28,0,0,0.0,0.0,1.0,0.0,0.0,0.02,0.0,1,105235.0
19,5,0,0,0,1.0,1.0,0.25,0.05,0.0,1.0,1.0,1,29880.0
19,9,11,0,1,0.0,0.0,1.0,0.0,0.05,0.08,0.0,0,115158.0
46,5,0,0,0,1.0,1.0,0.09,0.06,0.0,1.0,1.0,1,29758.0
22,9,307,1374,1,0.0,0.0,1.0,0.0,0.03,0.0,0.01,0,90370.0
19,9,63,0,1,0.99,0.0,0.01,0.06,0.0,0.78,0.0,0,98691.0
46,5,0,0,0,1.0,1.0,0.17,0.06,0.0,1.0,1.0,1,69874.0
22,1,0,0,0,0.0,0.0,1.0,0.0,0.06,0.0,0.0,0,28631.0
46,5,0,0,0,1.0,1.0,0.05,0.06,0.0,1.0,1.0,1,48512.0
60,9,183,0,0,0.0,0.0,0.5,1.0,0.0,0.0,0.0,0,86998.0
5,1,0,0,0,0.0,0.0,0.1,0.06,0.0,0.0,0.0,1,104699.0
22,9,345,1066,1,0.0,0.0,1.0,0.0,0.0,0.0,0.0,0,107727.0
13,9,8,0,0,0.0,0.0,1.0,0.0,0.51,0.0,0.0,1,69929.0
62,5,0,0,0,1.0,1.0,0.1,0.05,0.0,1.0,1.0,1,54525.0
41,9,146,105,0,0.0,0.0,1.0,0.0,0.0,0.0,0.0,0,25566.0
46,5,0,0,0,1.0,1.0,0.05,0.06,0.0,1.0,1.0,1,448.0
22,9,335,289,1,0.0,0.0,1.0,0.0,0.01,0.0,0.0,0,10876.0
51,9,815,385,1,0.0,0.0,1.0,0.0,0.0,0.71,0.0,0,113430.0
19,5,0,0,0,1.0,1.0,0.21,0.12,0.0,1.0,1.0,1,35468.0
22,9,309,1030,1,0.0,0.0,1.0,0.0,0.05,0.0,0.0,0,49944.0
46,5,0,0,0,0.06,1.0,0.0,1.0,0.0,0.08,1.0,1,54794.0
46,1,0,0,0,0.0,0.0,0.06,0.06,0.0,0.0,0.0,1,81518.0
14,9,1032,0,0,0.0,0.0,1.0,0.0,0.0,0.0,0.0,0,2378.0
22,2,0,0,1,0.0,0.0,1.0,0.0,0.0,0.0,0.0,0,51598.0
22,9,238,752,1,0.0,0.0,1.0,0.0,0.02,0.0,0.0,0,114894.0
46,5,0,0,0,1.0,1.0,0.01,0.06,0.0,1.0,1.0,1,39716.0
63,5,0,0,0,1.0,1.0,0.01,0.06,0.0,1.0,1.0,1,110194.0
11,9,44,134,0,0.0,0.0,1.0,0.0,0.0,0.0,0.0,0,5429.0
64,5,0,0,0,1.0,1.0,0.08,0.06,0.0,1.0,1.0,1,87402.0
11,9,44,129,0,0.0,0.0,0.98,0.03,0.0,0.0,0.0,0,93861.0
22,9,303,9882,1,0.0,0.0,1.0,0.0,0.06,0.07,0.0,0,68564.0
14,9,30,0,0,0.0,0.0,1.0,0.0,0.0,0.0,0.0,0,54668.0
19,9,59,0,1,0.0,0.0,1.0,0.0,0.05,0.11,0.0,0,31104.0
11,9,44,134,0,0.0,0.0,0.99,0.03,0.0,0.0,0.0,0,106789.0
46,5,0,0,0,1.0,1.0,0.07,0.06,0.0,1.0,1.0,1,27727.0
19,9,383,0,0,0.0,0.0,1.0,0.0,0.0,0.0,0.0,0,110713.0
3,5,0,0,0,1.0,1.0,0.06,0.05,0.0,1.0,1.0,1,91923.0
51,9,789,331,1,0.0,0.0,1.0,0.0,0.02,0.0,0.17,0,72465.0
58,5,0,0,0,1.0,1.0,0.02,0.06,0.0,1.0,1.0,1,50882.0
51,6,48,155,1,1.0,1.0,1.0,0.0,0.01,0.02,0.01,0,73228.0
22,9,227,295,1,0.0,0.0,1.0,0.0,0.02,0.0,0.0,0,26587.0
22,9,209,2181,1,0.0,0.0,1.0,0.0,0.14,0.0,0.0,0,70383.0
22,9,237,1178,1,0.0,0.0,1.0,0.0,0.02,0.0,0.0,0,118538.0
46,1,0,0,0,0.0,0.0,0.01,0.07,0.0,0.0,0.0,1,91905.0
51,9,2028,329,1,0.0,0.0,1.0,0.0,0.01,0.01,0.01,0,75635.0
46,5,0,0,0,1.0,1.0,0.13,0.05,0.0,1.0,1.0,1,30469.0
39,5,0,0,0,1.0,1.0,0.03,0.05,0.0,1.0,1.0,1,62686.0
46,5,0,0,0,1.0,1.0,0.07,0.1,0.0,1.0,1.0,1,67413.0
31,5,0,0,0,1.0,1.0,0.07,0.06,0.0,1.0,1.0,1,91021.0
18,5,0,0,0,1.0,1.0,0.05,0.06,0.0,1.0,1.0,1,88302.0
53,4,1,0,0,0.0,0.0,1.0,0.0,0.0,0.0,0.0,1,27073.0
46,5,0,0,0,1.0,1.0,0.06,0.06,0.0,1.0,1.0,1,85714.0
46,1,0,0,0,0.0,0.0,0.06,0.08,0.0,0.0,0.0,1,103343.0
11,9,45,70,0,0.0,0.0,1.0,0.0,0.0,0.0,0.0,0,23618.0
5,5,0,0,0,1.0,1.0,0.11,0.06,0.0,1.0,1.0,1,114333.0
22,1,0,0,0,0.0,0.0,1.0,0.0,0.08,0.01,0.0,0,19987.0
46,5,0,0,0,1.0,1.0,0.11,0.06,0.0,1.0,1.0,1,100358.0
46,3,0,0,0,0.68,0.5,0.01,0.39,0.0,0.45,0.5,1,27006.0
22,9,309,464,1,0.0,0.0,1.0,0.0,0.04,0.0,0.0,0,122638.0
4,5,0,0,0,1.0,1.0,0.05,0.06,0.0,1.0,1.0,1,89391.0
44,9,38,130,1,0.0,0.0,1.0,0.0,0.4,0.0,0.0,0,8538.0
2,5,0,0,0,1.0,1.0,0.1,0.06,0.0,1.0,1.0,1,58661.0
3,5,0,0,0,1.0,1.0,0.01,0.05,0.0,1.0,1.0,1,11832.0
19,9,246,0,1,0.0,0.0,1.0,0.0,0.1,0.0,0.0,0,73632.0
22,9,204,182,1,0.0,0.0,1.0,0.0,0.0,0.0,0.0,0,25072.0
22,9,295,10203,1,0.0,0.0,1.0,0.0,0.04,0.0,0.0,0,14021.0
11,9,44,80,0,0.0,0.0,1.0,0.0,0.0,0.0,0.0,0,112890.0
22,9,281,1695,1,0.0,0.0,1.0,0.0,0.07,0.0,0.0,0,55380.0
61,2,0,0,0,0.0,0.0,0.14,0.07,0.0,0.0,0.0,1,75200.0
11,9,46,72,0,0.0,0.0,1.0,0.0,0.0,0.0,0.0,0,46869.0
51,9,1164,376,1,0.0,0.0,1.0,0.0,0.01,0.0,0.0,0,95399.0
5,5,0,0,0,1.0,1.0,0.13,0.06,0.0,1.0,1.0,1,49592.0
19,5,0,0,0,1.0,1.0,0.2,0.05,0.0,1.0,1.0,1,9424.0
35,5,0,0,0,1.0,1.0,0.01,0.06,0.0,1.0,1.0,1,33931.0
22,9,292,6692,1,0.0,0.0,1.0,0.0,0.0,0.0,0.0,0,108042.0
19,9,334,0,1,0.0,0.0,1.0,0.0,0.25,0.0,0.0,0,121688.0
14,9,1032,0,0,0.0,0.0,1.0,0.0,0.0,0.0,0.0,0,92949.0
22,9,239,3606,1,0.0,0.0,1.0,0.0,0.0,0.0,0.0,0,103723.0
41,9,147,0,0,0.0,0.0,0.33,0.67,0.0,0.0,0.0,0,125186.0
41,9,1,0,0,0.0,0.0,0.07,0.5,0.0,0.0,0.0,1,112040.0
58,5,0,0,0,1.0,1.0,0.02,0.06,0.0,1.0,1.0,1,113832.0
46,5,0,0,0,1.0,1.0,0.0,0.07,0.0,1.0,1.0,1,121927.0
22,9,228,429,1,0.0,0.0,1.0,0.0,0.03,0.0,0.0,0,33615.0
22,9,181,11928,1,0.0,0.0,1.0,0.0,0.0,0.0,0.0,0,97156.0
22,9,274,313,1,0.0,0.0,1.0,0.0,0.02,0.0,0.0,0,125639.0
11,9,42,42,0,0.0,0.0,1.0,0.0,0.0,0.0,0.0,0,32469.0
22,9,217,2654,1,0.0,0.0,1.0,0.0,0.01,0.0,0.0,0,17454.0
46,5,0,0,0,1.0,1.0,0.13,0.05,0.0,1.0,1.0,1,63384.0
5,5,0,0,0,1.0,1.0,0.04,0.06,0.0,1.0,1.0,1,97124.0
19,9,960,0,1,0.0,0.0,1.0,0.0,0.03,0.0,0.0,0,83231.0
22,9,307,633,1,0.0,0.0,1.0,0.0,0.04,0.0,0.0,0,6893.0
22,9,304,1918,1,0.0,0.0,1.0,0.0,0.02,0.0,0.0,0,4218.0
57,5,0,0,0,1.0,1.0,0.5,0.05,0.0,1.0,1.0,1,109124.0
22,9,191,24971,1,0.0,0.0,1.0,0.0,0.03,0.0,0.0,0,107104.0
19,9,334,0,1,0.0,0.0,1.0,0.0,0.18,0.0,0.0,0,41073.0
8,5,0,0,0,1.0,1.0,0.06,0.06,0.0,1.0,1.0,1,47769.0
39,5,0,0,0,1.0,1.0,0.11,0.06,0.0,1.0,1.0,1,107774.0
51,9,607,325,1,0.0,0.0,1.0,0.0,0.0,0.0,0.0,0,13714.0
22,9,201,1828,1,0.0,0.0,1.0,0.0,0.01,0.0,0.0,0,71556.0
22,9,229,1359,1,0.0,0.0,1.0,0.0,0.01,0.0,0.0,0,111777.0
14,9,520,0,0,0.0,0.0,1.0,0.0,0.0,0.0,0.0,0,55051.0
22,9,271,389,1,0.0,0.0,1.0,0.0,0.01,0.02,0.02,0,10499.0
32,5,0,0,0,1.0,1.0,0.02,0.05,0.0,1.0,1.0,1,25346.0
46,5,0,0,0,1.0,1.0,0.02,0.07,0.0,1.0,1.0,1,88246.0
9,4,0,0,0,0.0,0.0,1.0,0.0,0.0,0.0,0.0,1,57995.0
25,5,0,0,0,1.0,1.0,0.04,0.06,0.0,1.0,1.0,1,119461.0
13,9,8,0,0,0.0,0.0,1.0,0.0,0.25,0.0,0.0,1,85823.0
22,9,344,28707,1,0.0,0.0,1.0,0.0,0.0,0.0,0.0,0,7550.0
14,9,1032,0,0,0.0,0.0,1.0,0.0,0.0,0.4,0.0,0,82272.0
19,9,334,0,1,0.0,0.0,1.0,0.0,0.17,0.0,0.0,0,46243.0
17,5,0,0,0,1.0,1.0,0.29,0.24,0.0,1.0,1.0,1,42257.0
22,9,285,30318,1,0.0,0.0,1.0,0.0,0.04,0.0,0.02,0,49383.0
22,9,201,803,1,0.33,0.33,1.0,0.0,0.04,0.03,0.0,0,29311.0
22,9,192,12560,1,0.0,0.0,1.0,0.0,0.06,0.0,0.0,0,84788.0
46,9,105,146,0,0.0,0.0,0.14,0.29,0.0,0.0,0.0,0,415.0
12,2,0,0,0,0.0,0.0,0.01,0.07,0.0,0.0,0.0,1,118221.0
22,9,334,3751,1,0.0,0.0,1.0,0.0,0.06,0.0,0.0,0,8351.0
46,5,0,0,0,1.0,1.0,0.0,0.06,0.0,1.0,1.0,1,68881.0
19,9,567,0,0,0.0,0.0,0.5,1.0,0.0,0.01,0.0,0,75554.0
22,9,210,2480,1,0.0,0.0,1.0,0.0,0.0,0.0,0.0,0,8997.0
13,9,8,0,0,0.0,0.0,1.0,0.0,0.56,0.0,0.0,1,9923.0
22,9,216,5847,1,0.0,0.0,1.0,0.0,0.04,0.0,0.01,0,63165.0
22,9,201,1880,1,0.0,0.0,1.0,0.0,0.01,0.0,0.0,0,77950.0
22,9,306,298,1,0.0,0.0,1.0,0.0,0.0,0.0,0.0,0,35037.0
22,9,284,9847,1,0.0,0.0,1.0,0.0,0.02,0.0,0.0,0,5155.0
46,5,0,0,0,1.0,1.0,0.04,0.06,0.0,1.0,1.0,1,23118.0
51,9,2235,451,1,0.0,0.0,1.0,0.0,0.02,0.0,0.01,0,113424.0
46,9,105,0,0,0.0,0.0,1.0,0.0,0.0,0.0,0.0,0,74577.0
11,9,33,89,0,0.0,0.0,1.0,0.0,0.0,0.0,0.0,0,76561.0
11,9,46,46,0,0.0,0.0,1.0,0.0,0.0,0.0,0.0,0,17436.0
46,5,0,0,0,1.0,1.0,0.12,0.06,0.0,1.0,1.0,1,43270.0
9,2,0,0,0,0.0,0.0,0.05,0.06,0.0,0.0,0.0,1,102085.0
54,5,0,0,0,1.0,1.0,0.07,0.05,0.0,1.0,1.0,1,21702.0
22,9,305,2160,1,0.0,0.0,1.0,0.0,0.01,0.0,0.0,0,32776.0
46,5,0,0,0,1.0,1.0,0.05,0.07,0.0,1.0,1.0,1,105076.0
63,5,0,0,0,1.0,1.0,0.08,0.04,0.0,1.0,1.0,1,22336.0
11,9,33,0,0,0.0,0.0,1.0,0.0,0.03,0.0,0.0,0,70700.0
11,9,45,132,0,0.0,0.0,1.0,0.0,0.0,0.0,0.0,0,62956.0
22,9,246,392,1,0.0,0.0,1.0,0.0,0.01,0.0,0.0,0,51230.0
11,9,45,114,0,0.0,0.0,1.0,0.0,0.0,0.0,0.0,0,122216.0
22,9,241,1383,1,0.0,0.0,1.0,0.0,0.02,0.0,0.04,0,58709.0
22,9,262,1762,1,0.0,0.0,1.0,0.0,0.09,0.0,0.01,0,98723.0
57,9,144,2281,1,0.0,0.0,1.0,0.0,0.0,0.44,0.12,0,55754.0
22,9,225,392,1,0.0,0.0,1.0,0.0,0.0,0.0,0.0,0,25925.0
22,9,209,8936,1,0.0,0.0,1.0,0.0,0.0,0.0,0.0,0,2785.0
22,9,313,1323,1,0.0,0.0,1.0,0.0,0.04,0.0,0.0,0,56531.0
46,1,0,0,0,0.0,0.0,0.08,0.07,0.0,0.0,0.0,1,90135.0
20,1,0,0,0,0.0,0.0,1.0,0.0,1.0,0.0,0.0,0,8688.0
63,5,0,0,0,1.0,1.0,0.05,0.05,0.0,1.0,1.0,1,112727.0
41,4,1,0,0,0.0,0.0,1.0,0.0,0.0,0.0,0.0,1,40112.0
22,9,211,9295,1,0.0,0.0,1.0,0.0,0.04,0.01,0.0,0,125715.0
51,9,780,332,1,0.0,0.0,1.0,0.0,0.01,0.0,0.0,0,89888.0
19,9,1010,0,1,0.0,0.0,1.0,0.0,0.0,0.0,0.0,0,98332.0
33,5,0,0,0,1.0,1.0,0.02,0.06,0.0,1.0,1.0,1,22362.0
6,5,0,0,0,1.0,1.0,0.08,0.07,0.0,1.0,1.0,1,43223.0
14,9,1032,0,0,0.0,0.0,1.0,0.0,0.0,0.0,0.0,0,52484.0
22,5,0,0,0,1.0,1.0,0.36,0.29,0.0,1.0,1.0,1,100578.0
46,1,0,0,0,0.06,0.0,0.0,1.0,0.0,0.09,0.0,1,106007.0
60,9,78,0,0,0.0,0.0,0.07,0.07,0.0,0.0,0.0,0,34020.0
22,9,312,1211,1,0.0,0.0,1.0,0.0,0.03,0.0,0.01,0,30878.0
11,9,45,45,0,0.0,0.0,1.0,0.0,0.0,0.0,0.0,0,70771.0
22,9,217,373,1,0.0,0.0,1.0,0.0,0.0,0.0,0.0,0,89095.0
33,1,0,0,0,0.0,0.0,0.02,0.08,0.0,0.0,0.0,1,52479.0
22,9,144,360,1,0.0,0.0,1.0,0.0,0.09,0.12,0.0,0,104730.0
22,9,295,27802,1,0.0,0.0,1.0,0.0,0.0,0.0,0.0,0,103372.0
22,9,212,938,1,0.0,0.0,1.0,0.0,0.05,0.03,0.0,0,12480.0
19,9,4753,0,1,0.0,0.0,1.0,0.0,0.02,0.0,0.01,0,107142.0
22,9,215,299,1,0.0,0.0,1.0,0.0,0.02,0.0,0.0,0,55634.0
22,9,202,16418,1,0.0,0.0,1.0,0.0,0.06,0.0,0.0,0,122044.0
22,9,185,8188,1,0.0,0.0,1.0,0.0,0.05,0.0,0.0,0,8091.0
64,1,0,0,0,0.0,0.0,0.03,0.06,0.0,0.0,0.0,1,102819.0
22,9,238,296,1,0.0,0.0,1.0,0.0,0.04,0.0,0.0,0,116975.0
22,9,194,1288,1,0.0,0.0,1.0,0.0,0.04,0.0,0.0,0,53424.0
22,9,326,9416,1,0.0,0.0,1.0,0.0,0.11,0.0,0.0,0,123882.0
19,9,11,0,1,0.0,0.0,1.0,0.0,0.04,0.06,0.0,0,73061.0
22,9,278,622,1,0.0,0.0,1.0,0.0,0.0,0.0,0.0,0,120831.0
22,9,188,4868,1,0.0,0.0,1.0,0.0,0.0,0.0,0.0,0,83876.0
46,9,105,147,0,0.0,0.0,1.0,0.0,0.0,0.0,0.0,0,87998.0
22,5,0,0,0,1.0,0.56,0.07,0.07,0.0,1.0,1.0,1,93702.0
22,9,221,3395,1,0.0,0.0,1.0,0.0,0.02,0.0,0.0,0,100673.0
14,9,1032,0,0,0.0,0.0,1.0,0.0,0.0,0.0,0.0,0,43065.0
38,5,0,0,0,1.0,1.0,0.16,0.06,0.0,1.0,1.0,1,29519.0
22,9,217,331,1,0.25,0.14,1.0,0.0,0.08,0.25,0.01,0,88792.0
57,2,0,0,0,0.0,0.0,0.13,0.05,0.0,0.0,0.0,1,59542.0
22,9,256,755,1,0.0,0.0,1.0,0.0,0.02,0.0,0.0,0,31683.0
15,5,0,0,0,1.0,1.0,0.14,0.05,0.0,1.0,1.0,1,95387.0
41,9,147,0,0,0.0,0.0,0.2,0.6,0.0,0.0,0.0,0,108392.0
38,5,0,0,0,1.0,1.0,0.18,0.07,0.0,1.0,1.0,1,97159.0
4,5,0,0,0,1.0,1.0,0.1,0.05,0.0,0.99,1.0,1,45031.0
22,1,0,0,0,0.0,0.0,1.0,0.0,0.01,0.0,0.0,0,32029.0
46,4,0,0,0,0.0,0.0,1.0,0.0,0.0,0.0,0.0,1,103609.0
46,5,0,0,0,1.0,1.0,0.11,0.06,0.0,1.0,1.0,1,36281.0
22,9,316,434,1,0.0,0.0,1.0,0.0,0.0,0.0,0.0,0,79301.0
17,9,7,223,0,0.0,0.0,1.0,0.0,0.13,0.0,0.07,0,59794.0
22,9,316,2698,1,0.0,0.0,1.0,0.0,0.0,0.0,0.0,0,56293.0
19,9,10389,0,1,0.0,0.0,1.0,0.0,0.04,0.0,0.0,0,61411.0
46,5,0,0,0,1.0,1.0,0.07,0.07,0.0,1.0,1.0,1,69548.0
13,9,8,0,0,0.0,0.0,1.0,0.0,0.5,0.0,0.0,1,17441.0
35,5,0,0,0,1.0,1.0,0.0,0.06,0.0,1.0,1.0,1,6365.0
56,5,0,0,0,1.0,1.0,0.06,0.05,0.0,1.0,1.0,1,111712.0
22,9,224,803,1,0.0,0.0,1.0,0.0,0.04,0.0,0.0,0,83755.0
51,9,1348,331,1,0.0,0.0,1.0,0.0,0.0,0.0,0.0,0,81921.0
11,9,44,113,0,0.0,0.0,1.0,0.0,0.0,0.0,0.0,0,122852.0
22,5,0,0,0,1.0,1.0,0.12,0.25,0.0,1.0,1.0,1,56877.0
22,9,190,2543,1,0.0,0.0,1.0,0.0,0.0,0.0,0.0,0,38281.0
17,5,0,0,0,1.0,1.0,0.25,0.07,0.0,1.0,1.0,1,100177.0
22,1,0,0,0,0.0,0.0,1.0,0.0,0.13,0.0,0.0,0,83213.0
46,9,1,0,0,0.0,0.0,0.8,0.13,0.0,0.03,0.0,1,3546.0
31,5,0,0,0,1.0,1.0,0.13,0.05,0.0,1.0,1.0,1,41538.0
41,9,146,105,0,0.0,0.0,1.0,0.0,0.0,0.0,0.0,0,111209.0
22,9,234,327,1,0.0,0.0,1.0,0.0,0.02,0.0,0.0,0,71536.0
11,9,44,44,0,0.0,0.0,1.0,0.0,0.0,0.0,0.0,0,47682.0
46,5,0,0,0,1.0,1.0,0.08,0.05,0.0,1.0,1.0,1,64699.0
21,5,0,0,0,1.0,1.0,0.04,0.08,0.0,1.0,1.0,1,91679.0
46,5,0,0,0,1.0,1.0,0.01,0.06,0.0,1.0,1.0,1,72743.0
22,9,223,369,1,0.0,0.0,1.0,0.0,0.0,0.0,0.0,0,46572.0
17,9,7,0,0,0.0,0.0,1.0,0.0,0.22,0.03,0.11,0,32059.0
22,9,292,7829,1,0.2,0.2,1.0,0.0,0.0,0.0,0.0,0,96268.0
45,5,0,0,0,1.0,1.0,0.13,0.06,0.0,1.0,1.0,1,89393.0
18,5,0,0,0,1.0,1.0,0.21,0.05,0.0,1.0,1.0,1,83250.0
22,9,294,18177,1,0.0,0.0,1.0,0.0,0.04,0.0,0.0,0,21888.0
22,9,212,4452,1,0.0,0.0,1.0,0.0,0.05,0.0,0.0,0,124668.0
51,9,1012,334,1,0.0,0.0,1.0,0.0,0.01,0.0,0.0,0,29006.0
46,5,0,0,0,1.0,1.0,0.09,0.06,0.0,1.0,1.0,1,123313.0
22,9,320,1638,1,0.0,0.0,1.0,0.0,0.02,0.0,0.0,0,70826.0
22,9,220,7662,1,0.0,0.0,1.0,0.0,0.03,0.0,0.0,0,85200.0
46,5,0,0,0,1.0,1.0,0.12,0.05,0.0,1.0,1.0,1,92053.0
19,9,567,0,1,0.0,0.0,1.0,0.0,0.05,0.0,0.02,0,16157.0
19,9,501760,0,0,0.0,0.0,1.0,0.0,0.03,0.0,0.0,0,54853.0
46,5,0,0,0,1.0,1.0,0.08,0.06,0.0,1.0,1.0,1,26404.0
39,5,0,0,0,1.0,1.0,0.01,0.05,0.0,1.0,1.0,1,63540.0
5,5,0,0,0,1.0,1.0,0.09,0.06,0.0,1.0,1.0,1,94016.0
46,1,0,0,0,0.0,0.0,1.0,0.0,0.0,0.0,0.0,1,81213.0
11,9,45,45,0,0.0,0.0,1.0,0.0,0.0,0.0,0.0,0,13287.0
11,9,34,0,0,0.0,0.0,1.0,0.0,0.0,0.0,0.0,0,113360.0
51,9,936,328,1,0.0,0.0,1.0,0.0,0.01,0.0,0.0,0,32572.0
46,5,0,0,0,1.0,1.0,0.04,0.07,0.0,1.0,1.0,1,27845.0
46,5,0,0,0,1.0,1.0,0.06,0.06,0.0,1.0,1.0,1,24843.0
11,9,44,44,0,0.0,0.0,1.0,0.0,0.0,0.0,0.0,0,74792.0
19,5,0,0,0,1.0,1.0,0.08,0.05,0.0,1.0,1.0,1,6204.0
46,1,0,0,0,0.0,0.0,0.09,0.06,0.0,0.0,0.0,1,97961.0
22,9,225,1972,1,0.0,0.0,1.0,0.0,0.04,0.0,0.0,0,3619.0
22,9,326,3508,1,0.0,0.0,1.0,0.0,0.02,0.0,0.0,0,41485.0
19,9,832,0,1,0.0,0.0,1.0,0.0,0.14,0.0,0.0,0,34220.0
13,9,8,0,0,0.0,0.0,1.0,0.0,0.58,0.0,0.0,1,102558.0
19,5,0,0,0,1.0,1.0,0.03,0.06,0.0,1.0,1.0,1,78493.0
57,9,1828,148722,1,0.0,0.0,1.0,0.0,0.0,0.0,0.0,0,405.0
46,4,0,0,0,0.0,0.0,1.0,0.0,0.0,0.0,0.0,1,3857.0
46,9,105,143,0,0.0,0.0,1.0,0.0,0.0,0.0,0.0,0,108882.0
41,9,147,0,0,0.0,0.0,0.33,0.67,0.0,0.0,0.0,0,11339.0
11,9,44,78,0,0.0,0.0,1.0,0.0,0.0,0.0,0.0,0,88516.0
22,9,237,801,1,0.0,0.0,1.0,0.0,0.02,0.0,0.0,0,66341.0
46,5,0,0,0,1.0,1.0,0.03,0.06,0.0,1.0,1.0,1,99306.0
22,9,238,1625,1,0.0,0.0,1.0,0.0,0.0,0.01,0.01,0,6428.0
14,9,520,0,0,0.0,0.0,1.0,0.0,0.0,0.0,0.0,0,31674.0
26,5,0,0,0,1.0,1.0,0.07,0.06,0.0,1.0,1.0,1,1355.0
46,4,1,0,0,0.0,0.0,1.0,0.0,0.0,0.0,0.0,1,12532.0
22,9,245,3553,1,0.0,0.0,1.0,0.0,0.03,0.0,0.0,0,70438.0
24,1,0,0,0,0.0,0.0,0.15,0.07,0.0,0.0,0.0,1,4545.0
32,5,0,0,0,1.0,1.0,0.07,0.06,0.0,1.0,1.0,1,1430.0
22,9,295,1810,1,0.0,0.0,1.0,0.0,0.0,0.0,0.0,0,72217.0
22,9,234,1191,1,0.0,0.0,1.0,0.0,0.06,0.0,0.0,0,52319.0
46,5,0,0,0,1.0,1.0,0.09,0.06,0.0,1.0,1.0,1,54728.0
46,1,0,0,0,0.0,0.0,0.2,0.09,0.0,0.0,0.0,1,113246.0
9,5,0,0,0,1.0,1.0,0.08,0.06,0.0,1.0,1.0,1,100069.0
22,9,293,3542,1,0.0,0.0,1.0,0.0,0.0,0.0,0.0,0,9439.0
13,9,8,0,0,0.0,0.0,1.0,0.0,0.51,0.0,0.0,1,109745.0
2,5,0,0,0,1.0,1.0,0.02,0.08,0.0,1.0,1.0,1,119307.0
57,5,0,0,0,1.0,1.0,0.23,0.18,0.0,1.0,1.0,1,43084.0
22,9,311,2271,1,0.0,0.0,1.0,0.0,0.04,0.0,0.0,0,8610.0
19,9,334,0,1,0.0,0.0,1.0,0.0,0.0,0.0,0.0,0,16649.0
56,1,0,0,0,0.0,0.0,0.07,0.07,0.0,0.0,0.0,1,97229.0
22,9,203,810,1,0.0,0.0,1.0,0.0,0.0,0.0,0.0,0,105998.0
11,9,43,69,0,0.0,0.0,1.0,0.0,0.0,0.0,0.0,0,43614.0
4,5,0,0,0,1.0,1.0,0.01,0.05,0.0,1.0,1.0,1,22611.0
46,5,0,0,0,1.0,1.0,0.07,0.06,0.0,1.0,1.0,1,44873.0
10,5,0,0,0,1.0,1.0,0.06,0.06,0.0,1.0,1.0,1,54048.0
53,5,0,0,0,1.0,1.0,0.07,0.06,0.0,1.0,1.0,1,72460.0
22,9,269,285,1,0.0,0.0,1.0,0.0,0.0,0.0,0.0,0,20161.0
22,9,54540,8314,1,0.0,0.0,1.0,0.0,0.0,0.0,0.0,0,116278.0
46,9,105,146,0,0.0,0.0,1.0,0.0,0.0,0.0,0.0,0,68182.0
16,5,0,0,0,1.0,1.0,0.15,0.05,0.0,1.0,1.0,1,117896.0
57,5,0,0,0,1.0,1.0,0.27,0.13,0.0,1.0,1.0,1,3215.0
46,5,0,0,0,1.0,1.0,0.1,0.05,0.0,1.0,1.0,1,67592.0
13,9,8,0,0,0.0,0.0,1.0,0.0,0.27,0.0,0.0,1,22567.0
58,5,0,0,0,1.0,1.0,0.04,0.05,0.0,1.0,1.0,1,104443.0
14,9,520,0,0,0.0,0.0,1.0,0.0,0.0,0.0,0.0,0,103109.0
51,9,648,333,1,0.0,0.0,1.0,0.0,0.02,0.0,0.0,0,102208.0
22,1,0,0,0,0.0,0.0,1.0,0.0,0.13,0.0,0.01,0,102014.0
11,9,43,68,0,0.0,0.0,1.0,0.01,0.0,0.0,0.0,0,13525.0
19,9,334,0,1,0.0,0.0,1.0,0.0,0.14,0.0,0.0,0,118570.0
13,9,18,0,0,0.0,0.0,1.0,0.0,1.0,0.0,0.0,1,71065.0
19,9,59,0,1,0.0,0.0,1.0,0.0,0.0,0.01,0.01,0,114152.0
22,9,186,4841,1,0.0,0.0,1.0,0.0,0.03,0.0,0.0,0,6981.0
46,5,0,0,0,1.0,1.0,0.07,0.06,0.0,1.0,1.0,1,90788.0
13,9,8,0,0,0.0,0.0,1.0,0.0,0.51,0.0,0.0,1,70901.0
41,9,146,105,0,0.0,0.0,1.0,0.0,0.0,0.0,0.0,0,77806.0
46,5,0,0,0,1.0,1.0,0.05,0.11,0.0,1.0,1.0,1,41627.0
22,9,307,1510,1,0.0,0.0,1.0,0.0,0.01,0.0,0.0,0,111573.0
11,9,44,79,0,0.0,0.0,1.0,0.0,0.0,0.0,0.0,0,28145.0
32,5,0,0,0,1.0,1.0,0.07,0.09,0.0,1.0,1.0,1,72557.0
5,1,0,0,0,0.0,0.0,0.06,0.07,0.0,0.0,0.0,1,86381.0
22,9,157,1374,1,0.0,0.0,1.0,0.0,0.04,0.0,0.02,0,82623.0
57,2,0,0,0,0.0,0.0,0.08,0.06,0.0,0.0,0.0,1,17760.0
19,9,7673,0,1,0.0,0.0,1.0,0.0,0.25,0.0,0.0,0,37930.0
22,9,227,8521,1,0.0,0.0,1.0,0.0,0.05,0.0,0.0,0,107412.0
11,9,45,74,0,0.0,0.0,1.0,0.0,0.0,0.0,0.0,0,74229.0
22,1,0,0,0,0.0,0.0,1.0,0.0,0.07,0.0,0.0,0,40776.0
41,9,147,105,0,0.0,0.0,1.0,0.0,0.0,0.0,0.0,0,76570.0
14,9,520,0,0,0.0,0.0,1.0,0.0,0.0,0.0,0.0,0,62668.0
22,1,0,0,0,0.0,0.0,1.0,0.0,0.25,0.0,0.0,0,19770.0
31,5,0,0,0,1.0,1.0,0.07,0.05,0.0,1.0,1.0,1,20070.0
22,9,185,4841,1,0.0,0.0,1.0,0.0,0.07,0.0,0.0,0,33594.0
11,9,43,126,0,0.0,0.0,1.0,0.0,0.0,0.0,0.0,0,79214.0
20,5,0,0,0,1.0,1.0,0.02,0.06,0.0,1.0,1.0,1,104072.0
22,9,222,278,1,0.0,0.0,1.0,0.0,0.15,0.0,0.0,0,9681.0
46,4,0,0,0,0.0,0.0,1.0,0.0,0.0,0.0,0.0,1,38791.0
40,9,48,48,0,0.0,0.0,1.0,0.0,0.0,0.0,0.0,0,33570.0
7,5,0,0,0,1.0,1.0,0.05,0.07,0.0,1.0,1.0,1,19835.0
14,9,1032,0,0,0.0,0.0,1.0,0.0,0.0,0.0,0.0,0,79358.0
22,9,204,269,1,0.0,0.0,1.0,0.0,0.02,0.0,0.0,0,1403.0
44,9,38,130,1,0.0,0.0,1.0,0.0,0.5,0.0,0.0,0,16203.0
8,5,0,0,0,1.0,1.0,0.03,0.05,0.0,1.0,1.0,1,119869.0
46,1,0,0,0,0.06,0.0,0.0,1.0,0.0,0.08,0.0,1,91920.0
22,9,179,118,1,0.0,0.0,1.0,0.0,0.02,0.0,0.0,0,86204.0
46,9,1,0,0,0.0,0.0,1.0,0.0,0.0,0.04,0.0,1,59815.0
14,9,1032,0,0,0.0,0.0,1.0,0.0,0.0,0.0,0.0,0,78567.0
57,9,171,14693,1,0.0,0.0,1.0,0.0,1.0,0.0,0.0,0,42555.0
14,9,1032,0,0,0.0,0.0,1.0,0.0,0.0,0.01,0.0,0,60978.0
22,9,289,10862,1,0.0,0.0,1.0,0.0,0.0,0.0,0.0,0,86414.0
41,9,516,4,0,0.0,0.0,1.0,0.0,0.0,0.0,0.0,0,108946.0
46,5,0,0,0,1.0,1.0,0.02,0.07,0.0,1.0,1.0,1,61377.0
25,5,0,0,0,1.0,1.0,0.07,0.07,0.0,1.0,1.0,1,78324.0
22,9,206,1214,1,0.0,0.0,1.0,0.0,0.0,0.0,0.0,0,17494.0
32,5,0,0,0,1.0,1.0,0.1,0.05,0.0,1.0,1.0,1,79387.0
2,5,0,0,0,1.0,1.0,0.06,0.06,0.0,1.0,1.0,1,75215.0
51,9,1908,335,1,0.0,0.0,1.0,0.0,0.01,0.0,0.0,0,21140.0
46,9,28,0,0,0.0,0.0,1.0,0.0,0.0,0.09,0.0,1,14547.0
28,5,0,0,0,1.0,1.0,0.43,0.11,0.0,1.0,1.0,1,120505.0
22,9,232,14236,1,0.0,0.0,1.0,0.0,0.02,0.0,0.0,0,22475.0
22,9,269,944,1,0.0,0.0,1.0,0.0,0.0,0.0,0.0,0,43427.0
22,9,333,188,1,0.0,0.0,1.0,0.0,0.03,0.0,0.0,0,121797.0
11,9,45,77,0,0.0,0.0,1.0,0.0,0.0,0.0,0.0,0,8569.0
57,5,0,0,0,1.0,1.0,0.09,0.06,0.0,1.0,1.0,1,8996.0
22,9,247,2495,1,0.0,0.0,1.0,0.0,0.02,0.0,0.0,0,1856.0
11,9,43,43,0,0.0,0.0,1.0,0.0,0.0,0.0,0.0,0,33665.0
22,9,243,3446,1,0.0,0.0,1.0,0.0,0.0,0.0,0.0,0,38171.0
22,9,272,3373,1,0.0,0.0,1.0,0.0,0.03,0.0,0.0,0,6611.0
11,9,44,44,0,0.0,0.0,1.0,0.0,0.0,0.0,0.0,0,6406.0
22,9,239,336,1,0.0,0.0,1.0,0.0,0.0,0.0,0.0,0,75911.0
4,1,0,0,0,0.0,0.0,0.1,0.08,0.0,0.0,0.0,1,43768.0
46,5,0,0,0,1.0,1.0,0.02,0.06,0.0,1.0,1.0,1,79820.0
22,9,305,6622,1,0.0,0.0,1.0,0.0,0.01,0.0,0.0,0,111433.0
60,9,183,0,0,0.0,0.0,0.5,1.0,0.0,0.0,0.0,0,26365.0
22,9,237,3381,1,0.0,0.0,1.0,0.0,0.04,0.0,0.0,0,6274.0
46,5,0,0,0,1.0,1.0,0.07,0.06,0.0,1.0,1.0,1,68680.0
22,9,227,1719,1,0.0,0.0,1.0,0.0,0.0,0.0,0.0,0,117136.0
22,9,208,60516,1,0.0,0.0,1.0,0.0,0.0,0.0,0.0,0,118798.0
22,9,200,2498,1,0.0,0.0,1.0,0.0,0.02,0.0,0.0,0,4754.0
51,9,738,334,1,0.0,0.0,1.0,0.0,0.02,0.0,0.0,0,107231.0
41,9,145,105,0,0.0,0.0,1.0,0.0,0.0,0.0,0.0,0,24049.0
22,9,324,8676,1,0.0,0.0,1.0,0.0,0.02,0.0,0.0,0,108762.0
22,9,189,128,1,0.0,0.0,1.0,0.0,0.02,0.0,0.0,0,65243.0
46,5,0,0,0,1.0,1.0,0.03,0.06,0.0,1.0,1.0,1,38600.0
62,5,0,0,0,1.0,1.0,0.03,0.05,0.0,1.0,1.0,1,29337.0
22,9,232,885,1,0.0,0.0,1.0,0.0,0.05,0.0,0.0,0,37103.0
22,9,347,362,1,0.0,0.0,1.0,0.0,0.0,0.0,0.0,0,5587.0
22,9,199,474,1,0.0,0.0,1.0,0.0,0.02,0.0,0.0,0,33247.0
22,9,296,14299,1,0.0,0.0,1.0,0.0,0.04,0.0,0.0,0,17261.0
8,2,0,0,0,0.0,0.0,0.01,0.06,0.0,0.0,0.0,1,34322.0
22,9,234,7355,1,0.0,0.0,1.0,0.0,0.0,0.0,0.0,0,40162.0
46,10,0,0,0,1.0,1.0,1.0,0.0,0.0,0.96,1.0,1,121200.0
46,5,0,0,0,1.0,1.0,0.06,0.06,0.0,1.0,1.0,1,34417.0
4,5,0,0,0,1.0,1.0,0.09,0.05,0.0,0.99,1.0,1,75359.0
46,5,0,0,0,1.0,1.0,0.12,0.07,0.0,1.0,1.0,1,82479.0
11,9,29,0,0,0.0,0.0,1.0,0.0,0.04,0.0,0.0,0,65068.0
46,9,207,0,0,0.0,0.0,1.0,0.0,0.0,0.0,0.0,0,79613.0
22,9,191,885,1,0.0,0.0,1.0,0.0,0.02,0.0,0.0,0,53883.0
22,9,314,321,1,0.0,0.0,1.0,0.0,0.04,0.0,0.0,0,106846.0
57,2,0,0,0,0.0,0.0,0.07,0.07,0.0,0.0,0.0,1,93599.0
11,9,46,46,0,0.0,0.0,1.0,0.0,0.0,0.0,0.0,0,13569.0
46,5,0,0,0,1.0,1.0,0.11,0.06,0.0,1.0,1.0,1,10626.0
11,9,46,130,0,0.0,0.0,1.0,0.0,0.0,0.0,0.0,0,54512.0
46,1,0,0,0,0.0,0.0,0.01,0.06,0.0,0.0,0.0,1,93816.0
26,5,0,0,0,1.0,1.0,0.05,0.06,0.0,1.0,1.0,1,35737.0
33,1,0,0,0,0.0,0.0,0.07,0.06,0.0,0.0,0.0,1,74940.0
57,5,0,0,0,1.0,1.0,0.22,0.11,0.0,1.0,1.0,1,10913.0
8,1,0,0,0,0.0,0.0,0.07,0.53,0.0,0.01,0.0,1,113240.0
22,9,189,345,1,0.0,0.0,1.0,0.0,0.01,0.0,0.0,0,29112.0
51,9,1296,437,1,0.0,0.0,1.0,0.0,0.0,0.0,0.0,0,124659.0
22,9,302,2698,1,0.0,0.0,1.0,0.0,0.0,0.0,0.0,0,68131.0
51,9,1483,281,1,0.0,0.0,1.0,0.0,0.0,0.0,0.0,0,78245.0
58,5,0,0,0,1.0,1.0,0.04,0.05,0.0,1.0,1.0,1,57931.0
15,5,0,0,0,1.0,1.0,0.12,0.06,0.0,1.0,1.0,1,109448.0
51,9,1056,282,1,0.0,0.0,1.0,0.0,0.0,0.0,0.0,0,102739.0
46,5,0,0,0,1.0,1.0,0.04,0.06,0.0,1.0,1.0,1,120881.0
14,9,520,0,0,0.0,0.0,1.0,0.0,0.0,0.0,0.0,0,30655.0
4,5,0,0,0,1.0,1.0,0.02,0.07,0.0,1.0,1.0,1,97226.0
22,9,263,3112,1,0.0,0.0,1.0,0.0,0.0,0.0,0.0,0,35854.0
51,9,1089,326,1,0.0,0.0,1.0,0.0,0.02,0.01,0.02,0,26786.0
22,9,260,337,1,0.0,0.0,1.0,0.0,0.0,0.0,0.0,0,74783.0
19,9,16787,0,0,0.0,0.0,1.0,0.0,0.0,0.0,0.0,0,49480.0
13,9,8,0,0,0.0,0.0,1.0,0.0,0.25,0.0,0.0,1,28920.0
22,9,227,544,1,0.0,0.0,1.0,0.0,0.07,0.0,0.0,0,122719.0
24,5,0,0,0,1.0,1.0,0.13,0.05,0.0,1.0,1.0,1,33037.0
22,9,173,8615,1,0.0,0.0,1.0,0.0,0.0,0.0,0.0,0,69451.0
22,9,235,434,1,0.0,0.0,1.0,0.0,0.0,0.0,0.0,0,105922.0
19,9,35195,0,0,0.0,0.0,1.0,0.0,0.0,0.0,0.0,0,118216.0
14,9,520,0,0,0.0,0.0,1.0,0.0,0.0,0.0,0.0,0,59858.0
19,9,334,0,1,0.0,0.0,1.0,0.0,0.4,0.0,0.0,0,111510.0
63,5,0,0,0,1.0,1.0,0.03,0.05,0.0,1.0,1.0,1,99648.0
46,1,0,0,0,0.0,0.0,0.06,0.08,0.0,0.0,0.0,1,116621.0
20,1,0,0,0,0.0,0.0,0.11,0.06,0.0,0.0,0.0,1,9236.0
22,1,0,0,0,0.0,0.0,1.0,0.0,0.09,0.0,0.0,0,94707.0
22,9,202,4841,1,0.0,0.0,1.0,0.0,0.03,0.0,0.0,0,111639.0
40,9,48,48,0,0.0,0.0,1.0,0.0,0.0,0.0,0.0,0,74621.0
46,5,0,0,0,1.0,1.0,0.07,0.05,0.0,1.0,1.0,1,119820.0
19,9,334,0,1,0.0,0.0,1.0,0.0,0.2,0.0,0.0,0,20889.0
11,9,43,81,0,0.0,0.0,1.0,0.0,0.0,0.0,0.0,0,30882.0
27,5,0,0,0,1.0,1.0,0.36,0.05,0.0,1.0,1.0,1,13425.0
22,9,216,2411,1,0.0,0.0,1.0,0.0,0.0,0.0,0.0,0,121623.0
41,1,0,0,0,0.22,0.0,0.0,1.0,0.0,0.17,0.0,1,32060.0
22,9,248,255,1,0.0,0.0,1.0,0.0,0.02,0.0,0.0,0,90940.0
57,5,0,0,0,1.0,1.0,0.59,0.12,0.0,1.0,1.0,1,79271.0
57,9,176,3335,1,0.0,0.0,1.0,0.0,0.0,0.0,0.0,0,38866.0
39,5,0,0,0,1.0,1.0,0.06,0.06,0.0,1.0,1.0,1,119777.0
19,9,334,0,1,0.0,0.0,1.0,0.0,0.3,0.0,0.0,0,116124.0
22,9,223,343,1,0.0,0.0,1.0,0.0,0.01,0.0,0.0,0,117885.0
22,1,0,0,0,0.0,0.0,1.0,0.0,0.05,0.01,0.01,0,51517.0
57,9,104,2689,1,0.0,0.0,1.0,0.0,0.0,0.0,0.0,0,54164.0
22,9,314,1528,1,0.0,0.0,1.0,0.0,0.0,0.0,0.0,0,87169.0
22,9,305,2698,1,0.0,0.0,1.0,0.0,0.0,0.0,0.0,0,50791.0
22,9,296,702,1,0.0,0.0,1.0,0.0,0.0,0.0,0.0,0,45544.0
13,9,8,0,0,0.0,0.0,1.0,0.0,0.51,0.0,0.0,1,70335.0
2,1,0,0,0,0.0,0.0,0.02,0.08,0.0,0.0,0.0,1,57880.0
46,5,0,0,0,1.0,1.0,0.09,0.08,0.0,1.0,1.0,1,16313.0
46,1,0,0,0,0.0,0.0,0.13,0.06,0.0,0.0,0.0,1,104185.0
41,9,147,105,0,0.0,0.0,0.5,0.5,0.0,0.0,0.0,0,100153.0
22,9,218,9347,1,0.0,0.0,1.0,0.0,0.02,0.0,0.0,0,27479.0
13,9,8,0,0,0.0,0.0,1.0,0.0,0.25,0.0,0.0,1,114565.0
22,9,307,14616,1,0.0,0.0,1.0,0.0,0.0,0.01,0.01,0,109042.0
13,9,8,0,0,0.0,0.0,1.0,0.0,0.5,0.0,0.0,1,118374.0
22,9,232,1423,1,0.0,0.0,1.0,0.0,0.01,0.0,0.0,0,104978.0
22,9,349,402,1,0.0,0.0,1.0,0.0,0.05,0.0,0.0,0,107475.0
41,9,5,0,0,0.0,0.0,0.01,0.01,0.0,0.0,0.0,1,124832.0
46,5,0,0,0,1.0,1.0,0.01,0.07,0.0,1.0,1.0,1,75400.0
41,9,147,0,0,0.0,0.0,0.33,0.67,0.0,0.0,0.0,0,32945.0
22,9,144,2700,1,0.0,0.0,1.0,0.0,0.03,0.0,0.0,0,75339.0
22,9,310,1565,1,0.0,0.0,1.0,0.0,0.0,0.0,0.0,0,46389.0
51,9,108,407,1,0.0,0.0,1.0,0.0,0.0,0.0,0.0,0,120261.0
46,5,0,0,0,1.0,1.0,0.06,0.06,0.0,1.0,1.0,1,22319.0
41,4,1,0,0,0.0,0.0,1.0,0.0,0.0,0.0,0.0,1,120491.0
46,4,0,0,0,0.0,0.0,1.0,0.0,0.0,0.0,0.0,1,110234.0
22,1,0,0,0,0.0,0.0,0.02,0.07,0.0,0.0,0.0,1,15894.0
11,9,42,42,0,0.0,0.0,1.0,0.0,0.0,0.0,0.0,0,108146.0
41,9,1,0,0,0.0,0.0,0.11,0.5,0.0,0.0,0.0,1,124834.0
6,5,0,0,0,0.99,1.0,0.02,0.1,0.0,1.0,1.0,1,44165.0
13,9,30,0,0,0.0,0.0,1.0,0.0,0.21,0.0,0.0,0,114462.0
46,1,0,0,0,0.03,0.0,0.03,1.0,0.0,0.0,0.0,1,59332.0
19,5,0,0,0,1.0,1.0,0.16,0.11,0.0,1.0,1.0,1,1263.0
46,5,0,0,0,1.0,1.0,0.13,0.05,0.0,1.0,1.0,1,88470.0
14,9,1032,0,0,0.0,0.0,1.0,0.0,0.0,0.01,0.0,0,42314.0
11,9,44,71,0,0.0,0.0,0.99,0.02,0.0,0.0,0.0,0,94739.0
41,4,1,0,0,0.0,0.0,1.0,0.0,0.0,0.0,0.0,1,92631.0
22,9,305,2698,1,0.0,0.0,1.0,0.0,0.0,0.0,0.0,0,950.0
41,1,0,0,0,0.1,0.0,0.0,1.0,0.0,0.09,0.0,1,78962.0
60,9,183,0,0,0.0,0.0,0.5,1.0,0.0,0.0,0.0,0,98837.0
22,9,211,3592,1,0.0,0.0,1.0,0.0,0.0,0.0,0.0,0,61090.0
46,5,0,0,0,1.0,1.0,0.03,0.06,0.0,1.0,1.0,1,72467.0
57,5,0,0,0,1.0,1.0,0.21,0.09,0.0,1.0,1.0,1,58792.0
13,9,8,0,0,0.0,0.0,1.0,0.0,0.67,0.0,0.0,1,74268.0
37,5,0,0,0,1.0,1.0,0.06,0.06,0.0,1.0,1.0,1,75048.0
51,9,965,326,1,0.0,0.0,1.0,0.0,0.01,0.0,0.0,0,113673.0
22,9,297,1334,1,0.0,0.0,1.0,0.0,0.02,0.0,0.0,0,61470.0
46,5,0,0,0,1.0,1.0,0.01,0.06,0.0,1.0,1.0,1,50168.0
46,5,0,0,0,1.0,1.0,0.13,0.06,0.0,1.0,1.0,1,114590.0
51,9,0,82,1,0.0,0.0,1.0,0.0,0.03,0.0,0.0,1,81772.0
46,5,0,0,0,1.0,1.0,0.07,0.06,0.0,1.0,1.0,1,15508.0
22,9,181,5929,1,0.0,0.0,1.0,0.0,0.1,0.0,0.0,0,26270.0
41,9,516,4,0,0.0,0.0,1.0,0.0,0.0,0.0,0.0,0,71635.0
22,9,240,2446,1,0.0,0.0,1.0,0.0,0.0,0.0,0.0,0,3852.0
22,9,331,7714,1,0.0,0.0,1.0,0.0,0.04,0.0,0.0,0,115651.0
0,4,2019,10023,1,0.0,0.0,1.0,0.0,0.0,0.13,0.29,0,98248.0
17,5,0,0,0,1.0,1.0,0.53,0.06,0.0,1.0,1.0,1,35676.0
46,5,0,0,0,1.0,1.0,0.09,0.05,0.0,1.0,1.0,1,75766.0
22,1,0,0,0,0.0,0.0,1.0,0.0,0.03,0.0,0.0,0,91321.0
11,9,42,42,0,0.0,0.0,1.0,0.0,0.0,0.0,0.0,0,66320.0
37,5,0,0,0,1.0,1.0,0.0,0.06,0.0,1.0,1.0,1,13640.0
11,9,44,114,0,0.0,0.0,1.0,0.0,0.0,0.0,0.0,0,119466.0
22,9,212,917,1,0.0,0.0,1.0,0.0,0.02,0.0,0.0,0,10764.0
29,1,0,0,0,0.0,0.0,0.04,0.06,0.0,0.0,0.0,1,47604.0
63,1,0,0,0,0.0,0.0,0.08,0.06,0.0,0.0,0.0,1,32441.0
20,1,0,0,0,0.0,0.0,0.03,0.07,0.0,0.0,0.0,1,53336.0
22,9,208,2568,1,0.0,0.0,1.0,0.0,0.01,0.0,0.0,0,89439.0
22,9,360,821,1,0.0,0.0,1.0,0.0,0.0,0.0,0.0,0,62862.0
57,5,0,0,0,1.0,1.0,0.35,0.13,0.0,1.0,1.0,1,56168.0
62,5,0,0,0,1.0,1.0,0.05,0.05,0.0,1.0,1.0,1,51485.0
51,9,2839,333,1,0.0,0.0,1.0,0.0,0.01,0.0,0.0,0,113779.0
22,9,14588,118,1,0.0,0.0,1.0,0.0,0.07,0.0,0.01,0,85769.0
22,9,217,32815,1,0.0,0.0,1.0,0.0,0.02,0.0,0.0,0,102537.0
46,1,0,0,0,0.11,0.0,0.0,1.0,0.0,0.1,0.0,1,94902.0
22,9,214,1047,1,0.0,0.0,1.0,0.0,0.06,0.0,0.0,0,22523.0
19,9,10073,0,1,0.0,0.0,1.0,0.0,0.03,0.0,0.0,0,75579.0
22,9,255,35916,1,0.0,0.0,1.0,0.0,0.0,0.0,0.0,0,41210.0
46,5,0,0,0,1.0,1.0,0.02,0.06,0.0,1.0,1.0,1,30415.0
22,9,307,1582,1,0.0,0.0,1.0,0.0,0.03,0.0,0.0,0,75058.0
55,5,0,0,0,1.0,1.0,0.07,0.06,0.0,1.0,1.0,1,85590.0
22,9,235,608,1,0.0,0.0,1.0,0.0,0.05,0.0,0.0,0,114750.0
13,9,8,0,0,0.0,0.0,1.0,0.0,0.52,0.0,0.0,1,35613.0
46,9,1,0,0,0.0,0.0,1.0,0.0,0.0,0.0,0.0,1,36469.0
46,1,0,0,0,0.11,0.0,0.02,1.0,0.0,0.03,0.0,1,8184.0
46,1,0,0,0,0.0,0.0,0.0,0.52,0.0,0.0,0.0,1,14115.0
22,9,275,1102,1,0.0,0.0,1.0,0.0,0.0,0.0,0.0,0,94483.0
31,5,0,0,0,1.0,1.0,0.1,0.06,0.0,1.0,1.0,1,107848.0
22,5,0,0,0,1.0,1.0,0.03,0.06,0.0,1.0,1.0,1,17899.0
22,9,330,13029,1,0.0,0.0,1.0,0.0,0.03,0.0,0.0,0,93582.0
11,9,43,126,0,0.0,0.0,1.0,0.0,0.01,0.0,0.0,0,18484.0
22,9,282,626,1,0.0,0.0,1.0,0.0,0.03,0.0,0.0,0,107646.0
22,9,300,1380,1,0.0,0.0,1.0,0.0,0.0,0.0,0.0,0,19815.0
14,9,1032,0,0,0.0,0.0,1.0,0.0,0.0,0.0,0.0,0,90888.0
22,9,303,480,1,0.0,0.0,1.0,0.0,0.01,0.0,0.0,0,124221.0
17,5,0,0,0,1.0,1.0,0.31,0.12,0.0,1.0,1.0,1,76287.0
22,9,267,2544,1,0.0,0.0,1.0,0.0,0.0,0.0,0.0,0,82667.0
19,9,832,0,1,0.0,0.0,1.0,0.0,0.12,0.33,0.02,0,101703.0
11,9,44,110,0,0.0,0.0,1.0,0.0,0.0,0.0,0.0,0,95580.0
46,5,0,0,0,1.0,1.0,0.04,0.09,0.0,1.0,1.0,1,72052.0
57,5,0,0,0,0.96,1.0,0.24,0.12,0.0,1.0,1.0,1,2249.0
9,5,0,0,0,1.0,1.0,0.0,0.07,0.0,1.0,1.0,1,81420.0
19,9,1376,0,1,0.0,0.0,1.0,0.0,0.0,0.0,0.0,0,78239.0
22,9,303,3404,1,0.0,0.0,1.0,0.0,0.05,0.0,0.0,0,78019.0
14,9,1032,0,0,0.0,0.0,1.0,0.0,0.0,0.0,0.0,0,16084.0
21,5,0,0,0,1.0,1.0,0.07,0.05,0.0,1.0,1.0,1,1999.0
22,9,229,1173,1,0.0,0.0,1.0,0.0,0.03,0.0,0.0,0,94876.0
24,5,0,0,0,1.0,1.0,0.17,0.06,0.0,1.0,1.0,1,43122.0
11,9,46,78,0,0.0,0.0,0.99,0.02,0.0,0.0,0.0,0,115176.0
51,5,0,0,0,0.5,0.5,1.0,0.0,0.01,0.01,0.01,0,87651.0
51,5,0,0,0,1.0,1.0,0.01,0.06,0.0,1.0,1.0,1,118755.0
22,9,218,2034,1,0.0,0.0,1.0,0.0,0.04,0.0,0.0,0,71377.0
22,9,287,181,1,0.0,0.0,1.0,0.0,0.0,0.0,0.0,0,95965.0
14,9,1032,0,0,0.0,0.0,1.0,0.0,0.0,0.0,0.0,0,100397.0
46,1,0,0,0,0.0,0.0,0.04,0.06,0.0,0.0,0.0,1,19001.0
22,9,234,313,1,0.0,0.0,1.0,0.0,0.03,0.0,0.0,0,79710.0
22,1,0,0,0,0.0,0.0,1.0,0.0,0.05,0.0,0.0,0,60673.0
51,9,1291,389,1,0.0,0.0,1.0,0.0,0.01,0.0,0.0,0,49764.0
11,9,45,134,0,0.0,0.0,0.99,0.03,0.0,0.0,0.0,0,90119.0
17,9,5,135,0,0.0,0.0,1.0,0.0,0.0,0.0,0.0,0,123761.0
18,9,289,903,1,0.0,0.0,1.0,0.0,0.0,0.0,0.0,0,107703.0
11,9,44,44,0,0.0,0.0,0.33,0.67,0.0,0.0,0.0,0,14668.0
46,9,1,0,0,0.0,0.0,0.92,0.02,0.0,0.0,0.0,1,58780.0
22,1,0,0,0,0.0,0.0,1.0,0.0,0.13,0.0,0.0,0,102146.0
11,9,45,134,0,0.0,0.0,0.99,0.03,0.0,0.0,0.0,0,17693.0
22,1,0,0,0,0.0,0.0,1.0,0.0,0.17,0.0,0.0,0,86323.0
15,5,0,0,0,1.0,1.0,0.11,0.06,0.0,1.0,1.0,1,108879.0
22,9,217,553,1,0.0,0.0,1.0,0.0,0.05,0.0,0.0,0,113562.0
41,1,0,0,0,0.23,0.0,0.0,1.0,0.0,0.24,0.0,1,12609.0
46,5,0,0,0,1.0,1.0,0.03,0.06,0.0,1.0,1.0,1,80761.0
22,9,265,432,1,0.0,0.0,1.0,0.0,0.06,0.0,0.0,0,76361.0
41,9,516,4,0,0.0,0.0,1.0,0.0,0.0,0.0,0.0,0,107591.0
14,9,1032,0,0,0.0,0.0,1.0,0.0,0.0,0.0,0.0,0,117423.0
46,5,0,0,0,1.0,1.0,0.01,0.05,0.0,0.97,1.0,1,100258.0
46,5,0,0,0,1.0,1.0,0.05,0.07,0.0,1.0,1.0,1,7725.0
22,9,329,2317,1,0.0,0.0,1.0,0.0,0.01,0.0,0.0,0,62217.0
30,1,0,0,0,0.0,0.0,0.03,0.06,0.0,0.0,0.0,1,61584.0
11,9,46,75,0,0.0,0.0,1.0,0.0,0.0,0.0,0.0,0,48733.0
19,9,9,0,1,0.0,0.0,1.0,0.0,0.03,0.0,0.0,0,32245.0
51,9,938,384,1,0.0,0.0,1.0,0.0,0.0,0.82,0.0,0,76778.0
56,5,0,0,0,1.0,1.0,0.01,0.06,0.0,1.0,1.0,1,66665.0
46,9,1,0,0,0.0,0.0,0.93,0.01,0.0,0.0,0.0,1,44302.0
46,5,0,0,0,1.0,1.0,0.09,0.06,0.0,1.0,1.0,1,73276.0
51,9,678,332,1,0.0,0.0,1.0,0.0,0.01,0.0,0.0,0,123960.0
13,9,8,0,0,0.0,0.0,1.0,0.0,0.5,0.0,0.0,1,110974.0
22,9,234,370,1,0.0,0.0,1.0,0.0,0.0,0.0,0.0,0,75546.0
46,5,0,0,0,1.0,1.0,0.2,0.6,0.0,1.0,1.0,1,78210.0
13,9,8,0,0,0.0,0.0,1.0,0.0,0.5,0.0,0.0,1,99501.0
56,4,0,0,0,0.0,0.0,1.0,0.0,0.0,0.1,0.0,1,70723.0
22,9,230,2698,1,0.0,0.0,1.0,0.0,0.0,0.0,0.0,0,63943.0
46,5,0,0,0,1.0,1.0,0.05,0.05,0.0,1.0,1.0,1,50262.0
13,9,30,0,0,0.0,0.0,0.09,0.27,0.0,0.0,0.0,0,116369.0
11,9,35,95,0,0.0,0.0,1.0,0.0,0.0,0.0,0.0,0,39985.0
41,1,0,0,0,0.16,0.0,0.0,1.0,0.0,0.03,0.0,1,33083.0
56,4,0,0,0,0.12,0.0,0.01,0.58,0.0,0.08,0.0,1,27182.0
6,5,0,0,0,1.0,1.0,0.0,0.06,0.0,1.0,1.0,1,102555.0
11,9,45,132,0,0.0,0.0,1.0,0.0,0.0,0.0,0.0,0,49047.0
46,5,0,0,0,1.0,1.0,0.16,0.06,0.0,1.0,1.0,1,121556.0
46,9,105,145,0,0.0,0.0,1.0,0.0,0.0,0.0,0.0,0,87826.0
22,9,207,30886,1,0.0,0.0,1.0,0.0,0.02,0.0,0.0,0,124514.0
25,5,0,0,0,1.0,1.0,0.06,0.07,0.0,1.0,1.0,1,49721.0
11,9,46,137,0,0.0,0.0,0.99,0.03,0.0,0.0,0.0,0,120176.0
22,9,6,143,1,0.0,0.0,0.5,1.0,0.0,0.0,0.0,0,53328.0
46,4,0,0,0,0.0,0.0,1.0,0.0,0.0,0.0,0.0,1,81336.0
22,9,247,3929,1,0.0,0.0,1.0,0.0,0.05,0.0,0.0,0,88222.0
22,9,240,1729,1,0.0,0.0,1.0,0.0,0.03,0.0,0.01,0,60180.0
11,9,29,0,0,0.0,0.0,1.0,0.0,0.05,0.0,0.0,0,69854.0
22,5,0,0,0,1.0,1.0,0.45,0.36,0.0,1.0,1.0,1,107975.0
51,9,1133,331,1,0.0,0.0,0.17,0.67,0.0,0.0,0.0,0,111671.0
22,9,212,458,1,0.0,0.0,1.0,0.0,0.02,0.0,0.01,0,117747.0
46,1,0,0,0,0.0,0.0,0.03,0.06,0.0,0.0,0.0,1,90581.0
51,9,975,325,1,0.0,0.0,1.0,0.0,0.02,0.0,0.0,0,106022.0
19,9,1010,0,1,0.0,0.0,1.0,0.0,0.02,0.0,0.0,0,107612.0
46,4,1,0,0,0.0,0.0,1.0,0.0,0.0,0.0,0.0,1,91479.0
51,9,121,236,1,0.0,0.0,1.0,0.0,0.02,0.0,0.0,0,43089.0
22,1,0,0,0,0.0,0.0,1.0,0.0,0.03,0.0,0.01,0,94733.0
25,5,0,0,0,1.0,1.0,0.22,0.15,0.0,1.0,1.0,1,118802.0
19,9,748,0,1,0.0,0.0,1.0,0.0,0.03,0.0,0.0,0,59702.0
22,9,218,3966,1,0.0,0.0,1.0,0.0,0.05,0.0,0.0,0,78095.0
11,9,44,44,0,0.0,0.0,1.0,0.0,0.0,0.0,0.0,0,6986.0
8,5,0,0,0,1.0,1.0,0.13,0.06,0.0,1.0,1.0,1,79235.0
22,9,291,2660,1,0.0,0.0,1.0,0.0,0.0,0.0,0.0,0,116044.0
11,9,30,30,0,0.0,0.0,1.0,0.0,0.0,0.0,0.0,0,38444.0
14,9,1032,0,0,0.0,0.0,1.0,0.0,0.0,0.0,0.0,0,118174.0
22,9,198,3918,1,0.0,0.0,1.0,0.0,0.01,0.0,0.0,0,80531.0
11,9,45,133,0,0.0,0.0,1.0,0.0,0.0,0.0,0.0,0,101978.0
62,1,0,0,0,0.0,0.0,0.06,0.07,0.0,0.0,0.0,1,92349.0
22,9,176,4045,1,0.0,0.0,1.0,0.0,0.04,0.0,0.0,0,118211.0
19,9,35,0,0,0.0,0.0,1.0,0.0,0.0,0.02,0.0,0,53899.0
22,9,164,8083,1,0.0,0.0,1.0,0.0,0.0,0.0,0.0,0,6129.0
46,9,105,146,0,0.0,0.0,1.0,0.0,0.0,0.0,0.0,0,98147.0
25,5,0,0,0,1.0,1.0,0.02,0.06,0.0,1.0,1.0,1,84645.0
46,2,0,0,0,0.0,0.0,0.1,0.07,0.0,0.0,0.0,1,34498.0
22,6,163,28382,1,1.0,0.03,1.0,0.0,0.03,0.07,0.01,0,40295.0
57,9,207,1066,1,0.0,0.0,1.0,0.0,0.09,0.19,0.78,0,28891.0
46,1,0,0,0,0.0,0.0,0.09,0.08,0.0,0.0,0.0,1,28908.0
51,5,0,0,0,0.2,0.5,0.4,0.4,0.02,0.01,0.01,1,62204.0
11,9,45,130,0,0.0,0.0,1.0,0.0,0.0,0.0,0.0,0,79993.0
14,9,1032,0,0,0.0,0.0,1.0,0.0,0.0,0.0,0.0,0,46860.0
46,1,0,0,0,0.0,0.0,0.08,0.07,0.0,0.0,0.0,1,70290.0
61,5,0,0,0,1.0,1.0,0.03,0.06,0.0,1.0,1.0,1,82633.0
22,5,0,0,0,1.0,1.0,0.33,1.0,0.0,1.0,1.0,1,78303.0
46,9,28,0,0,0.0,0.0,1.0,0.0,0.0,0.09,0.0,1,63676.0
58,5,0,0,0,1.0,1.0,0.01,0.07,0.0,1.0,1.0,1,55490.0
22,9,219,259,1,0.0,0.0,1.0,0.0,0.0,0.0,0.0,0,97674.0
46,5,0,0,0,1.0,1.0,0.08,0.06,0.0,1.0,1.0,1,116649.0
22,9,312,2108,1,0.0,0.0,1.0,0.0,0.0,0.0,0.0,0,87376.0
11,9,43,126,0,0.0,0.0,1.0,0.0,0.0,0.0,0.0,0,112233.0
19,9,63,0,1,0.0,0.0,1.0,0.0,0.0,0.49,0.45,0,60433.0
19,9,334,0,1,0.0,0.0,1.0,0.0,0.22,0.0,0.04,0,67416.0
27,5,0,0,0,1.0,1.0,0.15,0.07,0.0,1.0,1.0,1,17264.0
22,9,202,2965,1,0.0,0.0,1.0,0.0,0.03,0.0,0.0,0,27036.0
35,5,0,0,0,1.0,1.0,0.01,0.06,0.0,1.0,1.0,1,45791.0
46,9,207,0,0,0.0,0.0,1.0,0.0,0.0,0.0,0.0,0,26662.0
11,9,37,37,0,0.0,0.0,1.0,0.0,0.0,0.0,0.0,0,27510.0
62,1,0,0,0,0.0,0.0,0.06,0.06,0.0,0.0,0.0,1,52432.0
22,9,319,1836,1,0.0,0.0,1.0,0.0,0.03,0.0,0.0,0,39824.0
46,5,0,0,0,1.0,1.0,0.02,0.06,0.0,1.0,1.0,1,4893.0
45,5,0,0,0,1.0,1.0,0.11,0.05,0.0,1.0,1.0,1,6679.0
57,5,0,0,0,0.98,1.0,0.33,0.08,0.0,1.0,1.0,1,86776.0
11,9,69,45,0,0.0,0.0,1.0,0.0,0.0,0.0,0.0,0,60458.0
22,9,143,54647,1,0.0,0.0,1.0,0.0,0.02,0.0,0.0,0,61003.0
58,5,0,0,0,1.0,1.0,0.03,0.06,0.0,1.0,1.0,1,49800.0
40,9,48,48,0,0.0,0.0,1.0,0.0,0.0,0.0,0.0,0,99553.0
22,9,205,659,1,0.0,0.0,1.0,0.0,0.07,0.0,0.0,0,18993.0
51,9,816,330,1,0.0,0.0,1.0,0.0,0.02,0.0,0.0,0,29878.0
51,9,1237,335,1,0.0,0.0,1.0,0.0,0.01,0.0,0.0,0,26260.0
22,9,216,12975,1,0.0,0.0,1.0,0.0,0.03,0.0,0.0,0,114835.0
13,9,8,0,0,0.0,0.0,1.0,0.0,0.5,0.0,0.0,1,77316.0
22,9,207,1815,1,0.0,0.0,1.0,0.0,0.01,0.0,0.0,0,82342.0
12,5,0,0,0,1.0,1.0,0.06,0.06,0.0,1.0,1.0,1,114943.0
11,9,45,45,0,0.0,0.0,1.0,0.0,0.0,0.0,0.0,0,70527.0
22,9,236,10012,1,0.0,0.0,1.0,0.0,0.03,0.0,0.0,0,50654.0
9,5,0,0,0,1.0,1.0,0.06,0.07,0.0,1.0,1.0,1,90190.0
14,9,1032,0,0,0.0,0.0,1.0,0.0,0.0,0.0,0.0,0,1942.0
4,5,0,0,0,1.0,1.0,0.04,0.06,0.0,1.0,1.0,1,39823.0
46,1,0,0,0,0.09,0.0,0.0,1.0,0.0,0.07,0.0,1,19335.0
46,9,1,0,0,0.0,0.0,0.38,0.31,0.0,0.0,0.0,1,26625.0
8,5,0,0,0,1.0,1.0,0.01,0.07,0.0,1.0,1.0,1,70617.0
22,9,306,2543,1,0.0,0.0,1.0,0.0,0.02,0.0,0.0,0,115726.0
22,9,217,612,1,0.25,0.25,1.0,0.0,0.05,0.08,0.0,0,46554.0
46,5,0,0,0,1.0,1.0,0.06,0.05,0.0,1.0,1.0,1,46003.0
11,9,46,128,0,0.0,0.0,0.99,0.03,0.0,0.0,0.0,0,24583.0
55,5,0,0,0,1.0,1.0,0.01,0.07,0.0,1.0,1.0,1,5475.0
37,5,0,0,0,1.0,1.0,0.04,0.06,0.0,1.0,1.0,1,67950.0
46,1,0,0,0,0.08,0.0,0.0,1.0,0.0,0.11,0.0,1,86763.0
56,5,0,0,0,1.0,1.0,0.02,0.06,0.0,1.0,1.0,1,8946.0
22,9,236,2625,1,0.0,0.0,1.0,0.0,0.04,0.0,0.0,0,15168.0
25,5,0,0,0,1.0,1.0,0.0,0.06,0.0,1.0,1.0,1,63604.0
14,9,520,0,0,0.0,0.0,1.0,0.0,0.0,0.0,0.0,0,21281.0
51,9,2225,364,1,0.0,0.0,1.0,0.0,0.01,0.0,0.0,0,9665.0
46,5,0,0,0,1.0,1.0,0.03,0.07,0.0,1.0,1.0,1,113711.0
57,9,102,1347,1,0.0,0.0,1.0,0.0,1.0,0.0,0.0,0,120994.0
11,9,45,130,0,0.0,0.0,1.0,0.0,0.0,0.0,0.0,0,118747.0
22,9,54540,8314,1,0.0,0.0,1.0,0.0,0.0,0.0,0.0,0,63029.0
46,9,215,0,0,0.0,0.0,1.0,0.0,0.0,0.0,0.0,0,103153.0
22,9,212,253,1,0.0,0.0,1.0,0.0,0.0,0.0,0.0,0,97233.0
51,9,1537,332,1,0.0,0.0,1.0,0.0,0.01,0.0,0.0,0,40480.0
51,9,752,331,1,0.0,0.0,1.0,0.0,0.04,0.0,0.0,0,90803.0
19,9,383,0,1,0.0,0.0,1.0,0.0,0.04,0.0,0.0,0,110829.0
46,5,0,0,0,1.0,1.0,0.03,0.06,0.0,1.0,1.0,1,68414.0
46,9,105,146,0,0.0,0.0,0.2,0.4,0.0,0.0,0.0,0,4591.0
19,1,0,0,0,0.0,0.0,0.07,0.06,0.0,0.0,0.0,1,19972.0
46,5,0,0,0,1.0,1.0,0.03,0.06,0.0,1.0,1.0,1,39853.0
22,9,313,5294,1,0.0,0.0,1.0,0.0,0.03,0.0,0.0,0,117107.0
46,5,0,0,0,1.0,1.0,0.04,0.07,0.0,1.0,1.0,1,93641.0
11,9,43,123,0,0.0,0.0,1.0,0.0,0.0,0.0,0.0,0,45722.0
51,9,673,331,1,0.0,0.0,1.0,0.0,0.03,0.0,0.0,0,33249.0
22,9,361,855,1,0.0,0.0,1.0,0.0,0.0,0.0,0.0,0,78867.0
46,1,0,0,0,0.0,0.0,0.14,0.07,0.0,0.0,0.0,1,1943.0
13,9,8,0,0,0.0,0.0,1.0,0.0,0.5,0.0,0.0,1,100033.0
46,9,105,146,0,0.0,0.0,1.0,0.0,0.0,0.0,0.0,0,9419.0
21,5,0,0,0,1.0,1.0,0.04,0.05,0.0,1.0,1.0,1,96788.0
22,1,0,0,0,0.0,0.0,1.0,0.0,0.05,0.0,0.0,0,94913.0
22,9,239,2858,1,0.0,0.0,1.0,0.0,0.04,0.0,0.0,0,38399.0
51,9,1362,323,1,0.0,0.0,1.0,0.0,0.0,0.0,0.0,0,118279.0
19,9,4763,0,1,0.0,0.0,1.0,0.0,0.02,0.0,0.0,0,34460.0
22,9,228,1380,1,0.0,0.0,1.0,0.0,0.0,0.0,0.0,0,106317.0
46,5,0,0,0,1.0,1.0,0.14,0.07,0.0,1.0,1.0,1,40183.0
27,5,0,0,0,1.0,1.0,0.08,0.06,0.0,1.0,1.0,1,37082.0
14,9,1032,0,0,0.0,0.0,1.0,0.0,0.0,0.0,0.0,0,21664.0
46,1,0,0,0,0.0,0.0,1.0,0.0,0.0,0.01,0.0,1,38064.0
22,9,223,7339,1,0.0,0.0,1.0,0.0,0.03,0.0,0.0,0,72984.0
22,9,304,1384,1,0.0,0.0,1.0,0.0,0.1,0.0,0.0,0,11722.0
17,5,0,0,0,1.0,1.0,0.06,0.06,0.0,1.0,1.0,1,107785.0
22,9,341,1394,1,0.0,0.0,1.0,0.0,0.01,0.01,0.0,0,20112.0
22,9,214,7128,1,0.0,0.0,1.0,0.0,0.02,0.0,0.0,0,85837.0
57,5,0,0,0,1.0,1.0,0.1,0.05,0.0,1.0,1.0,1,105664.0
19,9,12,0,0,0.0,0.0,1.0,0.0,0.02,0.0,0.0,0,91720.0
3,5,0,0,0,1.0,1.0,0.03,0.06,0.0,1.0,1.0,1,41021.0
22,9,149,388,1,0.0,0.0,1.0,0.0,0.02,0.0,0.0,0,106939.0
46,9,1,0,0,0.0,0.0,0.42,0.25,0.0,0.0,0.0,1,121038.0
22,9,244,327,1,0.0,0.0,1.0,0.0,0.01,0.0,0.0,0,125868.0
22,9,298,5336,1,0.0,0.0,1.0,0.0,0.01,0.0,0.0,0,74368.0
46,5,0,0,0,1.0,1.0,0.0,0.06,0.0,1.0,1.0,1,125525.0
22,9,221,1112,1,0.0,0.0,1.0,0.0,0.0,0.0,0.0,0,113531.0
15,1,0,0,0,0.0,0.0,0.11,0.06,0.0,0.0,0.0,1,25510.0
46,5,0,0,0,1.0,1.0,0.12,0.06,0.0,1.0,1.0,1,51330.0
46,5,0,0,0,1.0,1.0,0.13,0.06,0.0,1.0,1.0,1,125050.0
14,9,1480,0,0,0.0,0.0,1.0,0.0,0.53,0.0,0.0,0,30503.0
22,1,0,0,0,0.0,0.0,1.0,0.0,0.18,0.0,0.0,0,74028.0
22,9,54540,8314,1,0.0,0.0,1.0,0.0,0.0,0.01,0.01,0,17793.0
51,9,1952,336,1,0.0,0.0,1.0,0.0,0.01,0.0,0.0,0,37874.0
22,9,325,13391,1,0.0,0.0,1.0,0.0,0.02,0.0,0.0,0,19381.0
22,9,199,2055,1,0.0,0.0,1.0,0.0,0.02,0.0,0.0,0,10588.0
22,9,220,1888,1,0.0,0.0,1.0,0.0,0.02,0.0,0.0,0,53932.0
41,1,0,0,0,0.2,0.0,0.0,1.0,0.0,0.15,0.0,1,9811.0
13,9,8,0,0,0.0,0.0,1.0,0.0,0.5,0.0,0.0,1,41305.0
46,5,0,0,0,1.0,1.0,0.05,0.06,0.0,1.0,1.0,1,31519.0
56,1,0,0,0,0.0,0.0,0.07,0.05,0.0,0.0,0.0,1,59778.0
11,9,46,46,0,0.0,0.0,1.0,0.0,0.0,0.0,0.0,0,26796.0
22,9,203,6178,1,0.0,0.0,1.0,0.0,0.02,0.0,0.0,0,19245.0
22,9,327,308,1,0.0,0.0,1.0,0.0,0.0,0.0,0.0,0,51981.0
22,9,246,346,1,0.0,0.0,1.0,0.0,0.02,0.0,0.0,0,23791.0
22,9,299,480,1,0.0,0.0,1.0,0.0,0.02,0.0,0.0,0,103747.0
22,9,54540,8314,1,0.0,0.0,1.0,0.0,0.0,0.0,0.0,0,48727.0
19,9,201,0,1,0.0,0.0,1.0,0.0,0.0,0.0,0.0,0,57662.0
13,9,64,0,0,0.0,0.0,1.0,0.0,0.0,0.0,0.0,0,72915.0
22,1,0,0,0,0.0,0.0,1.0,0.0,0.1,0.0,0.0,0,22608.0
0,4,4007,12133,1,0.0,0.0,1.0,0.0,0.0,0.0,0.0,0,66120.0
22,9,230,8753,1,0.0,0.0,1.0,0.0,0.03,0.0,0.0,0,21036.0
19,9,276,0,0,0.0,0.0,1.0,0.0,0.0,0.0,0.0,0,102166.0
22,9,292,1091,1,0.0,0.0,1.0,0.0,0.03,0.0,0.0,0,115367.0
34,5,0,0,0,1.0,1.0,0.1,0.05,0.0,1.0,1.0,1,15008.0
22,9,257,256,1,0.0,0.0,1.0,0.0,0.05,0.0,0.0,0,66414.0
19,5,0,0,0,1.0,1.0,0.52,0.08,0.05,1.0,0.32,1,99763.0
34,1,0,0,0,0.0,0.0,0.13,0.06,0.0,0.0,0.0,1,101446.0
13,9,8,0,0,0.0,0.0,1.0,0.0,0.5,0.0,0.0,1,99721.0
19,9,637,0,0,0.0,0.0,1.0,0.0,0.0,0.0,0.01,0,119964.0
2,5,0,0,0,1.0,1.0,0.03,0.08,0.0,1.0,1.0,1,52044.0
13,9,8,0,0,0.0,0.0,1.0,0.0,0.5,0.0,0.0,1,41261.0
8,5,0,0,0,1.0,1.0,0.02,0.06,0.0,1.0,1.0,1,15059.0
22,9,317,2269,1,0.0,0.0,1.0,0.0,0.03,0.0,0.0,0,92480.0
22,9,211,2315,1,0.0,0.0,1.0,0.0,0.04,0.0,0.0,0,65746.0
11,9,44,137,0,0.0,0.0,0.99,0.03,0.0,0.0,0.0,0,27076.0
46,5,0,0,0,1.0,1.0,0.5,1.0,0.0,1.0,1.0,1,48643.0
46,5,0,0,0,1.0,1.0,0.1,0.05,0.0,1.0,1.0,1,119871.0
8,2,0,0,0,0.0,0.0,0.04,0.06,0.0,0.0,0.0,1,27095.0
46,1,0,0,0,0.0,0.0,0.03,0.07,0.0,0.0,0.0,1,41260.0
22,9,239,6507,1,0.0,0.0,1.0,0.0,0.03,0.0,0.0,0,86897.0
57,9,91,1695,1,0.0,0.0,1.0,0.0,0.0,0.32,0.0,0,111597.0
13,9,30,0,0,0.0,0.0,1.0,0.0,0.0,0.0,0.0,0,109950.0
22,9,208,1918,1,0.0,0.0,1.0,0.0,0.0,0.0,0.0,0,7407.0
6,5,0,0,0,1.0,1.0,0.03,0.06,0.0,1.0,1.0,1,74124.0
14,9,1032,0,0,0.0,0.0,1.0,0.0,0.0,0.0,0.0,0,23288.0
37,5,0,0,0,1.0,1.0,0.08,0.06,0.0,1.0,1.0,1,32856.0
51,9,5634,329,1,0.0,0.0,1.0,0.0,0.02,0.0,0.0,0,34897.0
7,5,0,0,0,1.0,1.0,0.09,0.07,0.0,1.0,1.0,1,51077.0
22,9,54540,8314,1,0.0,0.0,1.0,0.0,0.0,0.0,0.0,0,61179.0
22,9,336,1454,1,0.0,0.0,1.0,0.0,0.07,0.0,0.01,0,23721.0
11,9,46,127,0,0.0,0.0,1.0,0.0,0.0,0.0,0.0,0,15871.0
22,9,209,3388,1,0.0,0.0,1.0,0.0,0.6,0.0,0.0,0,110742.0
13,9,8,0,0,0.0,0.0,1.0,0.0,0.25,0.0,0.0,1,25384.0
26,5,0,0,0,1.0,1.0,0.0,0.06,0.0,1.0,1.0,1,81748.0
51,9,1858,449,1,0.0,0.0,1.0,0.0,0.0,0.15,0.0,0,5051.0
22,9,295,2000,1,0.0,0.0,1.0,0.0,0.04,0.0,0.0,0,17824.0
11,9,45,131,0,0.0,0.0,1.0,0.0,0.0,0.0,0.0,0,115624.0
46,5,0,0,0,1.0,1.0,0.08,0.07,0.0,1.0,1.0,1,25470.0
22,9,199,22206,1,0.0,0.0,1.0,0.0,0.02,0.0,0.0,0,64692.0
46,9,1,0,0,0.0,0.0,0.31,0.09,0.0,0.1,0.0,1,120627.0
51,9,1049,326,1,0.0,0.0,1.0,0.0,0.0,0.0,0.0,0,18229.0
51,9,1297,333,1,0.0,0.0,1.0,0.0,0.01,0.0,0.0,0,125613.0
40,9,48,48,0,0.0,0.0,1.0,0.0,0.0,0.0,0.0,0,79359.0
46,9,1,0,0,0.0,0.0,0.86,0.03,0.0,0.0,0.0,1,18294.0
13,9,8,0,0,0.0,0.0,1.0,0.0,0.5,0.0,0.0,1,20592.0
11,9,45,45,0,0.0,0.0,1.0,0.0,0.0,0.0,0.0,0,116702.0
22,9,293,283,1,0.0,0.0,1.0,0.0,0.0,0.0,0.0,0,94553.0
22,9,146,424,1,0.0,0.0,1.0,0.0,0.03,0.0,0.0,0,30544.0
46,4,0,0,0,0.0,0.0,1.0,0.0,0.0,0.0,0.0,1,45584.0
46,4,1,0,0,0.0,0.0,1.0,0.0,0.0,0.0,0.0,1,1141.0
60,9,125,0,0,0.0,0.0,0.4,0.4,0.0,0.0,0.0,0,72631.0
22,9,199,16931,1,0.0,0.0,1.0,0.0,0.0,0.0,0.0,0,92516.0
22,9,163,17786,1,0.0,0.0,1.0,0.0,0.01,0.0,0.0,0,111677.0
3,5,0,0,0,1.0,1.0,0.07,0.05,0.0,1.0,1.0,1,67874.0
20,5,0,0,0,1.0,1.0,0.04,0.07,0.0,1.0,1.0,1,62144.0
22,9,233,2330,1,0.0,0.0,1.0,0.0,0.04,0.0,0.0,0,54237.0
11,9,42,127,0,0.0,0.0,1.0,0.0,0.0,0.0,0.0,0,13864.0
11,9,44,110,0,0.0,0.0,1.0,0.0,0.0,0.0,0.0,0,77301.0
13,9,18,0,0,0.0,0.0,1.0,0.0,0.26,0.0,0.0,1,13670.0
22,9,199,2086,1,0.0,0.0,1.0,0.0,0.03,0.0,0.0,0,67742.0
22,9,224,3332,1,0.0,0.0,1.0,0.0,0.04,0.0,0.0,0,45142.0
5,5,0,0,0,1.0,1.0,0.15,0.05,0.0,1.0,1.0,1,82517.0
14,9,1032,0,0,0.0,0.0,1.0,0.0,0.0,0.0,0.0,0,31554.0
22,9,312,383,1,0.0,0.0,1.0,0.0,0.08,0.0,0.0,0,40037.0
46,0,0,0,0,0.0,0.0,1.0,0.0,0.0,0.04,0.0,1,94226.0
46,5,0,0,0,1.0,1.0,0.02,0.06,0.0,1.0,1.0,1,68613.0
51,9,827,333,1,0.0,0.0,1.0,0.0,0.02,0.0,0.0,0,60018.0
51,9,1528,335,1,0.0,0.0,1.0,0.0,0.02,0.0,0.0,0,39496.0
4,5,0,0,0,1.0,1.0,0.05,0.06,0.0,1.0,1.0,1,37615.0
46,5,0,0,0,1.0,1.0,0.09,0.07,0.0,1.0,1.0,1,93962.0
22,9,350,3874,1,0.0,0.0,1.0,0.0,0.03,0.0,0.0,0,30973.0
55,1,0,0,0,0.0,0.0,0.03,0.06,0.0,0.0,0.0,1,66293.0
11,9,33,0,0,0.0,0.0,1.0,0.0,0.0,0.0,0.0,0,30462.0
57,9,24,36,0,0.0,0.0,1.0,0.0,0.0,0.0,0.0,1,119860.0
51,9,1797,484,1,0.0,0.0,1.0,0.0,0.0,0.14,0.0,0,50086.0
11,9,45,83,0,0.0,0.0,1.0,0.0,0.0,0.0,0.0,0,103599.0
11,9,44,132,0,0.0,0.0,1.0,0.0,0.0,0.0,0.0,0,118287.0
35,5,0,0,0,1.0,1.0,0.02,0.06,0.0,1.0,1.0,1,100671.0
46,1,0,0,0,0.0,0.0,0.12,0.07,0.0,0.0,0.0,1,101375.0
3,5,0,0,0,1.0,1.0,0.08,0.06,0.0,1.0,1.0,1,33783.0
22,9,312,3040,1,0.0,0.0,1.0,0.0,0.01,0.0,0.0,0,19833.0
11,9,44,44,0,0.0,0.0,1.0,0.0,0.0,0.0,0.0,0,76953.0
25,1,0,0,0,0.0,0.0,0.03,0.07,0.0,0.0,0.0,1,9502.0
46,9,1,0,0,0.0,0.0,0.71,0.43,0.0,0.0,0.0,1,19316.0
11,9,44,137,0,0.0,0.0,1.0,0.0,0.0,0.0,0.0,0,39316.0
11,9,43,107,0,0.0,0.0,1.0,0.0,0.0,0.0,0.0,0,118502.0
22,9,241,2324,1,0.0,0.0,1.0,0.0,0.02,0.0,0.0,0,10261.0
22,9,330,538,1,0.0,0.0,1.0,0.0,0.05,0.0,0.0,0,2131.0
22,9,217,762,1,0.0,0.0,1.0,0.0,0.0,0.0,0.0,0,116451.0
22,9,162,19994,1,0.0,0.0,1.0,0.0,0.03,0.0,0.0,0,10368.0
17,5,0,0,0,0.97,1.0,0.37,0.11,0.0,1.0,1.0,1,123456.0
22,9,292,27919,1,0.0,0.0,1.0,0.0,0.0,0.0,0.0,0,68852.0
25,5,0,0,0,1.0,1.0,0.05,0.07,0.0,1.0,1.0,1,65881.0
11,9,46,80,0,0.0,0.0,1.0,0.0,0.0,0.0,0.0,0,44946.0
46,5,0,0,0,1.0,1.0,0.01,0.08,0.0,1.0,1.0,1,65242.0
41,9,4,4,0,0.0,0.0,1.0,0.0,0.0,0.0,0.0,1,73906.0
11,9,44,135,0,0.0,0.0,1.0,0.0,0.0,0.0,0.0,0,125003.0
22,9,299,2107,1,0.0,0.0,1.0,0.0,0.0,0.0,0.0,0,117570.0
19,9,319,0,1,0.0,0.0,0.67,0.67,0.0,0.0,0.0,0,53927.0
22,9,242,4867,1,0.0,0.0,1.0,0.0,0.0,0.0,0.0,0,49757.0
58,5,0,0,0,1.0,1.0,0.05,0.04,0.0,1.0,1.0,1,68727.0
22,9,221,1980,1,0.0,0.0,1.0,0.0,0.02,0.0,0.0,0,35863.0
8,5,0,0,0,1.0,1.0,0.01,0.07,0.0,1.0,1.0,1,98564.0
46,1,0,0,0,0.0,0.0,0.5,1.0,0.0,0.0,0.0,1,100998.0
46,1,0,0,0,0.0,0.0,0.11,0.08,0.0,0.0,0.0,1,17465.0
51,6,2280,286,1,1.0,1.0,1.0,0.0,0.0,0.0,0.01,0,96121.0
14,9,1032,0,0,0.0,0.0,1.0,0.0,0.0,0.0,0.0,0,125566.0
46,5,0,0,0,1.0,1.0,0.09,0.06,0.0,1.0,1.0,1,10932.0
57,5,0,0,0,1.0,1.0,0.2,0.06,0.0,1.0,1.0,1,110388.0
18,9,1461,4152,1,0.0,0.0,1.0,0.0,0.0,0.0,0.0,0,51854.0
22,9,303,5168,1,0.0,0.0,1.0,0.0,0.02,0.0,0.0,0,71217.0
22,9,243,335,1,0.0,0.0,1.0,0.0,0.0,0.0,0.0,0,15467.0
11,9,44,132,0,0.0,0.0,1.0,0.0,0.0,0.0,0.0,0,5850.0
14,9,1032,0,0,0.0,0.0,1.0,0.0,0.0,0.0,0.0,0,80956.0
13,9,8,0,0,0.0,0.0,1.0,0.0,0.52,0.0,0.0,1,122519.0
26,5,0,0,0,1.0,1.0,0.04,0.07,0.0,1.0,1.0,1,81692.0
46,4,0,0,0,0.0,0.0,0.05,0.55,0.0,0.01,0.0,1,33858.0
22,9,233,9106,1,0.33,0.29,1.0,0.0,0.05,0.02,0.0,0,122190.0
3,5,0,0,0,1.0,1.0,0.08,0.05,0.0,1.0,1.0,1,43587.0
22,9,306,479,1,0.0,0.0,1.0,0.0,0.03,0.0,0.0,0,108451.0
46,9,1,0,0,0.0,0.0,0.18,0.29,0.0,0.0,0.0,1,97222.0
22,9,214,310,1,0.0,0.0,1.0,0.0,0.0,0.0,0.0,0,99112.0
22,1,0,0,0,0.0,0.0,1.0,0.0,0.16,0.0,0.0,0,31149.0
51,9,1273,492,1,0.0,0.0,1.0,0.0,0.01,0.0,0.0,0,58345.0
46,9,1,0,0,0.0,0.0,0.25,0.38,0.0,0.01,0.0,1,57035.0
22,9,311,5381,1,0.0,0.0,1.0,0.0,0.0,0.01,0.01,0,85900.0
46,9,105,146,0,0.0,0.0,0.14,0.29,0.0,0.0,0.0,0,35885.0
22,9,227,1028,1,0.0,0.0,1.0,0.0,0.0,0.0,0.0,0,29037.0
46,1,0,0,0,0.0,0.0,0.11,0.06,0.0,0.0,0.0,1,75996.0
46,1,0,0,0,0.0,0.0,0.03,0.09,0.0,0.0,0.0,1,114957.0
13,9,8,0,0,0.0,0.0,1.0,0.0,0.5,0.0,0.0,1,44992.0
22,9,54540,8314,1,0.0,0.0,1.0,0.0,0.0,0.0,0.0,0,17070.0
22,1,0,0,0,0.0,0.0,1.0,0.0,0.19,0.0,0.0,0,1884.0
46,1,0,0,0,0.0,0.0,0.5,1.0,0.0,0.0,0.0,1,49963.0
11,9,44,82,0,0.0,0.0,1.0,0.0,0.0,0.0,0.0,0,79635.0
24,5,0,0,0,1.0,1.0,0.17,0.05,0.0,1.0,1.0,1,91329.0
64,5,0,0,0,1.0,1.0,0.08,0.06,0.0,1.0,1.0,1,16265.0
51,5,0,0,0,1.0,1.0,1.0,0.0,0.01,0.98,0.4,1,33145.0
51,9,728,330,1,0.0,0.0,1.0,0.0,0.02,0.0,0.0,0,102186.0
22,9,207,3452,1,0.0,0.0,1.0,0.0,0.0,0.0,0.0,0,99665.0
11,9,44,70,0,0.0,0.0,1.0,0.0,0.0,0.0,0.0,0,97595.0
35,1,0,0,0,0.0,0.0,0.08,0.07,0.0,0.0,0.0,1,108620.0
22,9,196,5321,1,0.0,0.0,1.0,0.0,0.05,0.0,0.0,0,80696.0
56,5,0,0,0,1.0,1.0,0.07,0.06,0.0,1.0,1.0,1,50474.0
26,1,0,0,0,0.0,0.0,0.07,0.06,0.0,0.0,0.0,1,96689.0
60,9,182,0,0,0.0,0.0,0.5,1.0,0.0,0.0,0.0,0,63025.0
19,9,10044,0,1,0.0,0.0,1.0,0.0,0.02,0.0,0.0,0,17975.0
19,9,0,5150877,0,0.0,0.0,1.0,0.0,0.0,0.0,0.0,0,49573.0
62,5,0,0,0,1.0,1.0,0.06,0.06,0.0,1.0,1.0,1,71650.0
22,9,268,191,1,0.0,0.0,1.0,0.0,0.02,0.0,0.0,0,85273.0
19,9,4753,0,1,0.0,0.0,1.0,0.0,0.0,0.0,0.0,0,112579.0
51,9,2163,333,1,0.0,0.0,1.0,0.0,0.0,0.0,0.0,0,96189.0
46,5,0,0,0,1.0,1.0,0.12,0.06,0.0,1.0,1.0,1,99777.0
11,9,45,45,0,0.0,0.0,1.0,0.0,0.0,0.0,0.0,0,59573.0
51,9,1002,368,1,0.0,0.0,1.0,0.0,0.03,0.0,0.0,0,48517.0
22,9,203,4104,1,0.0,0.0,1.0,0.0,0.1,0.0,0.0,0,3059.0
22,5,0,0,0,1.0,1.0,0.75,0.5,0.0,0.98,1.0,1,104017.0
51,9,1495,521,1,0.0,0.0,1.0,0.0,0.0,0.0,0.0,0,3097.0
19,5,0,0,0,1.0,1.0,0.22,0.06,0.0,1.0,1.0,1,87562.0
61,5,0,0,0,1.0,1.0,0.04,0.06,0.0,1.0,1.0,1,56419.0
22,9,224,1415,1,0.0,0.0,1.0,0.0,0.0,0.0,0.0,0,58694.0
13,9,8,0,0,0.0,0.0,1.0,0.0,0.26,0.0,0.0,1,67572.0
22,9,307,891,1,0.0,0.0,1.0,0.0,0.02,0.0,0.0,0,40716.0
57,5,0,0,0,1.0,1.0,0.0,0.06,0.0,1.0,1.0,1,45330.0
46,5,0,0,0,1.0,1.0,0.03,0.07,0.0,1.0,1.0,1,51270.0
46,5,0,0,0,0.83,1.0,0.01,0.06,0.0,1.0,1.0,1,83654.0
19,9,63,0,1,0.0,0.0,1.0,0.0,0.25,0.0,0.0,0,57827.0
31,5,0,0,0,1.0,1.0,0.14,0.06,0.0,1.0,1.0,1,18915.0
22,9,338,1893,1,0.0,0.0,1.0,0.0,0.02,0.0,0.0,0,19031.0
46,5,0,0,0,1.0,1.0,0.08,0.06,0.0,1.0,1.0,1,14324.0
19,9,740,0,1,0.0,0.0,1.0,0.0,0.02,0.0,0.0,0,97302.0
11,9,42,42,0,0.0,0.0,1.0,0.0,0.0,0.0,0.0,0,45331.0
46,9,1,0,0,0.0,0.0,0.91,0.09,0.0,0.0,0.0,1,101231.0
61,5,0,0,0,1.0,1.0,0.13,0.05,0.0,1.0,1.0,1,45635.0
51,9,843,388,1,0.0,0.0,1.0,0.0,0.0,0.64,0.0,0,58877.0
22,9,282,263,1,0.0,0.0,1.0,0.0,0.0,0.0,0.0,0,60601.0
22,9,305,809,1,0.0,0.0,1.0,0.0,0.0,0.0,0.0,0,88052.0
19,9,383,0,0,0.0,0.0,1.0,0.0,0.02,0.0,0.0,0,40332.0
8,5,0,0,0,1.0,1.0,0.04,0.08,0.0,1.0,1.0,1,21611.0
24,5,0,0,0,1.0,1.0,0.19,0.06,0.0,1.0,1.0,1,83401.0
57,2,0,0,0,0.0,0.0,0.03,0.06,0.0,0.0,0.0,1,66871.0
17,9,9,44,0,0.0,0.0,1.0,0.0,0.0,0.01,0.0,1,41573.0
22,9,300,2239,1,0.0,0.0,1.0,0.0,0.0,0.0,0.0,0,99010.0
22,9,313,174,1,0.0,0.0,1.0,0.0,0.06,0.0,0.0,0,99898.0
9,5,0,0,0,1.0,1.0,0.09,0.07,0.0,1.0,1.0,1,65382.0
22,9,325,835,1,0.0,0.0,1.0,0.0,0.0,0.0,0.0,0,115485.0
11,9,45,128,0,0.0,0.0,1.0,0.0,0.0,0.0,0.0,0,45698.0
22,9,324,389,1,0.0,0.0,1.0,0.0,0.04,0.0,0.0,0,52477.0
51,9,1610,334,1,0.0,0.0,1.0,0.0,0.0,0.0,0.0,0,61533.0
62,1,0,0,0,0.0,0.0,0.01,0.08,0.0,0.0,0.0,1,65946.0
46,5,0,0,0,1.0,1.0,0.06,0.07,0.0,1.0,1.0,1,19450.0
22,9,221,296,1,0.0,0.0,1.0,0.0,0.03,0.0,0.01,0,5572.0
46,9,105,145,0,0.0,0.0,0.25,0.5,0.0,0.0,0.0,0,125457.0
37,5,0,0,0,1.0,1.0,0.15,0.05,0.0,1.0,1.0,1,22793.0
11,9,44,44,0,0.0,0.0,1.0,0.0,0.0,0.0,0.0,0,5191.0
48,5,0,0,0,1.0,1.0,0.03,0.07,0.0,1.0,1.0,1,11424.0
22,9,312,336,1,0.0,0.0,1.0,0.0,0.0,0.0,0.0,0,122582.0
46,5,0,0,0,1.0,1.0,0.12,0.05,0.0,1.0,1.0,1,98878.0
33,5,0,0,0,1.0,1.0,0.08,0.1,0.0,1.0,1.0,1,104942.0
15,4,0,0,0,0.0,0.0,1.0,0.0,0.0,0.0,0.0,1,88172.0
46,5,0,0,0,1.0,1.0,0.08,0.06,0.0,1.0,1.0,1,47675.0
46,5,0,0,0,1.0,1.0,0.08,0.06,0.0,1.0,1.0,1,97783.0
22,9,263,4399,1,0.0,0.0,1.0,0.0,0.03,0.0,0.0,0,19552.0
13,9,8,0,0,0.0,0.0,1.0,0.0,0.52,0.0,0.0,1,78578.0
15,5,0,0,0,1.0,1.0,0.13,0.05,0.0,1.0,1.0,1,99604.0
17,5,0,0,0,1.0,1.0,0.09,0.07,0.0,1.0,1.0,1,89774.0
22,9,287,269,1,0.0,0.0,1.0,0.0,0.0,0.0,0.0,0,11900.0
46,1,0,0,0,0.0,0.0,0.05,0.07,0.0,0.0,0.0,1,4682.0
46,5,0,0,0,1.0,1.0,0.03,0.07,0.0,1.0,1.0,1,112785.0
11,9,43,43,0,0.0,0.0,1.0,0.0,0.0,0.0,0.0,0,59854.0
22,9,227,99511,1,0.0,0.0,1.0,0.0,0.03,0.0,0.0,0,47285.0
22,9,303,17945,1,0.0,0.0,1.0,0.0,0.03,0.0,0.0,0,59531.0
46,5,0,0,0,1.0,1.0,0.05,0.06,0.0,1.0,1.0,1,15756.0
51,9,1135,325,1,0.0,0.0,1.0,0.0,0.01,0.0,0.0,0,70589.0
11,9,44,44,0,0.0,0.0,1.0,0.0,0.0,0.0,0.0,0,97981.0
22,1,0,0,0,0.0,0.0,1.0,0.0,0.07,0.0,0.0,0,68811.0
46,5,0,0,0,1.0,1.0,0.1,0.06,0.0,1.0,1.0,1,106172.0
22,9,54540,8314,1,0.0,0.0,1.0,0.0,0.0,0.0,0.0,0,20011.0
57,9,989,1113826,1,0.0,0.0,1.0,0.0,0.0,0.0,0.0,0,42441.0
57,9,101,2136,1,0.0,0.0,1.0,0.0,0.67,0.0,0.0,0,88364.0
46,5,0,0,0,1.0,1.0,0.02,0.06,0.0,1.0,1.0,1,94798.0
22,9,247,5531,1,0.0,0.0,1.0,0.0,0.0,0.0,0.0,0,33063.0
22,9,250,609,1,0.0,0.0,1.0,0.0,0.0,0.0,0.0,0,119765.0
22,1,0,0,0,0.0,0.0,1.0,0.0,0.1,0.0,0.0,0,1658.0
22,9,218,354,1,0.0,0.0,1.0,0.0,0.02,0.0,0.0,0,87051.0
46,1,0,0,0,0.0,0.0,0.08,0.06,0.0,0.0,0.0,1,35229.0
46,4,0,0,0,0.0,0.0,1.0,0.0,0.0,0.0,0.0,1,621.0
22,9,54540,8314,1,0.0,0.0,1.0,0.0,0.0,0.0,0.0,0,49226.0
22,9,342,1573,1,0.0,0.0,1.0,0.0,0.09,0.0,0.0,0,58232.0
22,7,233,15234,1,0.5,0.33,1.0,0.0,0.04,0.04,0.0,0,51070.0
22,9,332,1722,1,0.0,0.0,1.0,0.0,0.0,0.0,0.0,0,116613.0
57,5,0,0,0,1.0,1.0,0.08,0.06,0.0,1.0,1.0,1,89496.0
11,9,43,132,0,0.0,0.0,1.0,0.0,0.0,0.0,0.0,0,103518.0
46,5,0,0,0,1.0,1.0,0.06,0.05,0.0,1.0,1.0,1,23691.0
13,9,8,0,0,0.0,0.0,1.0,0.0,0.25,0.0,0.0,1,67294.0
22,9,194,598,1,0.0,0.0,1.0,0.0,0.05,0.0,0.0,0,11801.0
18,9,1067,3081,1,0.0,0.0,1.0,0.0,0.0,0.0,0.0,0,668.0
46,4,0,0,0,0.0,0.0,1.0,0.0,0.0,0.0,0.0,1,21652.0
19,9,491,0,0,0.0,0.0,1.0,0.0,0.03,0.0,0.0,0,3188.0
22,9,282,1761,1,0.0,0.0,1.0,0.0,0.04,0.0,0.0,0,54624.0
22,9,210,290,1,0.03,0.03,1.0,0.0,0.02,0.01,0.0,0,26158.0
51,5,0,0,0,1.0,1.0,1.0,0.0,0.01,0.99,0.66,1,45404.0
46,5,0,0,0,1.0,1.0,0.05,0.06,0.0,1.0,1.0,1,87207.0
41,9,147,105,0,0.0,0.0,0.67,0.67,0.0,0.0,0.0,0,92470.0
22,9,241,338,1,0.0,0.0,1.0,0.0,0.0,0.0,0.0,0,77441.0
15,5,0,0,0,1.0,1.0,0.04,0.06,0.0,1.0,1.0,1,122356.0
34,5,0,0,0,1.0,1.0,0.11,0.05,0.0,1.0,1.0,1,3076.0
22,9,221,1528,1,0.0,0.0,1.0,0.0,0.02,0.0,0.0,0,125423.0
46,9,105,146,0,0.0,0.0,0.5,1.0,0.0,0.0,0.0,0,54038.0
46,5,0,0,0,1.0,1.0,0.06,0.06,0.0,1.0,1.0,1,96716.0
28,5,0,0,0,1.0,1.0,0.14,0.06,0.0,1.0,1.0,1,89105.0
41,1,0,0,0,0.1,0.0,0.0,1.0,0.0,0.09,0.0,1,91964.0
17,5,0,0,0,1.0,1.0,0.03,0.06,0.0,1.0,1.0,1,63857.0
46,4,0,0,0,0.0,0.0,0.04,0.54,0.0,0.01,0.0,1,88041.0
3,5,0,0,0,1.0,1.0,0.03,0.05,0.0,1.0,1.0,1,102249.0
18,9,1266,2453,1,0.0,0.0,1.0,0.0,0.0,0.1,0.0,0,17943.0
22,9,284,148,1,0.0,0.0,1.0,0.0,0.03,0.0,0.0,0,124074.0
46,5,0,0,0,1.0,1.0,0.05,0.07,0.0,1.0,1.0,1,72201.0
19,9,0,10947,0,0.0,0.0,1.0,0.0,0.0,0.02,0.05,0,105878.0
11,9,44,73,0,0.0,0.0,1.0,0.0,0.0,0.0,0.0,0,12046.0
19,9,6062,0,0,0.0,0.0,1.0,0.0,0.0,0.0,0.0,0,87753.0
22,9,315,536,1,0.0,0.0,1.0,0.0,0.01,0.0,0.0,0,111349.0
36,5,0,0,0,1.0,1.0,0.08,0.05,0.0,1.0,1.0,1,95637.0
46,5,0,0,0,1.0,1.0,0.06,0.07,0.0,1.0,1.0,1,69810.0
22,9,332,767,1,0.0,0.0,1.0,0.0,0.0,0.0,0.0,0,26790.0
22,9,267,3685,1,0.0,0.0,1.0,0.0,0.01,0.0,0.0,0,95726.0
22,9,298,432,1,0.0,0.0,1.0,0.0,0.02,0.0,0.0,0,32482.0
13,9,8,0,0,0.0,0.0,1.0,0.0,0.25,0.0,0.0,1,100118.0
21,5,0,0,0,1.0,1.0,0.03,0.05,0.0,1.0,1.0,1,120524.0
22,9,284,581,1,0.33,0.33,1.0,0.0,0.04,0.33,0.01,0,64451.0
13,9,8,0,0,0.0,0.0,1.0,0.0,0.5,0.0,0.0,1,96881.0
46,4,0,0,0,0.0,0.0,1.0,0.0,0.0,0.0,0.0,1,3457.0
41,1,0,0,0,0.08,0.0,0.0,1.0,0.0,0.06,0.0,1,85143.0
41,1,0,0,0,0.08,0.0,0.0,1.0,0.0,0.06,0.0,1,38703.0
22,9,337,1949,1,0.0,0.0,1.0,0.0,0.02,0.0,0.02,0,18380.0
17,5,0,0,0,1.0,1.0,0.33,0.09,0.0,1.0,1.0,1,100504.0
57,2,0,0,0,0.0,0.0,0.07,0.06,0.0,0.0,0.0,1,111723.0
22,9,224,3172,1,0.0,0.0,1.0,0.0,0.0,0.0,0.0,0,93979.0
13,9,8,0,0,0.0,0.0,1.0,0.0,0.5,0.0,0.0,1,7157.0
22,9,204,334,1,0.0,0.0,1.0,0.0,0.05,0.0,0.0,0,123285.0
19,9,383,0,1,0.0,0.0,1.0,0.0,0.03,0.0,0.27,0,60436.0
19,5,0,0,0,1.0,1.0,0.14,0.05,0.0,1.0,1.0,1,43055.0
46,9,105,145,0,0.0,0.0,1.0,0.0,0.0,0.0,0.0,0,23106.0
19,9,567,0,0,0.0,0.0,0.5,1.0,0.0,0.01,0.0,0,113454.0
45,5,0,0,0,1.0,1.0,0.15,0.06,0.0,1.0,1.0,1,35761.0
18,9,1222,2451,1,0.0,0.0,1.0,0.0,0.0,0.0,0.0,0,112197.0
5,5,0,0,0,1.0,1.0,0.12,0.06,0.0,1.0,1.0,1,114295.0
11,9,45,73,0,0.0,0.0,1.0,0.01,0.0,0.0,0.0,0,64310.0
22,9,214,4858,1,0.0,0.0,1.0,0.0,0.03,0.01,0.0,0,20283.0
22,1,0,0,0,0.0,0.0,1.0,0.0,0.03,0.0,0.01,0,8055.0
41,9,516,4,0,0.0,0.0,1.0,0.0,0.0,0.0,0.0,0,54014.0
8,5,0,0,0,1.0,1.0,0.05,0.06,0.0,1.0,1.0,1,30584.0
46,5,0,0,0,1.0,1.0,0.06,0.07,0.0,1.0,1.0,1,29535.0
22,9,237,1481,1,0.0,0.0,1.0,0.0,0.01,0.0,0.0,0,11437.0
3,1,0,0,0,0.0,0.0,0.04,0.07,0.0,0.0,0.0,1,110520.0
22,9,54540,8314,1,0.0,0.0,1.0,0.0,0.0,0.01,0.01,0,21407.0
22,1,0,0,0,0.0,0.0,1.0,0.0,0.1,0.01,0.0,0,84516.0
46,5,0,0,0,1.0,1.0,0.03,0.07,0.0,1.0,1.0,1,23784.0
38,5,0,0,0,1.0,1.0,0.04,0.06,0.0,1.0,1.0,1,34116.0
14,9,1032,0,0,0.0,0.0,1.0,0.0,0.0,0.0,0.0,0,25982.0
19,5,0,0,0,1.0,1.0,0.29,0.1,0.0,1.0,1.0,1,110533.0
14,9,1480,0,0,0.0,0.0,1.0,0.0,0.0,0.0,0.0,0,108752.0
46,5,0,0,0,1.0,1.0,0.11,0.05,0.0,1.0,1.0,1,76208.0
46,4,1,0,0,0.0,0.0,1.0,0.0,0.0,0.0,0.0,1,51458.0
22,9,252,1566,1,0.0,0.0,1.0,0.0,0.02,0.0,0.0,0,125121.0
22,9,54540,8314,1,0.0,0.0,1.0,0.0,0.0,0.0,0.0,0,113401.0
19,9,11,0,1,0.0,0.0,1.0,0.0,0.07,0.27,0.0,0,99489.0
46,5,0,0,0,1.0,1.0,0.03,0.06,0.0,1.0,1.0,1,87068.0
64,5,0,0,0,1.0,1.0,0.01,0.05,0.0,1.0,1.0,1,116895.0
51,9,766,286,1,0.0,0.0,1.0,0.0,0.01,0.0,0.01,0,14060.0
4,5,0,0,0,1.0,1.0,0.03,0.05,0.0,0.99,1.0,1,113425.0
57,5,0,0,0,1.0,1.0,0.16,0.12,0.0,1.0,1.0,1,81575.0
22,9,285,4065,1,0.0,0.0,1.0,0.0,0.03,0.0,0.0,0,88790.0
46,1,0,0,0,0.0,0.0,0.2,0.07,0.0,0.0,0.0,1,110174.0
22,9,335,392,1,0.0,0.0,1.0,0.0,0.0,0.0,0.0,0,50461.0
13,9,8,0,0,0.0,0.0,1.0,0.0,0.5,0.0,0.0,1,21476.0
2,5,0,0,0,1.0,1.0,0.06,0.06,0.0,1.0,1.0,1,111949.0
46,5,0,0,0,1.0,1.0,0.02,0.07,0.0,1.0,1.0,1,68649.0
14,9,1032,0,0,0.0,0.0,1.0,0.0,0.0,0.02,0.0,0,50117.0
22,9,217,2826,1,0.0,0.0,1.0,0.0,0.0,0.0,0.0,0,28772.0
24,5,0,0,0,1.0,1.0,0.06,0.07,0.0,1.0,1.0,1,49016.0
19,9,6932,0,1,0.0,0.0,1.0,0.0,0.02,0.0,0.0,0,17087.0
46,5,0,0,0,1.0,1.0,0.01,0.06,0.0,1.0,1.0,1,98444.0
51,9,882,332,1,0.0,0.0,1.0,0.0,0.02,0.0,0.0,0,62442.0
46,5,0,0,0,1.0,1.0,0.02,0.08,0.0,1.0,1.0,1,125462.0
19,9,334,0,1,0.0,0.0,1.0,0.0,0.0,0.0,0.0,0,21356.0
62,5,0,0,0,1.0,1.0,0.07,0.05,0.0,1.0,1.0,1,106271.0
51,9,770,331,1,0.0,0.0,1.0,0.0,0.01,0.0,0.0,0,113134.0
46,5,0,0,0,1.0,1.0,0.02,0.06,0.0,1.0,1.0,1,50841.0
51,9,1538,333,1,0.0,0.0,1.0,0.0,0.0,0.0,0.0,0,97453.0
22,9,214,2815,1,0.0,0.0,1.0,0.0,0.0,0.0,0.0,0,30138.0
22,1,0,0,0,0.0,0.0,1.0,0.0,0.26,0.0,0.0,0,42246.0
22,9,233,1380,1,0.0,0.0,1.0,0.0,0.0,0.02,0.0,0,73636.0
22,9,210,2620,1,0.0,0.0,1.0,0.0,0.0,0.0,0.0,0,98791.0
22,9,203,3458,1,0.0,0.0,1.0,0.0,0.06,0.0,0.0,0,114988.0
46,9,1,0,0,0.0,0.0,0.7,0.05,0.0,0.0,0.0,1,64357.0
22,9,193,758,1,0.0,0.0,1.0,0.0,0.02,0.0,0.0,0,23086.0
22,9,212,416,1,0.0,0.0,1.0,0.0,0.04,0.1,0.01,0,35877.0
22,9,251,1939,1,0.0,0.0,1.0,0.0,0.0,0.0,0.0,0,32869.0
15,5,0,0,0,1.0,1.0,0.02,0.07,0.0,1.0,1.0,1,38371.0
19,9,383,0,0,0.0,0.0,1.0,0.0,0.0,0.0,0.0,0,54455.0
22,9,314,479,1,0.0,0.0,1.0,0.0,0.05,0.0,0.01,0,18722.0
22,9,241,2833,1,0.0,0.0,1.0,0.0,0.0,0.0,0.0,0,81953.0
22,9,301,2698,1,0.0,0.0,1.0,0.0,0.0,0.0,0.0,0,99991.0
32,5,0,0,0,1.0,1.0,0.01,0.07,0.0,1.0,1.0,1,83991.0
19,9,10073,0,1,0.0,0.0,1.0,0.0,0.05,0.0,0.0,0,102060.0
41,9,59,0,1,0.06,0.0,0.06,0.41,0.0,0.01,0.0,0,17557.0
30,5,0,0,0,1.0,1.0,0.07,0.06,0.0,1.0,1.0,1,18051.0
22,9,215,10622,1,0.0,0.0,1.0,0.0,0.05,0.0,0.0,0,102753.0
22,9,245,578,1,0.0,0.0,1.0,0.0,0.0,0.0,0.0,0,115924.0
4,5,0,0,0,1.0,1.0,0.03,0.06,0.0,1.0,1.0,1,38710.0
22,9,243,30881,1,0.0,0.0,1.0,0.0,0.0,0.0,0.0,0,1880.0
22,9,379,608,1,0.0,0.0,1.0,0.0,0.0,0.0,0.0,0,54366.0
51,9,1937,339,1,0.0,0.0,1.0,0.0,0.01,0.0,0.0,0,80580.0
22,9,205,13602,1,0.0,0.0,1.0,0.0,0.07,0.0,0.0,0,84079.0
22,9,272,60397,1,0.0,0.0,1.0,0.0,0.02,0.0,0.0,0,95484.0
11,9,45,111,0,0.0,0.0,1.0,0.0,0.0,0.0,0.0,0,99536.0
60,9,78,0,0,0.0,0.0,0.1,0.2,0.0,0.0,0.0,0,96823.0
22,9,212,1635,1,0.0,0.0,1.0,0.0,0.04,0.0,0.0,0,66634.0
19,9,16115,0,1,0.0,0.0,1.0,0.0,0.03,0.0,0.0,0,47876.0
13,9,18,0,0,0.0,0.0,1.0,0.0,1.0,0.0,0.0,1,19741.0
46,5,0,0,0,1.0,1.0,0.08,0.06,0.0,1.0,1.0,1,116116.0
46,1,0,0,0,0.0,0.0,0.5,1.0,0.0,0.16,0.0,1,32442.0
55,5,0,0,0,1.0,1.0,0.07,0.04,0.0,1.0,1.0,1,85496.0
46,1,0,0,0,0.0,0.0,0.5,1.0,0.0,0.0,0.0,1,24088.0
57,5,0,0,0,1.0,1.0,0.07,0.06,0.0,1.0,1.0,1,88531.0
57,9,339,9251,1,0.0,0.0,1.0,0.0,0.0,0.0,0.0,0,65567.0
19,9,5293,0,0,0.0,0.0,1.0,0.0,0.0,0.0,0.01,0,28428.0
51,9,1561,330,1,0.0,0.0,1.0,0.0,0.0,0.0,0.0,0,2248.0
22,9,208,281,1,0.0,0.0,1.0,0.0,0.03,0.0,0.0,0,4702.0
61,5,0,0,0,1.0,1.0,0.03,0.06,0.0,1.0,1.0,1,106004.0
22,9,301,2653,1,0.0,0.0,1.0,0.0,0.05,0.0,0.0,0,118265.0
46,5,0,0,0,1.0,1.0,0.01,0.06,0.0,1.0,1.0,1,106302.0
11,9,44,70,0,0.0,0.0,1.0,0.0,0.0,0.0,0.0,0,99547.0
22,9,232,2395,1,0.0,0.0,1.0,0.0,0.06,0.0,0.0,0,67213.0
63,5,0,0,0,1.0,1.0,0.07,0.06,0.0,1.0,1.0,1,97068.0
41,9,8325,0,1,0.06,0.0,0.06,0.24,0.0,0.02,0.0,0,89375.0
22,9,316,301,1,0.0,0.0,1.0,0.0,0.0,0.0,0.0,0,89065.0
51,9,658,333,1,0.0,0.0,1.0,0.0,0.0,0.0,0.0,0,110883.0
56,5,0,0,0,1.0,1.0,0.07,0.11,0.0,1.0,1.0,1,66114.0
41,5,0,0,0,0.23,1.0,0.0,1.0,0.0,0.27,1.0,1,35931.0
38,5,0,0,0,1.0,1.0,0.06,0.06,0.0,1.0,1.0,1,30696.0
49,5,0,0,0,1.0,1.0,0.06,0.06,0.0,1.0,1.0,1,84620.0
22,9,225,188,1,0.0,0.0,1.0,0.0,0.13,0.0,0.0,0,96286.0
51,9,1803,404,1,0.0,0.0,1.0,0.0,0.0,0.0,0.0,0,28397.0
52,5,0,0,0,1.0,1.0,0.01,0.06,0.0,1.0,1.0,1,25372.0
20,5,0,0,0,1.0,1.0,0.09,0.05,0.0,1.0,1.0,1,101339.0
57,5,0,0,0,1.0,1.0,0.23,0.09,0.0,1.0,1.0,1,53871.0
39,5,0,0,0,1.0,1.0,0.0,0.06,0.0,1.0,1.0,1,120326.0
37,5,0,0,0,1.0,1.0,0.09,0.06,0.0,1.0,1.0,1,76898.0
46,5,0,0,0,1.0,1.0,0.07,0.06,0.0,1.0,1.0,1,16818.0
13,9,8,0,0,0.0,0.0,1.0,0.0,0.5,0.0,0.0,1,100204.0
22,9,306,2507,1,0.17,0.17,1.0,0.0,0.0,0.01,0.01,0,4312.0
22,9,490,4997,1,0.0,0.0,1.0,0.0,0.0,0.0,0.0,0,114912.0
22,9,193,1195,1,0.0,0.0,1.0,0.0,0.02,0.0,0.0,0,75702.0
13,9,18,0,0,0.0,0.0,1.0,0.0,1.0,0.0,0.0,1,86385.0
22,9,333,7927,1,0.0,0.0,1.0,0.0,0.02,0.0,0.0,0,55066.0
57,5,0,0,0,1.0,1.0,0.18,0.24,0.0,1.0,1.0,1,88438.0
22,9,240,3222,1,0.0,0.0,1.0,0.0,0.0,0.0,0.0,0,30683.0
46,5,0,0,0,1.0,1.0,0.02,0.05,0.0,0.8,1.0,1,123422.0
50,5,0,0,0,1.0,1.0,0.1,0.05,0.0,1.0,1.0,1,98915.0
19,9,334,0,1,0.0,0.0,1.0,0.0,0.38,0.0,0.0,0,38640.0
11,9,43,68,0,0.0,0.0,1.0,0.0,0.0,0.0,0.0,0,106667.0
46,5,0,0,0,1.0,1.0,0.01,0.06,0.0,1.0,1.0,1,52754.0
51,9,750,344,1,0.0,0.0,1.0,0.0,0.01,0.0,0.0,0,18012.0
46,5,0,0,0,1.0,1.0,0.07,0.06,0.0,1.0,1.0,1,50574.0
15,5,0,0,0,1.0,1.0,0.14,0.06,0.0,1.0,1.0,1,80573.0
22,9,296,1511,1,0.0,0.0,1.0,0.0,0.0,0.0,0.0,0,2283.0
17,9,8,138,0,0.0,0.0,1.0,0.0,0.0,0.0,0.0,0,89707.0
51,9,1653,332,1,0.0,0.0,1.0,0.0,0.02,0.0,0.0,0,93785.0
51,9,2104,328,1,0.0,0.0,1.0,0.0,0.02,0.0,0.0,0,98207.0
22,9,233,1645,1,0.0,0.0,1.0,0.0,0.0,0.0,0.0,0,28329.0
46,5,0,0,0,1.0,1.0,0.03,0.05,0.0,1.0,1.0,1,52744.0
43,5,0,0,0,1.0,1.0,0.03,0.07,0.0,1.0,1.0,1,111633.0
51,9,821,333,1,0.0,0.0,1.0,0.0,0.0,0.0,0.0,0,80096.0
22,9,226,1350,1,0.0,0.0,1.0,0.0,0.05,0.0,0.0,0,34280.0
46,5,0,0,0,1.0,1.0,0.1,0.05,0.0,1.0,1.0,1,97218.0
22,9,251,608,1,0.0,0.0,1.0,0.0,0.0,0.0,0.0,0,72048.0
57,9,225,4891,1,0.0,0.0,1.0,0.0,0.0,0.15,0.0,0,75972.0
22,9,287,1456,1,0.0,0.0,1.0,0.0,0.0,0.0,0.0,0,84799.0
22,9,336,1135,1,0.0,0.0,1.0,0.0,0.02,0.0,0.0,0,113651.0
22,9,169,8147,1,0.0,0.0,1.0,0.0,0.1,0.0,0.0,0,16042.0
22,9,237,2276,1,0.0,0.0,1.0,0.0,0.03,0.0,0.0,0,105533.0
46,4,0,0,0,0.0,0.0,1.0,0.0,0.0,0.06,0.0,1,5921.0
26,5,0,0,0,1.0,1.0,0.04,0.06,0.0,1.0,1.0,1,102538.0
46,5,0,0,0,1.0,1.0,0.24,0.1,0.0,1.0,1.0,1,44614.0
51,9,1869,390,1,0.0,0.0,1.0,0.0,0.03,0.0,0.0,0,48683.0
57,5,0,0,0,1.0,1.0,0.33,0.25,0.0,1.0,1.0,1,22698.0
46,5,0,0,0,1.0,1.0,0.02,0.07,0.0,1.0,1.0,1,73031.0
11,9,44,75,0,0.0,0.0,1.0,0.0,0.0,0.0,0.0,0,34756.0
22,9,330,875,1,0.0,0.0,1.0,0.0,0.03,0.0,0.0,0,107341.0
22,9,195,1227,1,0.0,0.0,1.0,0.0,0.0,0.0,0.0,0,75314.0
58,5,0,0,0,1.0,1.0,0.08,0.06,0.0,1.0,1.0,1,96469.0
34,5,0,0,0,1.0,1.0,0.02,0.09,0.0,1.0,1.0,1,66036.0
22,9,327,1660,1,0.0,0.0,1.0,0.0,0.0,0.0,0.0,0,71862.0
41,9,147,105,0,0.0,0.0,0.4,0.6,0.0,0.0,0.0,0,80309.0
46,1,0,0,0,0.06,0.0,0.0,1.0,0.0,0.08,0.0,1,117637.0
22,9,317,2313,1,0.0,0.0,1.0,0.0,0.0,0.0,0.0,0,45455.0
13,9,8,0,0,0.0,0.0,1.0,0.0,0.25,0.0,0.0,1,15907.0
6,5,0,0,0,1.0,1.0,0.04,0.06,0.0,1.0,1.0,1,123343.0
46,5,0,0,0,1.0,1.0,0.05,0.06,0.0,1.0,1.0,1,106437.0
22,5,0,0,0,1.0,1.0,0.29,0.07,0.0,1.0,1.0,1,31057.0
22,9,342,2631,1,0.0,0.0,1.0,0.0,0.04,0.0,0.0,0,74400.0
14,9,1032,0,0,0.0,0.0,1.0,0.0,0.0,0.0,0.0,0,60617.0
22,9,382,6496,1,0.0,0.0,1.0,0.0,0.03,0.0,0.0,0,5814.0
21,5,0,0,0,1.0,1.0,0.03,0.06,0.0,1.0,1.0,1,8237.0
46,1,0,0,0,0.0,0.0,0.11,0.06,0.0,0.0,0.0,1,34345.0
12,5,0,0,0,1.0,1.0,0.08,0.06,0.0,1.0,1.0,1,76787.0
22,9,295,955,1,0.0,0.0,1.0,0.0,0.0,0.0,0.0,0,22886.0
22,9,189,960,1,0.0,0.0,1.0,0.0,0.06,0.0,0.0,0,104337.0
46,9,28,0,0,0.0,0.0,0.99,0.03,0.0,0.0,0.0,1,58970.0
38,5,0,0,0,1.0,1.0,0.13,0.06,0.0,1.0,1.0,1,49596.0
39,5,0,0,0,1.0,1.0,0.03,0.05,0.0,1.0,1.0,1,15247.0
19,5,0,0,0,1.0,1.0,0.43,0.14,0.0,1.0,1.0,1,68123.0
22,9,338,3516,1,0.0,0.0,1.0,0.0,0.0,0.0,0.0,0,49130.0
9,5,0,0,0,1.0,1.0,0.08,0.05,0.0,1.0,1.0,1,3079.0
9,5,0,0,0,1.0,1.0,0.03,0.07,0.0,1.0,1.0,1,65106.0
46,5,0,0,0,1.0,1.0,0.05,0.06,0.0,0.94,1.0,1,33593.0
22,9,309,16096,1,0.0,0.0,1.0,0.0,0.02,0.0,0.0,0,147.0
13,9,8,0,0,0.0,0.0,1.0,0.0,0.26,0.0,0.0,1,12639.0
14,9,1032,0,0,0.0,0.0,1.0,0.0,0.0,0.0,0.0,0,5912.0
22,9,371,620,1,0.0,0.0,1.0,0.0,0.0,0.0,0.0,0,57264.0
46,9,1,0,0,0.0,0.0,1.0,0.0,0.0,0.02,0.0,1,91858.0
22,9,291,388,1,0.0,0.0,1.0,0.0,0.0,0.0,0.0,0,37624.0
51,9,840,328,1,0.0,0.0,1.0,0.0,0.0,0.0,0.0,0,36648.0
22,9,148,432,1,0.0,0.0,1.0,0.0,0.05,0.0,0.0,0,69609.0
22,9,389,312,1,0.0,0.0,1.0,0.0,0.0,0.0,0.0,0,71543.0
46,9,1,0,0,0.0,0.0,0.5,0.14,0.0,0.16,0.0,1,6762.0
46,5,0,0,0,1.0,1.0,0.08,0.08,0.0,1.0,1.0,1,44722.0
24,5,0,0,0,1.0,1.0,0.16,0.06,0.0,1.0,1.0,1,111382.0
22,9,317,896,1,0.0,0.0,1.0,0.0,0.03,0.0,0.0,0,56139.0
22,9,243,8370,1,0.0,0.0,1.0,0.0,0.04,0.01,0.0,0,29394.0
58,5,0,0,0,1.0,1.0,0.02,0.06,0.0,1.0,1.0,1,53001.0
51,5,0,0,0,0.5,0.5,1.0,0.0,0.02,0.02,0.02,0,114678.0
22,9,240,535,1,0.0,0.0,1.0,0.0,0.0,0.0,0.0,0,51727.0
46,5,0,0,0,1.0,1.0,0.13,0.05,0.0,1.0,1.0,1,34852.0
46,5,0,0,0,1.0,1.0,0.08,0.06,0.0,0.94,1.0,1,19949.0
13,9,8,0,0,0.0,0.0,1.0,0.0,0.52,0.0,0.0,1,80898.0
11,9,45,45,0,0.0,0.0,1.0,0.0,0.0,0.0,0.0,0,34082.0
22,1,0,0,0,0.0,0.0,1.0,0.0,0.03,0.01,0.01,0,4760.0
22,9,299,3228,1,0.0,0.0,1.0,0.0,0.04,0.0,0.0,0,83258.0
22,9,326,821,1,0.0,0.0,1.0,0.0,0.01,0.0,0.0,0,120701.0
18,5,0,0,0,1.0,1.0,0.03,0.06,0.0,1.0,1.0,1,37018.0
46,5,0,0,0,1.0,1.0,0.3,0.07,0.0,1.0,1.0,1,7441.0
22,9,248,3223,1,0.0,0.0,1.0,0.0,0.03,0.0,0.0,0,58069.0
46,5,0,0,0,1.0,1.0,0.03,0.06,0.0,1.0,1.0,1,52533.0
51,9,1526,392,1,0.0,0.0,1.0,0.0,0.01,0.0,0.01,0,71965.0
22,9,161,8444,1,0.0,0.0,1.0,0.0,0.06,0.0,0.0,0,70196.0
11,9,44,130,0,0.0,0.0,1.0,0.0,0.0,0.0,0.0,0,63625.0
22,9,328,1231,1,0.0,0.0,1.0,0.0,0.02,0.0,0.0,0,11167.0
41,4,1,0,0,0.0,0.0,1.0,0.0,0.0,0.0,0.0,1,21817.0
41,9,146,105,0,0.0,0.0,0.5,0.5,0.0,0.0,0.0,0,18073.0
46,4,1,0,0,0.0,0.0,1.0,0.0,0.0,0.0,0.0,1,29960.0
19,9,9311,0,1,0.0,0.0,1.0,0.0,0.02,0.0,0.0,0,55799.0
46,5,0,0,0,1.0,1.0,0.02,0.07,0.0,1.0,1.0,1,34453.0
22,1,0,0,0,0.0,0.0,1.0,0.0,0.16,0.0,0.0,0,45727.0
22,9,201,6585,1,0.0,0.0,1.0,0.0,0.06,0.0,0.0,0,76323.0
22,8,344,201,1,0.2,0.18,1.0,0.0,0.02,0.2,0.01,0,14636.0
19,9,8766,0,1,0.97,0.0,0.03,0.06,0.0,0.96,0.0,0,71433.0
22,9,283,2238,1,0.0,0.0,1.0,0.0,0.05,0.0,0.0,0,8734.0
29,5,0,0,0,1.0,1.0,0.31,0.09,0.0,1.0,1.0,1,119474.0
13,9,30,0,0,0.0,0.0,1.0,0.0,0.0,0.0,0.0,0,110303.0
58,5,0,0,0,1.0,1.0,0.03,0.05,0.0,1.0,1.0,1,71584.0
22,9,214,1718,1,0.0,0.0,1.0,0.0,0.0,0.0,0.0,0,22263.0
61,5,0,0,0,1.0,1.0,0.1,0.07,0.0,1.0,1.0,1,49774.0
11,9,46,46,0,0.0,0.0,1.0,0.0,0.0,0.0,0.0,0,2818.0
18,9,332,1054,1,0.0,0.0,1.0,0.0,0.0,0.0,0.0,0,9382.0
11,9,42,42,0,0.0,0.0,1.0,0.0,0.0,0.0,0.0,0,31512.0
51,9,1173,337,1,0.0,0.0,1.0,0.0,0.0,0.0,0.0,0,91712.0
22,9,298,310,1,0.0,0.0,1.0,0.0,0.02,0.0,0.0,0,58258.0
11,9,104,0,0,0.0,0.0,1.0,0.0,0.0,0.0,0.0,0,106781.0
19,9,14189,0,1,0.0,0.0,1.0,0.0,0.02,0.0,0.01,0,41437.0
41,9,145,105,0,0.0,0.0,1.0,0.0,0.0,0.0,0.0,0,106024.0
60,9,183,0,0,0.0,0.0,1.0,0.0,0.0,0.0,0.0,0,84335.0
51,9,2848,329,1,0.0,0.0,1.0,0.0,0.0,0.0,0.0,0,122746.0
41,9,146,105,0,0.0,0.0,1.0,0.0,0.0,0.0,0.0,0,87560.0
51,9,3253,414,1,0.0,0.0,1.0,0.0,0.02,0.0,0.15,0,54395.0
22,5,0,0,0,1.0,1.0,0.18,0.05,0.0,1.0,1.0,1,53309.0
15,5,0,0,0,0.2,1.0,0.0,1.0,0.0,0.2,1.0,1,16210.0
14,9,1032,0,0,0.0,0.0,1.0,0.0,0.0,0.0,0.0,0,27221.0
46,5,0,0,0,1.0,1.0,0.06,0.06,0.0,1.0,1.0,1,32589.0
64,5,0,0,0,1.0,1.0,0.03,0.06,0.0,1.0,1.0,1,77238.0
5,5,0,0,0,1.0,1.0,0.01,0.06,0.0,1.0,1.0,1,11388.0
19,9,1699,0,1,0.0,0.0,1.0,0.0,0.0,0.01,0.02,0,25904.0
14,9,30,0,0,0.0,0.0,1.0,0.0,0.0,0.0,0.0,0,109258.0
41,9,146,105,0,0.0,0.0,0.5,0.5,0.0,0.0,0.0,0,92566.0
51,9,738,325,1,0.0,0.0,1.0,0.0,0.0,0.0,0.0,0,28670.0
51,9,4031,322,1,0.0,0.0,1.0,0.0,0.03,0.0,0.0,0,57101.0
19,9,192,0,1,0.0,0.0,1.0,0.0,0.0,0.0,0.0,0,37016.0
14,9,1032,0,0,0.0,0.0,1.0,0.0,0.0,0.0,0.0,0,98157.0
46,4,1,0,0,0.0,0.0,1.0,0.0,0.0,0.0,0.0,1,82646.0
28,5,0,0,0,1.0,1.0,0.07,0.06,0.0,1.0,1.0,1,54007.0
62,1,0,0,0,0.0,0.0,0.04,0.06,0.0,0.0,0.0,1,122103.0
22,1,0,0,0,0.0,0.0,1.0,0.0,0.17,0.0,0.0,0,116594.0
17,9,10,0,0,0.0,0.0,1.0,0.0,0.5,0.0,0.0,1,103666.0
41,9,516,4,0,0.0,0.0,1.0,0.0,0.0,0.0,0.0,0,45945.0
22,9,221,3185,1,0.0,0.0,1.0,0.0,0.07,0.0,0.0,0,8736.0
19,9,12983,0,0,0.0,0.0,1.0,0.0,0.0,0.0,0.0,0,79319.0
46,1,0,0,0,0.0,0.0,0.18,0.07,0.0,0.0,0.0,1,12499.0
46,9,105,147,0,0.0,0.0,1.0,0.0,0.0,0.0,0.0,0,57450.0
51,9,938,326,1,0.0,0.0,1.0,0.0,0.0,0.0,0.0,0,66714.0
19,9,383,0,1,0.0,0.0,1.0,0.0,0.09,0.0,0.0,0,54934.0
22,9,293,483,1,0.0,0.0,1.0,0.0,0.0,0.0,0.0,0,63633.0
46,1,0,0,0,0.0,0.0,0.02,0.08,0.0,0.0,0.0,1,17149.0
46,5,0,0,0,1.0,1.0,0.07,0.06,0.0,1.0,1.0,1,37061.0
38,5,0,0,0,1.0,1.0,0.11,0.05,0.0,1.0,1.0,1,72543.0
22,9,227,1404,1,0.0,0.0,1.0,0.0,0.0,0.0,0.0,0,73641.0
20,5,0,0,0,1.0,1.0,0.03,0.06,0.0,1.0,1.0,1,6716.0
51,9,2645,332,1,0.0,0.0,1.0,0.0,0.0,0.0,0.0,0,17168.0
19,9,319,0,1,0.0,0.0,1.0,0.0,0.03,0.0,0.0,0,123282.0
46,9,1,0,0,0.0,0.0,0.08,0.08,0.0,0.0,0.0,1,57310.0
22,9,296,366,1,0.25,0.2,1.0,0.0,0.0,0.0,0.0,0,85391.0
22,9,289,324,1,0.0,0.0,1.0,0.0,0.02,0.0,0.0,0,71461.0
46,9,1,0,0,0.0,0.0,1.0,0.0,0.0,0.0,0.0,1,71149.0
22,9,244,1480,1,0.0,0.0,1.0,0.0,0.01,0.0,0.0,0,59169.0
20,5,0,0,0,1.0,1.0,0.06,0.06,0.0,1.0,1.0,1,22632.0
11,9,44,70,0,0.0,0.0,1.0,0.0,0.0,0.0,0.0,0,583.0
22,1,0,0,0,0.0,0.0,1.0,0.0,0.16,0.0,0.0,0,18533.0
51,9,1679,385,1,0.0,0.0,1.0,0.0,0.0,0.69,0.0,0,122527.0
7,5,0,0,0,1.0,1.0,0.07,0.07,0.0,1.0,1.0,1,73141.0
46,1,0,0,0,0.0,0.0,0.05,0.07,0.0,0.0,0.0,1,27586.0
22,9,200,3820,1,0.0,0.0,1.0,0.0,0.02,0.0,0.0,0,38103.0
51,9,1277,331,1,0.0,0.0,1.0,0.0,0.02,0.0,0.0,0,54100.0
22,9,208,478,1,0.0,0.0,1.0,0.0,0.0,0.0,0.0,0,59940.0
22,5,0,0,0,1.0,1.0,0.01,0.06,0.0,1.0,1.0,1,103497.0
46,5,0,0,0,1.0,1.0,0.09,0.05,0.0,1.0,1.0,1,4922.0
7,5,0,0,0,1.0,1.0,0.03,0.06,0.0,1.0,1.0,1,18622.0
11,9,46,135,0,0.0,0.0,1.0,0.0,0.0,0.0,0.0,0,44990.0
46,5,0,0,0,1.0,1.0,0.04,0.06,0.0,1.0,1.0,1,55424.0
22,9,206,252,1,0.0,0.0,1.0,0.0,0.03,0.0,0.0,0,124581.0
46,1,0,0,0,0.0,0.0,0.29,0.07,0.0,0.0,0.0,1,85014.0
46,1,0,0,0,0.0,0.0,0.5,1.0,0.0,0.04,0.0,1,33578.0
13,9,8,0,0,0.0,0.0,1.0,0.0,0.5,0.0,0.0,1,920.0
51,9,3080,498,1,0.0,0.0,1.0,0.0,0.0,0.0,0.0,0,14982.0
11,9,45,133,0,0.0,0.0,1.0,0.0,0.0,0.0,0.0,0,19490.0
7,1,0,0,0,0.0,0.0,0.08,0.07,0.0,0.0,0.0,1,23741.0
19,9,567,0,1,0.0,0.0,1.0,0.0,0.04,0.0,0.0,0,86447.0
17,5,0,0,0,1.0,1.0,0.01,0.06,0.0,1.0,1.0,1,124854.0
46,5,0,0,0,1.0,1.0,0.07,0.06,0.0,1.0,1.0,1,102671.0
18,6,234,754,1,1.0,1.0,1.0,0.0,0.0,0.02,0.11,0,57515.0
46,5,0,0,0,1.0,1.0,0.03,0.06,0.0,1.0,1.0,1,25886.0
53,5,0,0,0,1.0,1.0,0.09,0.05,0.0,1.0,1.0,1,95365.0
19,9,374,0,1,0.0,0.0,1.0,0.0,0.0,0.0,0.0,0,89552.0
41,9,3468,0,1,0.06,0.0,0.06,0.19,0.0,0.01,0.0,0,120577.0
51,9,1169,338,1,0.0,0.0,0.5,1.0,0.01,0.0,0.0,0,34400.0
54,5,0,0,0,1.0,1.0,0.1,0.06,0.0,1.0,1.0,1,22851.0
17,2,0,0,0,0.0,0.0,0.5,1.0,0.0,0.0,0.0,1,111703.0
22,5,0,0,0,1.0,1.0,1.0,0.0,0.0,1.0,1.0,1,3643.0
51,9,1183,332,1,0.0,0.0,1.0,0.0,0.0,0.0,0.0,0,7257.0
53,5,0,0,0,1.0,1.0,0.47,0.2,0.0,1.0,1.0,1,62991.0
22,9,210,31998,1,0.0,0.0,1.0,0.0,0.01,0.0,0.0,0,33523.0
22,9,183,9736,1,0.0,0.0,1.0,0.0,0.02,0.01,0.0,0,92564.0
22,9,249,14513,1,0.0,0.0,1.0,0.0,0.0,0.0,0.0,0,110888.0
22,9,308,2241,1,0.0,0.0,1.0,0.0,0.06,0.0,0.0,0,8194.0
18,2,0,0,0,0.0,0.0,0.07,0.06,0.0,0.0,0.0,1,13546.0
11,9,42,42,0,0.0,0.0,1.0,0.0,0.0,0.0,0.0,0,8553.0
22,5,0,0,0,1.0,1.0,0.75,0.5,0.0,1.0,1.0,1,19287.0
11,9,45,135,0,0.0,0.0,1.0,0.01,0.0,0.0,0.0,0,42943.0
22,9,247,4145,1,0.0,0.0,1.0,0.0,0.04,0.0,0.0,0,86616.0
46,5,0,0,0,1.0,1.0,0.01,0.06,0.0,1.0,1.0,1,55587.0
13,9,8,0,0,0.0,0.0,1.0,0.0,0.5,0.0,0.0,1,101440.0
22,1,0,0,0,0.0,0.0,1.0,0.0,0.26,0.0,0.0,0,53407.0
46,5,0,0,0,1.0,1.0,0.05,0.06,0.0,1.0,1.0,1,117724.0
22,9,292,344,1,0.0,0.0,1.0,0.0,0.01,0.0,0.0,0,35562.0
56,5,0,0,0,1.0,1.0,0.0,0.07,0.0,1.0,1.0,1,99956.0
22,9,310,2730,1,0.0,0.0,1.0,0.0,0.05,0.0,0.0,0,18570.0
58,5,0,0,0,1.0,1.0,0.01,0.07,0.0,1.0,1.0,1,90301.0
22,9,294,998,1,0.0,0.0,1.0,0.0,0.05,0.0,0.01,0,113547.0
46,5,0,0,0,1.0,1.0,0.02,0.06,0.0,1.0,1.0,1,11.0
22,9,195,527,1,0.0,0.0,1.0,0.0,0.0,0.0,0.0,0,104852.0
51,9,2482,330,1,0.0,0.0,1.0,0.0,0.0,0.01,0.02,0,50458.0
8,5,0,0,0,1.0,1.0,0.02,0.07,0.0,1.0,1.0,1,82905.0
9,5,0,0,0,1.0,1.0,0.38,0.38,0.0,1.0,1.0,1,26596.0
3,2,0,0,0,0.0,0.0,0.0,0.53,0.0,0.0,0.0,1,25509.0
14,9,520,0,0,0.0,0.0,1.0,0.0,0.0,0.0,0.0,0,81796.0
20,5,0,0,0,1.0,1.0,0.09,0.05,0.0,1.0,1.0,1,44514.0
22,9,248,12635,1,0.0,0.0,1.0,0.0,0.0,0.0,0.0,0,22737.0
22,9,242,2749,1,0.0,0.0,1.0,0.0,0.0,0.0,0.0,0,77713.0
9,5,0,0,0,1.0,1.0,0.09,0.06,0.0,1.0,1.0,1,28977.0
25,5,0,0,0,1.0,1.0,0.06,0.07,0.0,1.0,1.0,1,124662.0
32,1,0,0,0,0.0,0.0,0.08,0.06,0.0,0.0,0.0,1,50468.0
57,2,0,0,0,0.0,0.0,1.0,0.0,0.0,0.0,0.0,1,121270.0
11,9,43,85,0,0.0,0.0,1.0,0.0,0.0,0.0,0.0,0,45040.0
22,9,229,482,1,0.0,0.0,1.0,0.0,0.0,0.0,0.0,0,63107.0
38,5,0,0,0,1.0,1.0,0.08,0.05,0.0,1.0,1.0,1,117542.0
44,9,35,130,1,0.0,0.0,0.5,1.0,0.0,0.0,0.0,0,58438.0
14,9,1032,0,0,0.0,0.0,1.0,0.0,0.0,0.0,0.0,0,12426.0
51,9,2093,326,1,0.0,0.0,1.0,0.0,0.01,0.0,0.0,0,105835.0
60,9,182,0,0,0.0,0.0,0.5,1.0,0.0,0.0,0.0,0,68265.0
11,9,88,0,0,0.0,0.0,1.0,0.0,0.0,0.0,0.0,0,75325.0
46,1,0,0,0,0.0,0.0,1.0,0.0,0.0,0.0,0.0,1,32318.0
22,9,223,1246,1,0.0,0.0,1.0,0.0,0.04,0.0,0.0,0,60951.0
46,5,0,0,0,1.0,1.0,0.02,0.07,0.0,1.0,1.0,1,94463.0
53,1,0,0,0,0.0,0.0,0.08,0.08,0.0,0.0,0.0,1,31688.0
22,9,195,319,1,0.0,0.0,1.0,0.0,0.02,0.0,0.0,0,14174.0
17,5,0,0,0,1.0,1.0,1.0,0.0,1.0,1.0,1.0,1,67588.0
60,9,183,0,0,0.0,0.0,0.5,1.0,0.0,0.0,0.0,0,18629.0
22,9,349,253,1,0.0,0.0,1.0,0.0,0.0,0.0,0.0,0,9528.0
22,9,232,27390,1,0.0,0.0,1.0,0.0,0.02,0.0,0.0,0,119036.0
33,5,0,0,0,1.0,1.0,0.01,0.06,0.0,1.0,1.0,1,30774.0
11,9,43,75,0,0.0,0.0,1.0,0.0,0.0,0.0,0.0,0,30589.0
46,9,105,147,0,0.0,0.0,0.12,0.25,0.0,0.0,0.0,0,6867.0
18,9,240,771,1,0.0,0.0,1.0,0.0,0.0,0.04,0.08,0,92851.0
17,5,0,0,0,1.0,1.0,0.26,0.05,0.0,1.0,1.0,1,16307.0
22,9,283,337,1,0.0,0.0,1.0,0.0,0.06,0.0,0.0,0,1230.0
2,5,0,0,0,1.0,1.0,0.07,0.05,0.0,1.0,1.0,1,112010.0
11,9,33,0,0,0.0,0.0,1.0,0.0,0.08,0.0,0.0,0,112042.0
11,9,42,76,0,0.0,0.0,1.0,0.0,0.0,0.0,0.0,0,53796.0
64,5,0,0,0,1.0,1.0,0.02,0.06,0.0,1.0,1.0,1,63509.0
46,5,0,0,0,1.0,1.0,0.1,0.06,0.0,1.0,1.0,1,9946.0
11,9,46,134,0,0.0,0.0,1.0,0.0,0.0,0.0,0.0,0,119234.0
19,9,5558,0,1,0.0,0.0,1.0,0.0,0.0,0.0,0.0,0,51734.0
14,9,1032,0,0,0.0,0.0,1.0,0.0,0.0,0.0,0.0,0,109623.0
51,9,1103,331,1,0.0,0.0,1.0,0.0,0.0,0.0,0.0,0,6936.0
46,5,0,0,0,1.0,1.0,0.06,0.06,0.0,1.0,1.0,1,86598.0
22,9,317,646,1,0.0,0.0,1.0,0.0,0.04,0.0,0.0,0,117721.0
22,9,198,1028,1,0.0,0.0,1.0,0.0,0.04,0.0,0.0,0,43636.0
51,9,1090,337,1,0.0,0.0,1.0,0.0,0.02,0.0,0.0,0,118330.0
46,1,0,0,0,0.0,0.0,0.04,0.06,0.0,0.0,0.0,1,15328.0
10,5,0,0,0,1.0,1.0,0.04,0.06,0.0,1.0,1.0,1,15201.0
26,5,0,0,0,1.0,1.0,0.04,0.05,0.0,1.0,1.0,1,110992.0
57,9,5167,65909,1,0.0,0.0,0.5,1.0,0.0,0.64,0.78,0,22202.0
22,9,160,4198,1,0.0,0.0,1.0,0.0,0.02,0.0,0.0,0,26937.0
46,1,0,0,0,0.1,0.0,0.0,1.0,0.0,0.1,0.0,1,103602.0
22,9,324,559,1,0.0,0.0,1.0,0.0,0.0,0.0,0.0,0,87136.0
19,9,74,0,1,0.0,0.0,1.0,0.0,0.05,0.0,0.02,0,61993.0
51,9,3004,332,1,0.0,0.0,1.0,0.0,0.02,0.0,0.0,0,91369.0
22,5,0,0,0,1.0,1.0,0.39,0.22,0.0,0.99,1.0,1,120666.0
22,9,310,290,1,0.0,0.0,1.0,0.0,0.0,0.0,0.0,0,80910.0
64,5,0,0,0,1.0,1.0,0.03,0.07,0.0,1.0,1.0,1,21253.0
46,5,0,0,0,0.81,1.0,0.01,0.06,0.0,1.0,1.0,1,79730.0
22,9,235,1200,1,0.0,0.0,1.0,0.0,0.06,0.01,0.01,0,48647.0
51,9,1725,330,1,0.0,0.0,1.0,0.0,0.02,0.0,0.0,0,59250.0
22,9,256,3046,1,0.0,0.0,1.0,0.0,0.0,0.01,0.01,0,109750.0
46,5,0,0,0,1.0,1.0,0.06,0.08,0.0,1.0,1.0,1,99626.0
46,5,0,0,0,1.0,1.0,0.03,0.06,0.0,1.0,1.0,1,77986.0
41,9,516,4,0,0.0,0.0,1.0,0.0,0.0,0.0,0.0,0,102881.0
41,9,113,0,0,0.0,0.0,1.0,0.0,0.0,0.0,0.0,0,99259.0
22,9,241,486,1,0.0,0.0,1.0,0.0,0.01,0.0,0.0,0,98420.0
11,9,45,122,0,0.0,0.0,1.0,0.0,0.0,0.0,0.0,0,39558.0
22,9,310,22344,1,0.0,0.0,1.0,0.0,0.04,0.0,0.0,0,120132.0
22,9,316,955,1,0.0,0.0,1.0,0.0,0.03,0.0,0.0,0,4216.0
22,9,207,24293,1,0.0,0.0,1.0,0.0,0.0,0.0,0.0,0,122379.0
46,5,0,0,0,1.0,1.0,0.11,0.06,0.0,1.0,1.0,1,25834.0
22,9,0,32884,0,0.07,0.07,1.0,0.0,0.01,0.02,0.01,0,75103.0
22,9,193,2148,1,0.0,0.0,1.0,0.0,0.01,0.0,0.0,0,82642.0
11,9,46,82,0,0.0,0.0,1.0,0.0,0.0,0.0,0.0,0,104720.0
46,5,0,0,0,1.0,1.0,0.08,0.06,0.0,1.0,1.0,1,12039.0
46,5,0,0,0,1.0,1.0,0.07,0.05,0.0,1.0,1.0,1,93108.0
4,1,0,0,0,0.0,0.0,0.02,0.07,0.0,0.0,0.0,1,23177.0
22,1,0,0,0,0.0,0.0,1.0,0.0,0.0,0.0,0.0,0,92885.0
41,9,1,0,0,0.0,0.0,0.03,0.21,0.0,0.0,0.0,1,67084.0
46,5,0,0,0,1.0,1.0,0.0,0.06,0.0,1.0,1.0,1,116410.0
22,9,271,3582,1,0.0,0.0,1.0,0.0,0.03,0.0,0.0,0,435.0
46,1,0,0,0,0.0,0.0,0.02,0.07,0.0,0.0,0.0,1,71687.0
22,1,0,0,0,0.0,0.0,1.0,0.0,0.18,0.0,0.0,0,11572.0
22,9,298,805,1,0.0,0.0,1.0,0.0,0.01,0.0,0.0,0,64222.0
13,9,8,0,0,0.0,0.0,1.0,0.0,0.52,0.0,0.0,1,54290.0
46,1,0,0,0,0.0,0.0,0.05,0.07,0.0,0.0,0.0,1,54438.0
22,9,147,3253,1,0.0,0.0,1.0,0.0,0.05,0.0,0.0,0,22852.0
3,1,0,0,0,0.0,0.0,0.02,0.07,0.0,0.0,0.0,1,81166.0
44,9,38,130,1,0.0,0.0,1.0,0.0,0.18,0.0,0.0,0,69434.0
22,9,234,10184,1,0.0,0.0,1.0,0.0,0.0,0.0,0.0,0,3193.0
27,5,0,0,0,1.0,1.0,0.16,0.05,0.0,1.0,1.0,1,89755.0
46,5,0,0,0,1.0,1.0,0.16,0.06,0.0,1.0,1.0,1,73181.0
22,9,207,940,1,0.0,0.0,1.0,0.0,0.0,0.0,0.0,0,30539.0
41,9,146,0,0,0.0,0.0,0.5,1.0,0.0,0.0,0.0,0,65786.0
19,9,641,0,1,0.0,0.0,1.0,0.0,0.03,0.0,0.01,0,124199.0
46,9,207,0,0,0.0,0.0,1.0,0.0,0.0,0.0,0.0,0,37858.0
46,1,0,0,0,0.03,0.0,0.0,1.0,0.0,0.04,0.0,1,90207.0
46,5,0,0,0,1.0,1.0,0.03,0.05,0.0,1.0,1.0,1,100537.0
22,9,247,1581,1,0.0,0.0,1.0,0.0,0.03,0.0,0.0,0,19135.0
17,5,0,0,0,1.0,1.0,0.07,0.05,0.0,1.0,1.0,1,3874.0
22,9,54540,8314,1,0.0,0.0,1.0,0.0,0.0,0.0,0.0,0,62579.0
46,5,0,0,0,1.0,1.0,0.08,0.04,0.0,1.0,1.0,1,44669.0
22,9,244,2291,1,0.0,0.0,1.0,0.0,0.03,0.0,0.0,0,63367.0
22,9,344,1247,1,0.0,0.0,1.0,0.0,0.0,0.0,0.0,0,22209.0
11,9,46,46,0,0.0,0.0,1.0,0.0,0.0,0.0,0.0,0,2446.0
11,9,45,111,0,0.0,0.0,1.0,0.0,0.0,0.0,0.0,0,99986.0
22,9,310,5340,1,0.0,0.0,1.0,0.0,0.0,0.0,0.0,0,93620.0
18,9,1051,3081,1,0.0,0.0,1.0,0.0,0.0,0.0,0.0,0,22939.0
12,2,0,0,0,0.0,0.0,0.07,0.07,0.0,0.0,0.0,1,66786.0
22,9,193,7205,1,0.0,0.0,1.0,0.0,0.03,0.0,0.0,0,44713.0
4,5,0,0,0,1.0,1.0,0.03,0.06,0.0,1.0,1.0,1,121491.0
30,1,0,0,0,0.0,0.0,0.05,0.07,0.0,0.0,0.0,1,124669.0
22,9,234,894,1,0.0,0.0,1.0,0.0,0.04,0.0,0.0,0,83312.0
19,5,0,0,0,1.0,1.0,0.23,0.13,0.03,0.98,0.46,1,51897.0
64,1,0,0,0,0.0,0.0,0.06,0.06,0.0,0.0,0.0,1,38766.0
3,9,10,39,1,0.0,0.0,0.5,1.0,0.13,0.0,0.0,0,33536.0
57,9,525,15993,1,0.0,0.0,1.0,0.0,0.0,0.0,0.0,0,88479.0
46,5,0,0,0,1.0,1.0,0.03,0.08,0.0,1.0,1.0,1,11575.0
41,9,1,0,0,0.0,0.0,0.14,0.57,0.0,0.0,0.0,1,42536.0
41,4,1,0,0,0.0,0.0,1.0,0.0,0.0,0.0,0.0,1,32401.0
22,9,244,2688,1,0.0,0.0,1.0,0.0,0.0,0.0,0.0,0,95042.0
11,9,43,43,0,0.0,0.0,1.0,0.0,0.0,0.0,0.0,0,110331.0
22,9,227,369,1,0.0,0.0,1.0,0.0,0.04,0.0,0.0,0,59167.0
53,1,0,0,0,0.0,0.0,0.11,0.07,0.0,0.0,0.0,1,103857.0
6,5,0,0,0,1.0,1.0,0.03,0.07,0.0,1.0,1.0,1,73731.0
22,9,279,171,1,0.0,0.0,1.0,0.0,0.04,0.0,0.01,0,92973.0
19,9,245,0,1,0.0,0.0,1.0,0.0,0.0,0.0,0.0,0,57630.0
22,9,259,3430,1,0.0,0.0,1.0,0.0,0.03,0.0,0.0,0,100544.0
11,9,45,135,0,0.0,0.0,1.0,0.0,0.0,0.0,0.0,0,18871.0
22,5,0,0,0,1.0,1.0,0.05,0.06,0.0,1.0,1.0,1,101838.0
11,9,43,76,0,0.0,0.0,1.0,0.0,0.0,0.0,0.0,0,28668.0
22,9,228,1158,1,0.0,0.0,1.0,0.0,0.0,0.0,0.0,0,119526.0
27,5,0,0,0,1.0,1.0,0.12,0.05,0.0,1.0,1.0,1,64046.0
5,5,0,0,0,1.0,1.0,0.02,0.06,0.0,1.0,1.0,1,102483.0
46,9,1,0,0,0.0,0.0,1.0,0.0,0.0,0.0,0.0,1,122900.0
46,5,0,0,0,1.0,1.0,0.12,0.07,0.0,1.0,1.0,1,79701.0
32,5,0,0,0,1.0,1.0,0.01,0.06,0.0,1.0,1.0,1,82864.0
46,9,105,147,0,0.0,0.0,0.22,0.33,0.0,0.0,0.0,0,14818.0
22,9,260,9524,1,0.0,0.0,1.0,0.0,0.01,0.01,0.0,0,96023.0
41,9,146,105,0,0.0,0.0,0.5,0.5,0.0,0.0,0.0,0,96479.0
41,1,0,0,0,0.25,0.0,0.0,1.0,0.0,0.2,0.0,1,70441.0
46,4,0,0,0,0.0,0.0,1.0,0.0,0.0,0.0,0.0,1,110005.0
25,5,0,0,0,1.0,1.0,0.1,0.05,0.0,1.0,1.0,1,61260.0
22,9,220,398,1,0.0,0.0,1.0,0.0,0.01,0.0,0.0,0,73207.0
41,9,516,4,0,0.0,0.0,1.0,0.0,0.0,0.0,0.0,0,55405.0
46,1,0,0,0,0.0,0.0,0.06,0.08,0.0,0.0,0.0,1,20267.0
11,9,45,133,0,0.0,0.0,1.0,0.0,0.0,0.0,0.0,0,98852.0
22,9,234,1230,1,0.0,0.0,1.0,0.0,0.04,0.0,0.0,0,40167.0
22,9,234,4007,1,0.0,0.0,1.0,0.0,0.03,0.0,0.0,0,117702.0
22,9,323,2025,1,0.0,0.0,1.0,0.0,0.02,0.0,0.01,0,20713.0
14,9,8,0,0,0.0,0.0,1.0,0.0,0.0,0.0,0.0,1,95161.0
46,1,0,0,0,0.0,0.0,0.02,0.08,0.0,0.0,0.0,1,118193.0
22,9,204,604,1,0.0,0.0,1.0,0.0,0.04,0.0,0.0,0,93073.0
22,2,0,0,1,0.0,0.0,1.0,0.0,0.0,0.0,0.0,0,52878.0
51,9,937,328,1,0.0,0.0,0.08,0.25,0.0,0.0,0.0,0,69076.0
20,5,0,0,0,1.0,1.0,0.15,0.06,0.0,1.0,1.0,1,80023.0
22,9,210,180,1,0.0,0.0,1.0,0.0,0.01,0.0,0.0,0,63608.0
57,9,103,3105,1,0.0,0.0,1.0,0.0,0.22,0.0,0.11,0,47736.0
22,9,335,2566,1,0.0,0.0,1.0,0.0,0.02,0.0,0.0,0,30228.0
19,9,383,0,1,0.0,0.0,0.67,0.67,0.07,0.0,0.0,0,635.0
46,1,0,0,0,0.0,0.0,0.5,1.0,0.0,0.0,0.0,1,93450.0
29,1,0,0,0,0.0,0.0,0.11,0.07,0.0,0.0,0.0,1,103292.0
46,5,0,0,0,1.0,1.0,0.05,0.06,0.0,1.0,1.0,1,104181.0
46,5,0,0,0,1.0,1.0,0.01,0.07,0.0,1.0,1.0,1,111150.0
16,5,0,0,0,1.0,1.0,0.16,0.05,0.0,1.0,1.0,1,58329.0
46,5,0,0,0,1.0,1.0,0.08,0.19,0.0,1.0,1.0,1,104095.0
57,5,0,0,0,1.0,1.0,0.23,0.06,0.05,0.99,0.92,1,107916.0
46,5,0,0,0,1.0,1.0,0.15,0.05,0.0,1.0,1.0,1,541.0
41,9,145,0,0,0.0,0.0,1.0,0.0,0.0,0.0,0.0,0,109905.0
22,1,0,0,0,0.0,0.0,1.0,0.0,0.22,0.0,0.0,0,32395.0
19,9,59,0,0,0.0,0.0,1.0,0.0,0.0,0.0,0.0,0,30838.0
11,9,46,46,0,0.0,0.0,1.0,0.0,0.0,0.0,0.0,0,48023.0
46,5,0,0,0,1.0,1.0,0.01,0.06,0.0,1.0,1.0,1,105491.0
15,5,0,0,0,1.0,1.0,0.13,0.05,0.0,1.0,1.0,1,95920.0
46,9,28,0,0,0.0,0.0,1.0,0.0,0.0,0.03,0.0,1,5271.0
22,9,344,696,1,0.0,0.0,1.0,0.0,0.0,0.0,0.0,0,48572.0
22,9,54540,8314,1,0.0,0.0,1.0,0.0,0.0,0.0,0.0,0,75481.0
2,1,0,0,0,0.0,0.0,0.06,0.06,0.0,0.0,0.0,1,125052.0
11,9,42,42,0,0.0,0.0,1.0,0.0,0.0,0.0,0.0,0,24413.0
3,5,0,0,0,1.0,1.0,0.02,0.06,0.0,1.0,1.0,1,64467.0
22,9,334,331,1,0.0,0.0,1.0,0.0,0.01,0.0,0.0,0,61637.0
19,9,37,0,1,0.99,0.0,0.01,0.06,0.0,0.78,0.0,0,64945.0
41,1,0,0,0,0.22,0.0,0.0,1.0,0.0,0.24,0.0,1,112702.0
22,9,334,277,1,0.0,0.0,1.0,0.0,0.0,0.0,0.0,0,84267.0
22,9,254,2277,1,0.0,0.0,1.0,0.0,0.04,0.0,0.0,0,81867.0
46,5,0,0,0,1.0,1.0,0.01,0.06,0.0,1.0,1.0,1,91754.0
37,1,0,0,0,0.0,0.0,0.04,0.06,0.0,0.0,0.0,1,50663.0
51,9,2592,335,1,0.0,0.0,1.0,0.0,0.0,0.0,0.0,0,111948.0
13,9,30,0,0,0.0,0.0,0.12,0.38,0.0,0.0,0.0,0,115986.0
22,9,311,5348,1,0.0,0.0,1.0,0.0,0.04,0.02,0.0,0,9749.0
22,9,221,998,1,0.0,0.0,1.0,0.0,0.0,0.0,0.0,0,104916.0
51,9,766,323,1,0.0,0.0,1.0,0.0,0.01,0.0,0.0,0,54206.0
15,5,0,0,0,1.0,1.0,0.11,0.06,0.0,1.0,1.0,1,79736.0
46,5,0,0,0,1.0,1.0,0.32,0.19,0.0,1.0,1.0,1,59871.0
11,9,43,128,0,0.0,0.0,1.0,0.0,0.0,0.0,0.0,0,88553.0
22,9,279,5096,1,0.0,0.0,1.0,0.0,0.05,0.0,0.0,0,41237.0
22,9,316,7978,1,0.0,0.0,1.0,0.0,0.04,0.0,0.0,0,115484.0
11,9,71,46,0,0.0,0.0,1.0,0.0,0.0,0.0,0.0,0,124619.0
53,5,0,0,0,1.0,1.0,0.02,0.07,0.0,1.0,1.0,1,13608.0
38,5,0,0,0,1.0,1.0,0.08,0.07,0.0,1.0,1.0,1,19962.0
22,9,302,1985,1,0.0,0.0,1.0,0.0,0.0,0.0,0.0,0,89727.0
22,1,0,0,0,0.0,0.0,1.0,0.0,0.07,0.0,0.0,0,554.0
51,9,712,371,1,0.0,0.0,1.0,0.0,0.02,0.01,0.01,0,44980.0
51,9,1243,406,1,0.0,0.0,1.0,0.0,0.02,0.0,0.0,0,71793.0
46,1,0,0,0,0.0,0.0,0.01,0.08,0.0,0.0,0.0,1,63159.0
35,1,0,0,0,0.0,0.0,0.03,0.07,0.0,0.0,0.0,1,19878.0
46,9,1,0,0,0.0,0.0,0.36,0.1,0.0,0.07,0.0,1,24009.0
36,1,0,0,0,0.0,0.0,0.02,0.08,0.0,0.0,0.0,1,42273.0
11,9,31,91,0,0.0,0.0,1.0,0.0,0.01,0.0,0.0,0,22465.0
41,4,1,0,0,0.0,0.0,1.0,0.0,0.0,0.0,0.0,1,93003.0
22,9,218,1456,1,0.0,0.0,1.0,0.0,0.01,0.01,0.0,0,66726.0
11,9,44,76,0,0.0,0.0,1.0,0.0,0.0,0.0,0.0,0,9360.0
22,9,216,3534,1,0.0,0.0,1.0,0.0,0.01,0.0,0.0,0,72012.0
14,9,520,0,0,0.0,0.0,1.0,0.0,0.0,0.0,0.0,0,86421.0
11,9,45,77,0,0.0,0.0,0.99,0.01,0.0,0.0,0.0,0,51594.0
11,9,29,29,0,0.0,0.0,1.0,0.0,0.0,0.0,0.0,0,118917.0
46,1,0,0,0,0.06,0.0,0.0,1.0,0.0,0.09,0.0,1,97315.0
22,9,290,3084,1,0.0,0.0,1.0,0.0,0.06,0.0,0.0,0,24335.0
46,5,0,0,0,1.0,1.0,0.05,0.05,0.0,1.0,1.0,1,80964.0
46,4,0,0,0,0.0,0.0,1.0,0.0,0.0,0.0,0.0,1,116137.0
22,9,237,7419,1,0.0,0.0,1.0,0.0,0.05,0.0,0.0,0,117096.0
22,9,304,313,1,0.0,0.0,1.0,0.0,0.03,0.0,0.0,0,116016.0
36,5,0,0,0,1.0,1.0,0.18,0.04,0.0,1.0,1.0,1,24089.0
46,9,105,147,0,0.0,0.0,0.5,1.0,0.0,0.0,0.0,0,21670.0
22,1,0,0,0,0.0,0.0,1.0,0.0,0.15,0.0,0.0,0,69946.0
51,9,933,332,1,0.0,0.0,1.0,0.0,0.0,0.01,0.02,0,1817.0
22,9,222,685,1,0.0,0.0,1.0,0.0,0.03,0.0,0.0,0,82228.0
22,9,249,726,1,0.0,0.0,1.0,0.0,0.0,0.0,0.0,0,76505.0
22,9,238,843,1,0.0,0.0,1.0,0.0,0.01,0.0,0.0,0,56850.0
29,1,0,0,0,0.0,0.0,0.09,0.08,0.0,0.0,0.0,1,51558.0
22,9,235,438,1,0.0,0.0,1.0,0.0,0.0,0.0,0.0,0,102473.0
41,9,146,0,0,0.0,0.0,0.33,0.67,0.0,0.0,0.0,0,20737.0
51,9,1225,333,1,0.0,0.0,1.0,0.0,0.0,0.02,0.01,0,62301.0
46,9,215,0,0,0.0,0.0,1.0,0.0,0.0,0.0,0.0,0,110197.0
41,1,0,0,0,0.1,0.0,0.0,1.0,0.0,0.1,0.0,1,109674.0
29,5,0,0,0,1.0,1.0,0.07,0.05,0.0,1.0,1.0,1,85667.0
46,5,0,0,0,1.0,1.0,0.07,0.06,0.0,1.0,1.0,1,93272.0
19,9,19,0,0,0.0,0.0,1.0,0.0,0.0,0.0,0.0,0,30883.0
22,9,187,784,1,0.0,0.0,1.0,0.0,0.01,0.0,0.0,0,52685.0
45,2,0,0,0,0.0,0.0,0.05,0.08,0.0,0.0,0.0,1,123945.0
22,9,204,689,1,0.0,0.0,1.0,0.0,0.07,0.0,0.01,0,48867.0
11,9,45,45,0,0.0,0.0,1.0,0.0,0.0,0.0,0.0,0,45941.0
41,1,0,0,0,0.2,0.0,0.0,1.0,0.0,0.15,0.0,1,39433.0
22,9,162,23226,1,0.0,0.0,1.0,0.0,0.0,0.0,0.0,0,125852.0
22,9,358,258,1,0.0,0.0,1.0,0.0,0.02,0.0,0.0,0,48070.0
46,1,0,0,0,0.0,0.0,0.04,0.08,0.0,0.0,0.0,1,120065.0
22,9,304,753,1,0.0,0.0,1.0,0.0,0.0,0.0,0.0,0,85124.0
22,9,318,1487,1,0.0,0.0,1.0,0.0,0.04,0.0,0.0,0,15410.0
11,9,43,136,0,0.0,0.0,1.0,0.0,0.0,0.0,0.0,0,79441.0
46,5,0,0,0,1.0,1.0,0.05,0.05,0.0,1.0,1.0,1,17442.0
11,9,44,128,0,0.0,0.0,1.0,0.01,0.0,0.0,0.0,0,11469.0
46,1,0,0,0,0.0,0.0,0.05,0.06,0.0,0.0,0.0,1,55473.0
51,9,1110,330,1,0.0,0.0,1.0,0.0,0.0,0.0,0.0,0,47631.0
13,9,8,0,0,0.0,0.0,1.0,0.0,0.5,0.0,0.0,1,85748.0
13,9,8,0,0,0.0,0.0,1.0,0.0,0.5,0.0,0.0,1,42192.0
3,1,0,0,0,0.0,0.0,0.03,0.06,0.0,0.0,0.0,1,2586.0
22,9,245,1342,1,0.0,0.0,1.0,0.0,0.0,0.0,0.0,0,66136.0
46,5,0,0,0,1.0,1.0,0.04,0.06,0.0,1.0,1.0,1,103082.0
46,5,0,0,0,1.0,1.0,0.07,0.07,0.0,1.0,1.0,1,80556.0
54,5,0,0,0,1.0,1.0,0.08,0.05,0.0,1.0,1.0,1,97296.0
11,9,45,111,0,0.0,0.0,1.0,0.0,0.0,0.0,0.0,0,91660.0
32,5,0,0,0,1.0,1.0,0.02,0.06,0.0,1.0,1.0,1,100557.0
22,9,202,1420,1,0.0,0.0,1.0,0.0,0.01,0.0,0.0,0,70818.0
35,5,0,0,0,1.0,1.0,0.04,0.06,0.0,1.0,1.0,1,55461.0
22,9,333,280,1,0.0,0.0,1.0,0.0,0.02,0.0,0.0,0,121076.0
46,5,0,0,0,1.0,1.0,0.09,0.07,0.0,1.0,1.0,1,100019.0
26,5,0,0,0,1.0,1.0,0.1,0.05,0.0,1.0,1.0,1,23874.0
41,9,147,0,0,0.0,0.0,0.33,0.67,0.0,0.0,0.0,0,61735.0
22,9,300,3218,1,0.0,0.0,1.0,0.0,0.0,0.0,0.0,0,98297.0
22,9,355,1645,1,0.0,0.0,1.0,0.0,0.01,0.0,0.0,0,86378.0
11,9,44,74,0,0.0,0.0,1.0,0.0,0.0,0.0,0.0,0,120600.0
46,5,0,0,0,1.0,1.0,0.12,0.05,0.0,1.0,1.0,1,87365.0
54,2,0,0,0,0.0,0.0,0.08,0.06,0.0,0.0,0.0,1,56196.0
22,9,234,5790,1,0.0,0.0,1.0,0.0,0.0,0.0,0.0,0,48210.0
36,5,0,0,0,1.0,1.0,0.05,0.05,0.0,1.0,1.0,1,2013.0
22,9,204,2289,1,0.0,0.0,1.0,0.0,0.04,0.0,0.0,0,75306.0
51,9,920,331,1,0.0,0.0,1.0,0.0,0.02,0.05,0.0,0,13100.0
51,9,1036,333,1,0.0,0.0,1.0,0.0,0.02,0.0,0.0,0,42351.0
22,9,199,337,1,0.0,0.0,1.0,0.0,0.0,0.0,0.0,0,92891.0
11,9,46,46,0,0.0,0.0,0.25,0.5,0.0,0.0,0.0,0,86887.0
19,5,0,0,0,1.0,1.0,0.35,0.06,0.0,1.0,1.0,1,100142.0
63,1,0,0,0,0.0,0.0,0.09,0.06,0.0,0.0,0.0,1,95235.0
46,1,0,0,0,0.0,0.0,0.05,0.07,0.0,0.0,0.0,1,10428.0
46,5,0,0,0,1.0,1.0,0.01,0.06,0.0,1.0,1.0,1,18277.0
22,9,298,1292,1,0.0,0.0,1.0,0.0,0.03,0.0,0.0,0,102360.0
34,5,0,0,0,1.0,1.0,0.14,0.07,0.0,1.0,1.0,1,44834.0
11,9,31,31,0,0.0,0.0,1.0,0.0,0.0,0.0,0.0,0,97242.0
46,1,0,0,0,0.0,0.0,0.01,0.08,0.0,0.0,0.0,1,22943.0
46,4,0,0,0,0.0,0.0,1.0,0.0,0.0,0.0,0.0,1,42547.0
14,9,1480,0,0,0.0,0.0,1.0,0.0,0.5,0.0,0.0,0,69402.0
22,9,310,3222,1,0.0,0.0,1.0,0.0,0.0,0.0,0.0,0,64599.0
22,5,0,0,0,1.0,1.0,0.5,0.75,0.0,1.0,1.0,1,67546.0
14,9,1032,0,0,0.0,0.0,1.0,0.0,0.0,0.3,0.0,0,80917.0
7,5,0,0,0,1.0,1.0,0.08,0.06,0.0,1.0,1.0,1,33907.0
46,5,0,0,0,1.0,1.0,0.07,0.06,0.0,1.0,1.0,1,40998.0
51,9,1247,327,1,0.0,0.0,1.0,0.0,0.01,0.0,0.0,0,118440.0
22,9,192,654,1,0.0,0.0,1.0,0.0,0.0,0.0,0.0,0,19359.0
41,1,0,0,0,0.19,0.0,0.0,1.0,0.0,0.25,0.0,1,43593.0
22,9,302,1220,1,0.0,0.0,1.0,0.0,0.05,0.0,0.0,0,41796.0
22,9,205,4496,1,0.0,0.0,1.0,0.0,0.0,0.0,0.0,0,64304.0
22,9,295,2649,1,0.0,0.0,1.0,0.0,0.0,0.0,0.0,0,21097.0
22,9,204,297,1,0.0,0.0,1.0,0.0,0.0,0.0,0.0,0,15749.0
56,5,0,0,0,1.0,1.0,0.06,0.06,0.0,1.0,1.0,1,51184.0
51,9,2035,330,1,0.0,0.0,1.0,0.0,0.0,0.0,0.0,0,50895.0
17,9,8,0,0,0.0,0.0,1.0,0.0,0.25,0.0,0.0,0,13071.0
22,9,213,2019,1,0.0,0.0,1.0,0.0,0.0,0.0,0.0,0,67201.0
46,1,0,0,0,0.02,0.0,0.01,1.0,0.0,0.01,0.0,1,98084.0
5,5,0,0,0,1.0,1.0,0.05,0.05,0.0,1.0,1.0,1,58255.0
22,9,207,1527,1,0.0,0.0,1.0,0.0,0.0,0.0,0.0,0,43043.0
22,9,207,739,1,0.0,0.0,1.0,0.0,0.0,0.0,0.0,0,73491.0
51,9,865,330,1,0.0,0.0,1.0,0.0,0.02,0.01,0.01,0,85978.0
14,9,520,0,0,0.0,0.0,1.0,0.0,0.0,0.0,0.0,0,79578.0
22,9,311,936,1,0.0,0.0,1.0,0.0,0.12,0.0,0.0,0,121765.0
22,9,190,3654,1,0.0,0.0,1.0,0.0,0.02,0.0,0.0,0,52402.0
13,9,8,0,0,0.0,0.0,1.0,0.0,0.51,0.0,0.0,1,12566.0
41,1,0,0,0,0.44,0.0,0.0,1.0,0.0,0.4,0.0,1,36044.0
5,1,0,0,0,0.0,0.0,0.02,0.06,0.0,0.0,0.0,1,2792.0
22,9,319,978,1,0.0,0.0,1.0,0.0,0.02,0.0,0.0,0,63298.0
46,5,0,0,0,1.0,1.0,0.06,0.05,0.0,1.0,1.0,1,9835.0
22,9,246,1484,1,0.0,0.0,1.0,0.0,0.01,0.01,0.0,0,22529.0
22,9,300,1380,1,0.0,0.0,1.0,0.0,0.0,0.0,0.0,0,105242.0
19,9,8325,0,0,0.0,0.0,1.0,0.0,0.0,0.0,0.0,0,39483.0
22,9,213,774,1,0.0,0.0,1.0,0.0,0.02,0.0,0.0,0,112291.0
19,9,748,0,0,0.0,0.0,1.0,0.0,0.05,0.0,0.03,0,109453.0
53,5,0,0,0,1.0,1.0,0.01,0.06,0.0,1.0,1.0,1,74015.0
57,5,0,0,0,1.0,1.0,1.0,0.0,0.0,0.04,0.5,0,13156.0
22,9,325,268,1,0.0,0.0,1.0,0.0,0.0,0.01,0.01,0,102992.0
46,9,28,0,0,0.01,0.0,0.99,0.02,0.0,0.0,0.0,1,1267.0
46,1,0,0,0,0.0,0.0,0.03,0.06,0.0,0.0,0.0,1,90319.0
46,9,215,0,0,0.0,0.0,1.0,0.0,0.0,0.0,0.0,0,45733.0
46,9,1,0,0,0.0,0.0,0.86,0.03,0.0,0.0,0.0,1,57825.0
11,9,46,112,0,0.0,0.0,1.0,0.0,0.0,0.0,0.0,0,91745.0
22,5,0,0,0,0.33,0.25,1.0,0.0,0.0,0.01,0.01,0,85621.0
22,9,256,396,1,0.0,0.0,1.0,0.0,0.04,0.0,0.0,0,96431.0
22,9,361,1256,1,0.0,0.0,1.0,0.0,0.06,0.0,0.0,0,7334.0
30,1,0,0,0,0.0,0.0,0.04,0.07,0.0,0.0,0.0,1,123135.0
22,9,199,5647,1,0.0,0.0,1.0,0.0,0.04,0.0,0.0,0,36657.0
22,9,315,978,1,0.0,0.0,1.0,0.0,0.02,0.0,0.0,0,76885.0
46,4,0,0,0,0.0,0.0,1.0,0.0,0.0,0.0,0.0,1,35695.0
9,2,0,0,0,0.0,0.0,0.07,0.07,0.0,0.0,0.0,1,82816.0
11,9,46,46,0,0.0,0.0,1.0,0.0,0.0,0.0,0.0,0,14689.0
11,9,45,81,0,0.0,0.0,1.0,0.0,0.0,0.0,0.0,0,30397.0
22,5,0,0,0,0.5,0.33,1.0,0.0,0.0,0.0,0.0,0,83393.0
22,5,0,0,0,1.0,1.0,0.27,0.08,0.0,1.0,1.0,1,69228.0
11,9,43,45,0,0.0,0.0,1.0,0.0,0.0,0.0,0.0,0,73865.0
22,9,260,9578,1,0.0,0.0,1.0,0.0,0.06,0.0,0.0,0,35245.0
54,5,0,0,0,1.0,1.0,0.07,0.05,0.0,1.0,1.0,1,69937.0
22,9,224,8889,1,0.0,0.0,1.0,0.0,0.03,0.0,0.0,0,11749.0
19,9,245,0,0,0.0,0.0,1.0,0.0,0.02,0.0,0.0,0,16196.0
22,9,343,3296,1,0.0,0.0,1.0,0.0,0.02,0.01,0.0,0,28239.0
11,9,33,88,0,0.0,0.0,1.0,0.0,0.0,0.0,0.0,0,86462.0
17,9,9,224,0,0.0,0.0,1.0,0.0,0.0,0.0,0.0,0,81874.0
11,9,45,82,0,0.0,0.0,0.99,0.01,0.0,0.0,0.0,0,24055.0
8,10,0,0,0,1.0,1.0,1.0,0.0,0.0,1.0,1.0,1,55018.0
22,9,213,810,1,0.0,0.0,1.0,0.0,0.05,0.0,0.0,0,92742.0
51,9,810,332,1,0.0,0.0,1.0,0.0,0.03,0.0,0.0,0,36213.0
11,9,45,131,0,0.0,0.0,1.0,0.0,0.0,0.0,0.0,0,43970.0
51,9,2111,332,1,0.0,0.0,1.0,0.0,0.02,0.0,0.0,0,125679.0
22,9,205,434,1,0.0,0.0,1.0,0.0,0.0,0.0,0.0,0,12148.0
17,9,6,357,0,0.0,0.0,1.0,0.0,0.0,0.0,0.0,0,20837.0
51,9,1842,506,1,0.0,0.0,1.0,0.0,0.0,0.48,0.0,0,104261.0
22,9,201,8528,1,0.0,0.0,1.0,0.0,0.06,0.0,0.01,0,8522.0
11,9,30,0,0,0.0,0.0,1.0,0.0,0.17,0.01,0.0,0,51262.0
11,9,44,44,0,0.0,0.0,0.99,0.02,0.0,0.0,0.0,0,3961.0
14,9,1032,0,0,0.0,0.0,1.0,0.0,0.0,0.0,0.0,0,63798.0
41,1,0,0,0,0.16,0.0,0.0,1.0,0.0,0.14,0.0,1,6845.0
46,1,0,0,0,0.0,0.0,0.01,0.53,0.0,0.0,0.0,1,40428.0
46,4,0,0,0,0.0,0.0,1.0,0.0,0.0,0.0,0.0,1,125878.0
11,9,45,135,0,0.0,0.0,1.0,0.0,0.0,0.0,0.0,0,85936.0
3,5,0,0,0,1.0,1.0,0.04,0.06,0.0,1.0,1.0,1,2699.0
46,1,0,0,0,0.0,0.0,0.04,0.06,0.0,0.0,0.0,1,95130.0
46,5,0,0,0,1.0,1.0,0.06,0.06,0.0,1.0,1.0,1,39918.0
22,9,217,1371,1,0.0,0.0,1.0,0.0,0.0,0.0,0.0,0,53780.0
46,5,0,0,0,1.0,1.0,0.08,0.06,0.0,1.0,1.0,1,107743.0
6,5,0,0,0,1.0,1.0,0.04,0.05,0.0,1.0,1.0,1,41268.0
26,5,0,0,0,1.0,1.0,0.01,0.06,0.0,1.0,1.0,1,117195.0
51,9,3492,361,1,0.0,0.0,1.0,0.0,0.02,0.0,0.01,0,68723.0
26,1,0,0,0,0.0,0.0,0.06,0.06,0.0,0.0,0.0,1,34191.0
50,5,0,0,0,1.0,1.0,0.09,0.05,0.0,1.0,1.0,1,14742.0
61,5,0,0,0,1.0,1.0,0.5,0.15,0.0,1.0,1.0,1,98217.0
14,9,1032,0,0,0.0,0.0,1.0,0.0,0.0,0.0,0.0,0,36996.0
22,9,258,453,1,0.0,0.0,1.0,0.0,0.0,0.0,0.0,0,34708.0
12,5,0,0,0,1.0,1.0,0.17,0.07,0.0,1.0,1.0,1,72514.0
46,5,0,0,0,1.0,1.0,0.12,0.06,0.0,1.0,1.0,1,108818.0
19,9,383,0,1,0.0,0.0,1.0,0.0,0.05,0.0,0.02,0,44904.0
13,9,8,0,0,0.0,0.0,1.0,0.0,0.26,0.0,0.0,1,23683.0
22,5,0,0,0,0.5,0.2,1.0,0.0,0.0,0.0,0.0,0,26063.0
22,9,321,13233,1,0.0,0.0,1.0,0.0,0.01,0.0,0.0,0,81960.0
22,9,290,6944,1,0.0,0.0,1.0,0.0,0.0,0.0,0.0,0,26282.0
22,9,195,4086,1,0.0,0.0,1.0,0.0,0.02,0.0,0.0,0,20396.0
41,9,1,0,0,0.0,0.0,1.0,0.0,0.0,0.0,0.0,1,23102.0
19,9,26408,0,1,0.0,0.0,1.0,0.0,0.02,0.0,0.0,0,4869.0
22,9,310,512,1,0.0,0.0,1.0,0.0,0.05,0.0,0.01,0,42940.0
22,9,248,2783,1,0.0,0.0,1.0,0.0,0.04,0.0,0.0,0,46846.0
51,9,2153,333,1,0.0,0.0,1.0,0.0,0.02,0.0,0.0,0,86785.0
22,9,215,15520,1,0.0,0.0,1.0,0.0,0.03,0.0,0.0,0,32251.0
62,5,0,0,0,1.0,1.0,0.0,0.08,0.0,1.0,1.0,1,50072.0
11,9,42,42,0,0.0,0.0,1.0,0.0,0.0,0.0,0.0,0,12913.0
22,1,0,0,0,0.0,0.0,0.0,0.0,0.0,0.0,0.0,1,55789.0
46,9,28,0,0,0.0,0.0,1.0,0.0,0.0,0.0,0.0,1,111560.0
46,5,0,0,0,1.0,1.0,0.14,0.06,0.0,1.0,1.0,1,114002.0
51,9,1562,332,1,0.0,0.0,1.0,0.0,0.01,0.0,0.0,0,58378.0
19,9,383,0,0,0.0,0.0,1.0,0.0,0.04,0.0,0.0,0,116224.0
22,9,258,255,1,0.0,0.0,1.0,0.0,0.01,0.01,0.01,0,49124.0
22,9,232,609,1,0.0,0.0,1.0,0.0,0.05,0.0,0.0,0,95298.0
46,5,0,0,0,1.0,1.0,0.03,0.06,0.0,1.0,1.0,1,90906.0
22,9,289,1255,1,0.0,0.0,1.0,0.0,0.01,0.0,0.0,0,69264.0
46,9,105,146,0,0.0,0.0,0.14,0.29,0.0,0.0,0.0,0,68489.0
51,9,1162,394,1,0.0,0.0,1.0,0.0,0.01,0.0,0.0,0,118189.0
19,9,4539,0,0,0.0,0.0,1.0,0.0,0.0,0.0,0.0,0,44638.0
46,5,0,0,0,0.99,1.0,0.08,0.07,0.0,1.0,1.0,1,39854.0
13,9,8,0,0,0.0,0.0,1.0,0.0,0.5,0.0,0.0,1,29624.0
22,9,319,1085,1,0.0,0.0,1.0,0.0,0.07,0.0,0.0,0,85078.0
12,2,0,0,0,0.0,0.0,0.04,0.06,0.0,0.0,0.0,1,4891.0
24,5,0,0,0,1.0,1.0,0.1,0.05,0.0,1.0,1.0,1,53359.0
22,1,0,0,0,0.0,0.0,1.0,0.0,0.08,0.0,0.0,0,106869.0
22,9,328,10713,1,0.0,0.0,1.0,0.0,0.03,0.0,0.0,0,17735.0
46,9,28,0,0,0.01,0.0,0.98,0.03,0.0,0.0,0.0,1,37876.0
51,9,733,374,1,0.0,0.0,1.0,0.0,0.01,0.0,0.0,0,52516.0
22,9,248,10556,1,0.0,0.0,1.0,0.0,0.0,0.0,0.0,0,122849.0
41,9,516,4,0,0.0,0.0,1.0,0.0,0.0,0.0,0.0,0,21863.0
22,9,260,784,1,0.0,0.0,1.0,0.0,0.01,0.01,0.0,0,96805.0
46,5,0,0,0,1.0,1.0,0.08,0.07,0.0,1.0,1.0,1,103420.0
34,1,0,0,0,0.0,0.0,0.06,0.06,0.0,0.0,0.0,1,42913.0
22,9,213,283,1,0.0,0.0,1.0,0.0,0.04,0.0,0.0,0,30108.0
55,5,0,0,0,1.0,1.0,0.13,0.05,0.0,1.0,1.0,1,100155.0
46,10,0,0,0,1.0,1.0,1.0,0.0,0.0,0.92,1.0,1,123225.0
51,9,1236,393,1,0.0,0.0,1.0,0.0,0.01,0.03,0.0,0,60579.0
22,9,221,376,1,0.0,0.0,1.0,0.0,0.03,0.0,0.0,0,55709.0
46,1,0,0,0,0.0,0.0,0.06,0.08,0.0,0.0,0.0,1,27092.0
22,9,237,247,1,0.0,0.0,1.0,0.0,0.02,0.0,0.0,0,120976.0
41,1,0,0,0,0.07,0.0,0.0,0.96,0.0,0.05,0.0,1,75500.0
14,9,1032,0,0,0.0,0.0,1.0,0.0,0.0,0.01,0.0,0,104084.0
29,1,0,0,0,0.0,0.0,0.11,0.07,0.0,0.0,0.0,1,16509.0
61,5,0,0,0,1.0,1.0,0.13,0.06,0.0,1.0,1.0,1,11686.0
22,9,219,2747,1,0.0,0.0,1.0,0.0,0.05,0.0,0.0,0,3239.0
19,9,383,0,1,0.0,0.0,1.0,0.0,0.06,0.0,0.0,0,99131.0
19,9,383,0,0,0.0,0.0,1.0,0.0,0.05,0.0,0.0,0,74331.0
30,5,0,0,0,1.0,1.0,0.01,0.06,0.0,1.0,1.0,1,32824.0
51,9,1794,279,1,0.0,0.0,1.0,0.0,0.02,0.01,0.01,0,23738.0
4,5,0,0,0,1.0,1.0,0.01,0.05,0.0,1.0,1.0,1,9514.0
22,9,54540,8314,1,0.0,0.0,1.0,0.0,0.0,0.0,0.0,0,29674.0
51,9,741,331,1,0.0,0.0,1.0,0.0,0.01,0.01,0.01,0,12037.0
22,9,354,2085,1,0.0,0.0,1.0,0.0,0.05,0.0,0.0,0,14934.0
57,5,0,0,0,1.0,1.0,1.0,0.0,0.0,0.96,0.93,1,1909.0
51,6,0,0,0,1.0,1.0,1.0,0.0,0.02,1.0,0.01,1,108285.0
28,5,0,0,0,1.0,1.0,0.13,0.06,0.0,1.0,1.0,1,21990.0
57,9,4113,51633,1,0.0,0.0,1.0,0.0,0.67,0.0,0.0,0,25095.0
46,4,0,0,0,0.0,0.0,1.0,0.0,0.0,0.0,0.0,1,100113.0
52,5,0,0,0,1.0,1.0,0.08,0.05,0.0,1.0,1.0,1,95955.0
27,5,0,0,0,1.0,1.0,0.03,0.07,0.0,1.0,1.0,1,28829.0
41,1,0,0,0,0.05,0.0,0.0,0.96,0.0,0.03,0.0,1,90700.0
46,5,0,0,0,1.0,1.0,0.04,0.06,0.0,1.0,1.0,1,84005.0
11,9,41,127,0,0.0,0.0,1.0,0.0,0.0,0.0,0.0,0,76301.0
13,9,8,0,0,0.0,0.0,1.0,0.0,0.5,0.0,0.0,1,81883.0
18,9,1235,2451,1,0.0,0.0,1.0,0.0,0.0,0.03,0.0,0,26876.0
15,5,0,0,0,1.0,1.0,0.02,0.06,0.0,1.0,1.0,1,27174.0
51,9,977,326,1,0.0,0.0,1.0,0.0,0.0,0.0,0.0,0,12271.0
46,5,0,0,0,1.0,1.0,0.0,0.07,0.0,1.0,1.0,1,25245.0
13,9,8,0,0,0.0,0.0,1.0,0.0,0.29,0.0,0.0,1,115683.0
3,5,0,0,0,1.0,1.0,0.07,0.06,0.0,1.0,1.0,1,74288.0
13,9,8,0,0,0.0,0.0,1.0,0.0,0.5,0.0,0.0,1,109143.0
41,1,0,0,0,0.06,0.0,0.0,1.0,0.0,0.08,0.0,1,2341.0
22,9,219,1896,1,0.33,0.33,1.0,0.0,0.0,0.0,0.0,0,98541.0
51,9,1307,327,1,0.0,0.0,1.0,0.0,0.02,0.0,0.0,0,73017.0
22,9,306,4204,1,0.0,0.0,1.0,0.0,0.02,0.0,0.0,0,25689.0
22,9,322,7920,1,0.0,0.0,1.0,0.0,0.01,0.0,0.0,0,27134.0
24,5,0,0,0,1.0,1.0,0.18,0.05,0.0,1.0,1.0,1,80512.0
46,1,0,0,0,0.0,0.0,0.03,0.06,0.0,0.0,0.0,1,82898.0
22,9,217,1324,1,0.0,0.0,1.0,0.0,0.02,0.0,0.01,0,96961.0
46,5,0,0,0,1.0,1.0,0.18,0.07,0.0,1.0,1.0,1,58685.0
6,5,0,0,0,1.0,1.0,0.08,0.06,0.0,1.0,1.0,1,104724.0
2,5,0,0,0,1.0,1.0,0.15,0.06,0.0,1.0,1.0,1,42542.0
11,9,45,45,0,0.0,0.0,1.0,0.0,0.0,0.0,0.0,0,96665.0
18,9,283,903,1,0.0,0.0,1.0,0.0,0.0,0.0,0.0,0,85742.0
17,9,6,126,0,0.0,0.0,1.0,0.0,0.0,0.44,0.75,0,97086.0
51,9,855,386,1,0.0,0.0,1.0,0.0,0.0,0.33,0.0,0,67666.0
22,9,203,204,1,0.0,0.0,1.0,0.0,0.03,0.0,0.0,0,39547.0
51,9,10848,942,1,0.0,0.0,1.0,0.0,0.0,0.0,0.0,0,92618.0
22,9,309,1643,1,0.0,0.0,1.0,0.0,0.03,0.0,0.0,0,60298.0
46,3,0,0,0,0.74,0.67,0.03,0.36,0.0,0.34,0.67,1,66865.0
46,5,0,0,0,1.0,1.0,0.0,0.06,0.0,1.0,1.0,1,3612.0
46,1,0,0,0,0.0,0.0,0.09,0.07,0.0,0.0,0.0,1,41006.0
48,5,0,0,0,1.0,1.0,0.02,0.06,0.0,1.0,1.0,1,164.0
11,9,44,135,0,0.0,0.0,1.0,0.0,0.0,0.0,0.0,0,46069.0
56,5,0,0,0,1.0,1.0,0.09,0.05,0.0,1.0,1.0,1,110111.0
22,9,316,362,1,0.0,0.0,1.0,0.0,0.03,0.0,0.0,0,81720.0
14,9,1032,0,0,0.0,0.0,1.0,0.0,0.0,0.0,0.0,0,65504.0
11,9,45,45,0,0.0,0.0,1.0,0.0,0.0,0.0,0.0,0,114478.0
19,9,305,0,1,0.0,0.0,1.0,0.0,0.0,0.0,0.0,0,116098.0
8,5,0,0,0,1.0,1.0,0.07,0.07,0.0,1.0,1.0,1,3039.0
46,5,0,0,0,1.0,1.0,0.13,0.06,0.0,1.0,1.0,1,93412.0
51,9,2364,329,1,0.0,0.0,0.5,1.0,0.0,0.0,0.01,0,28450.0
22,1,0,0,0,0.0,0.0,1.0,0.0,0.14,0.0,0.0,0,73985.0
22,9,231,3180,1,0.0,0.0,1.0,0.0,0.03,0.0,0.0,0,33173.0
22,9,217,1079,1,0.25,0.25,1.0,0.0,0.04,0.03,0.01,0,118241.0
11,9,33,0,0,0.0,0.0,1.0,0.0,0.22,0.0,0.0,0,33334.0
31,5,0,0,0,1.0,1.0,0.2,0.05,0.0,1.0,1.0,1,54337.0
46,5,0,0,0,1.0,1.0,0.07,0.06,0.0,1.0,1.0,1,104872.0
22,9,219,308,1,0.0,0.0,1.0,0.0,0.0,0.0,0.0,0,40863.0
28,5,0,0,0,1.0,1.0,0.06,0.12,0.0,1.0,1.0,1,50250.0
51,9,1993,331,1,0.0,0.0,1.0,0.0,0.0,0.0,0.0,0,117501.0
22,9,226,5357,1,0.0,0.0,1.0,0.0,0.0,0.0,0.0,0,38093.0
46,5,0,0,0,1.0,1.0,0.1,0.07,0.0,1.0,1.0,1,75586.0
10,5,0,0,0,1.0,1.0,0.03,0.06,0.0,1.0,1.0,1,10009.0
22,9,211,576,1,0.0,0.0,1.0,0.0,0.05,0.0,0.0,0,51055.0
56,5,0,0,0,1.0,1.0,0.08,0.05,0.0,1.0,1.0,1,4574.0
22,9,304,2084,1,0.0,0.0,1.0,0.0,0.07,0.0,0.0,0,70380.0
11,9,42,42,0,0.0,0.0,1.0,0.0,0.0,0.0,0.0,0,118676.0
7,1,0,0,0,0.0,0.0,0.07,0.07,0.0,0.0,0.0,1,98243.0
22,5,0,0,0,0.95,1.0,0.95,0.1,0.0,1.0,1.0,1,22274.0
20,1,0,0,0,0.0,0.0,0.07,0.06,0.0,0.0,0.0,1,105853.0
54,5,0,0,0,1.0,1.0,0.09,0.06,0.0,1.0,1.0,1,42118.0
46,5,0,0,0,1.0,1.0,0.07,0.06,0.0,1.0,1.0,1,23544.0
22,9,267,548,1,0.0,0.0,1.0,0.0,0.06,0.0,0.0,0,14866.0
22,9,214,5925,1,0.0,0.0,1.0,0.0,0.03,0.0,0.0,0,37912.0
57,9,81,1321,1,0.0,0.0,1.0,0.0,0.0,0.79,0.0,0,119528.0
13,9,30,0,0,0.0,0.0,1.0,0.0,0.06,0.0,0.0,0,58793.0
46,5,0,0,0,1.0,1.0,0.07,0.07,0.0,1.0,1.0,1,89917.0
46,1,0,0,0,0.0,0.0,0.13,0.06,0.0,0.0,0.0,1,36231.0
22,9,243,4533,1,0.0,0.0,1.0,0.0,0.0,0.0,0.0,0,107455.0
17,5,0,0,0,1.0,1.0,0.41,0.18,0.0,1.0,1.0,1,87490.0
22,9,319,1704,1,0.0,0.0,1.0,0.0,0.0,0.0,0.0,0,61785.0
22,9,248,3200,1,0.0,0.0,1.0,0.0,0.01,0.0,0.0,0,13935.0
46,9,28,0,0,0.0,0.0,1.0,0.0,0.0,0.03,0.0,1,31843.0
19,9,11,0,0,0.0,0.0,1.0,0.0,0.03,0.0,0.0,0,2701.0
41,9,145,105,0,0.0,0.0,1.0,0.0,0.0,0.0,0.0,0,25490.0
51,9,789,329,1,0.0,0.0,1.0,0.0,0.01,0.0,0.0,0,82550.0
41,1,0,0,0,0.17,0.0,0.0,1.0,0.0,0.16,0.0,1,18591.0
22,9,244,564,1,0.0,0.0,1.0,0.0,0.0,0.0,0.0,0,30245.0
22,9,200,455,1,0.0,0.0,1.0,0.0,0.0,0.0,0.0,0,95621.0
51,9,647,336,1,0.0,0.0,1.0,0.0,0.01,0.0,0.0,0,101975.0
22,9,215,6329,1,0.0,0.0,1.0,0.0,0.02,0.0,0.0,0,10733.0
32,5,0,0,0,1.0,1.0,0.02,0.06,0.0,1.0,1.0,1,39322.0
46,5,0,0,0,1.0,1.0,0.01,0.07,0.0,1.0,1.0,1,58167.0
50,5,0,0,0,1.0,1.0,0.42,0.16,0.0,1.0,1.0,1,66516.0
11,9,44,71,0,0.0,0.0,1.0,0.01,0.0,0.0,0.0,0,37261.0
56,5,0,0,0,1.0,1.0,0.11,0.06,0.0,1.0,1.0,1,123525.0
9,5,0,0,0,1.0,1.0,0.07,0.05,0.0,1.0,1.0,1,33152.0
22,9,323,3581,1,0.0,0.0,1.0,0.0,0.02,0.0,0.0,0,13552.0
57,2,125,179,0,0.0,0.0,1.0,0.0,0.0,0.11,0.11,0,60818.0
22,9,341,279,1,0.0,0.0,1.0,0.0,0.0,0.0,0.0,0,28459.0
22,9,325,2649,1,0.0,0.0,1.0,0.0,0.01,0.0,0.0,0,74817.0
46,9,1,0,0,0.0,0.0,0.27,0.47,0.0,0.0,0.0,1,103611.0
22,9,246,18079,1,0.0,0.0,1.0,0.0,0.0,0.0,0.0,0,112213.0
22,9,279,2141,1,0.0,0.0,1.0,0.0,0.03,0.0,0.0,0,26045.0
46,5,0,0,0,1.0,1.0,0.16,0.06,0.0,1.0,1.0,1,3594.0
22,9,300,4809,1,0.0,0.0,1.0,0.0,0.06,0.0,0.0,0,117169.0
51,9,1677,389,1,0.0,0.0,1.0,0.0,0.0,0.34,0.0,0,99398.0
58,5,0,0,0,1.0,1.0,0.01,0.06,0.0,1.0,1.0,1,7603.0
57,5,0,0,0,1.0,1.0,0.08,0.05,0.0,1.0,1.0,1,107568.0
22,9,270,4111,1,0.0,0.0,1.0,0.0,0.0,0.0,0.0,0,8069.0
5,1,0,0,0,0.0,0.0,0.1,0.06,0.0,0.0,0.0,1,80152.0
22,9,356,12348,1,0.0,0.0,1.0,0.0,0.0,0.0,0.0,0,87046.0
22,9,332,12343,1,0.0,0.0,1.0,0.0,0.02,0.0,0.0,0,12956.0
46,5,0,0,0,1.0,1.0,0.02,0.06,0.0,1.0,1.0,1,110356.0
41,4,1,0,0,0.0,0.0,1.0,0.0,0.0,0.0,0.0,1,97637.0
22,9,186,1263,1,0.0,0.0,1.0,0.0,0.0,0.0,0.0,0,14580.0
46,9,1,0,0,0.0,0.0,0.32,0.1,0.0,0.16,0.0,1,115579.0
41,9,3888,0,0,0.11,0.0,0.11,0.44,0.0,0.0,0.0,0,64131.0
22,9,187,3253,1,0.0,0.0,1.0,0.0,0.0,0.0,0.0,0,92634.0
22,9,54540,8314,1,0.0,0.0,1.0,0.0,0.0,0.0,0.0,0,21892.0
46,5,0,0,0,1.0,1.0,0.09,0.07,0.0,1.0,1.0,1,110637.0
36,5,0,0,0,1.0,1.0,0.15,0.06,0.0,1.0,1.0,1,59947.0
46,5,0,0,0,1.0,1.0,0.05,0.06,0.0,1.0,1.0,1,87491.0
22,9,328,10033,1,0.0,0.0,1.0,0.0,0.03,0.0,0.0,0,37465.0
51,9,900,329,1,0.0,0.0,0.5,1.0,0.0,0.0,0.11,0,72536.0
12,5,0,0,0,1.0,1.0,0.01,0.07,0.0,1.0,1.0,1,39744.0
10,1,0,0,0,0.0,0.0,0.02,0.07,0.0,0.0,0.0,1,11975.0
20,5,0,0,0,1.0,1.0,0.08,0.05,0.0,1.0,1.0,1,9574.0
17,5,0,0,0,1.0,1.0,0.02,0.08,0.0,1.0,1.0,1,18433.0
22,9,199,24868,1,0.0,0.0,1.0,0.0,0.07,0.0,0.0,0,121482.0
36,5,0,0,0,1.0,1.0,0.02,0.06,0.0,1.0,1.0,1,104751.0
51,9,1555,331,1,0.0,0.0,1.0,0.0,0.0,0.0,0.0,0,28181.0
11,9,46,46,0,0.0,0.0,1.0,0.0,0.0,0.0,0.0,0,74592.0
22,9,294,256,1,0.0,0.0,1.0,0.0,0.0,0.0,0.0,0,30499.0
46,5,0,0,0,1.0,1.0,0.03,0.08,0.0,1.0,1.0,1,35237.0
46,5,0,0,0,1.0,1.0,0.02,0.06,0.0,1.0,1.0,1,96611.0
18,9,1231,2451,1,0.0,0.0,1.0,0.0,0.0,0.0,0.0,0,1359.0
19,5,0,0,0,1.0,1.0,0.08,0.05,0.0,1.0,1.0,1,89124.0
22,9,227,1074,1,0.0,0.0,1.0,0.0,0.05,0.01,0.01,0,1874.0
14,9,30,0,0,0.0,0.0,1.0,0.0,0.0,0.0,0.0,0,44156.0
41,9,146,105,0,0.0,0.0,1.0,0.0,0.0,0.0,0.0,0,116081.0
51,9,1640,332,1,0.0,0.0,1.0,0.0,0.01,0.0,0.0,0,47991.0
19,9,95,0,0,0.0,0.0,1.0,0.0,0.04,0.0,0.0,0,79259.0
46,9,1,0,0,0.0,0.0,0.38,0.31,0.0,0.0,0.0,1,76848.0
46,5,0,0,0,1.0,1.0,0.13,0.06,0.0,1.0,1.0,1,104688.0
22,9,265,260,1,0.0,0.0,1.0,0.0,0.0,0.0,0.0,0,36661.0
57,9,315,201030,1,0.0,0.0,1.0,0.0,0.0,0.0,0.0,0,37853.0
22,9,202,13774,1,0.0,0.0,1.0,0.0,0.03,0.0,0.0,0,26047.0
17,5,0,0,0,1.0,1.0,0.07,0.06,0.0,1.0,1.0,1,14879.0
22,5,0,0,0,1.0,1.0,0.2,0.8,0.0,1.0,1.0,1,69593.0
14,9,1032,0,0,0.0,0.0,1.0,0.0,0.0,0.0,0.0,0,43003.0
10,9,0,0,0,0.0,0.0,1.0,0.0,0.0,0.0,0.0,1,69819.0
22,9,276,5069,1,0.0,0.0,1.0,0.0,0.02,0.0,0.0,0,60102.0
19,9,501760,0,1,0.0,0.0,1.0,0.0,0.05,0.0,0.02,0,88666.0
11,9,46,134,0,0.0,0.0,1.0,0.0,0.0,0.0,0.0,0,85710.0
11,9,42,42,0,0.0,0.0,1.0,0.0,0.0,0.0,0.0,0,58246.0
51,9,784,330,1,0.0,0.0,1.0,0.0,0.0,0.0,0.0,0,76949.0
22,9,323,337,1,0.0,0.0,1.0,0.0,0.0,0.0,0.0,0,124445.0
39,5,0,0,0,1.0,1.0,0.1,0.06,0.0,1.0,1.0,1,120425.0
51,9,1763,338,1,0.0,0.0,1.0,0.0,0.01,0.0,0.0,0,98724.0
22,5,0,0,0,0.5,0.12,1.0,0.0,0.03,0.25,0.0,0,100721.0
46,5,0,0,0,1.0,1.0,0.08,0.06,0.0,1.0,1.0,1,98669.0
13,9,8,0,0,0.0,0.0,1.0,0.0,0.25,0.0,0.0,1,101164.0
22,9,247,412,1,0.0,0.0,1.0,0.0,0.0,0.0,0.0,0,86357.0
14,9,520,0,0,0.0,0.0,1.0,0.0,0.0,0.0,0.0,0,10849.0
22,9,285,281,1,0.0,0.0,1.0,0.0,0.04,0.0,0.0,0,5869.0
22,9,278,2903,1,0.0,0.0,1.0,0.0,0.05,0.0,0.0,0,94236.0
18,9,1049,2274,1,0.0,0.0,1.0,0.0,0.0,0.12,0.0,0,12201.0
46,1,0,0,0,0.0,0.0,0.06,0.06,0.0,0.0,0.0,1,118492.0
14,9,30,0,0,0.0,0.0,1.0,0.0,0.0,0.0,0.0,0,83025.0
22,9,214,1007,1,0.0,0.0,1.0,0.0,0.02,0.0,0.0,0,102993.0
22,9,257,5989,1,0.0,0.0,1.0,0.0,0.0,0.0,0.0,0,28168.0
46,1,0,0,0,0.0,0.0,0.08,0.07,0.0,0.0,0.0,1,123813.0
46,1,0,0,0,0.0,0.0,0.02,0.06,0.0,0.0,0.0,1,89004.0
51,9,727,340,1,0.0,0.0,1.0,0.0,0.01,0.01,0.0,0,4034.0
57,9,854,385102,1,0.0,0.0,1.0,0.0,0.0,0.0,0.0,0,113119.0
4,1,0,0,0,0.0,0.0,0.06,0.07,0.0,0.0,0.0,1,121169.0
11,9,42,75,0,0.0,0.0,1.0,0.0,0.0,0.0,0.0,0,80197.0
19,5,0,0,0,0.08,0.17,0.05,0.95,0.0,0.11,0.18,1,36387.0
17,5,0,0,0,1.0,1.0,0.01,0.06,0.0,1.0,1.0,1,73477.0
22,9,234,866,1,0.0,0.0,1.0,0.0,0.04,0.0,0.0,0,66349.0
19,9,641,0,1,0.0,0.0,1.0,0.0,0.09,0.0,0.0,0,86362.0
64,5,0,0,0,1.0,1.0,0.05,0.06,0.0,1.0,1.0,1,79269.0
0,4,2201,10826,0,0.0,0.0,1.0,0.0,0.0,0.0,0.0,0,11833.0
22,1,0,0,0,0.0,0.0,1.0,0.0,0.16,0.0,0.0,0,85549.0
22,9,336,331,1,0.0,0.0,1.0,0.0,0.0,0.0,0.0,0,45558.0
11,9,45,128,0,0.0,0.0,1.0,0.0,0.0,0.0,0.0,0,5455.0
22,9,265,22926,1,0.0,0.0,1.0,0.0,0.02,0.0,0.0,0,95299.0
63,5,0,0,0,1.0,1.0,0.0,0.05,0.0,1.0,1.0,1,84760.0
57,6,223,12698,1,1.0,1.0,1.0,0.0,0.0,0.01,0.05,0,93071.0
22,9,207,5443,1,0.0,0.0,1.0,0.0,0.02,0.0,0.0,0,17373.0
57,5,0,0,0,1.0,1.0,0.26,0.13,0.0,1.0,1.0,1,57407.0
9,2,0,0,0,0.0,0.0,0.0,0.06,0.0,0.0,0.0,1,98936.0
22,9,162,36569,1,0.0,0.0,1.0,0.0,0.0,0.0,0.0,0,98100.0
17,9,6,0,0,0.0,0.0,1.0,0.0,0.2,0.0,0.0,1,96337.0
46,5,0,0,0,1.0,1.0,0.1,0.06,0.0,1.0,1.0,1,71805.0
22,9,308,24964,1,0.0,0.0,1.0,0.0,0.05,0.0,0.0,0,86100.0
46,5,0,0,0,1.0,1.0,0.17,0.05,0.0,1.0,1.0,1,36150.0
46,9,1,0,0,0.0,0.0,1.0,0.0,0.0,0.0,0.0,1,34121.0
41,9,147,105,0,0.0,0.0,1.0,0.0,0.0,0.0,0.0,0,21301.0
22,9,212,267,1,0.0,0.0,1.0,0.0,0.02,0.0,0.0,0,108740.0
22,9,321,14962,1,0.0,0.0,1.0,0.0,0.0,0.0,0.0,0,11841.0
22,9,258,3419,1,0.0,0.0,1.0,0.0,0.02,0.0,0.0,0,125057.0
46,5,0,0,0,1.0,1.0,0.02,0.05,0.0,1.0,1.0,1,121032.0
46,4,0,0,0,0.0,0.0,0.5,1.0,0.0,0.0,0.0,1,101275.0
3,5,0,0,0,1.0,1.0,0.03,0.06,0.0,1.0,1.0,1,102120.0
22,9,205,2729,1,0.0,0.0,1.0,0.0,0.02,0.0,0.0,0,123749.0
46,1,0,0,0,0.0,0.0,0.04,0.06,0.0,0.0,0.0,1,110283.0
11,9,45,130,0,0.0,0.0,1.0,0.0,0.0,0.0,0.0,0,23431.0
19,5,0,0,0,0.97,1.0,0.24,0.14,0.0,1.0,1.0,1,104256.0
22,9,210,303,1,0.0,0.0,1.0,0.0,0.03,0.0,0.0,0,20240.0
18,9,1486,4152,1,0.0,0.0,1.0,0.0,0.0,0.0,0.0,0,22145.0
22,9,216,7384,1,0.0,0.0,1.0,0.0,0.01,0.0,0.0,0,39017.0
15,5,0,0,0,1.0,1.0,0.15,0.05,0.0,1.0,1.0,1,101836.0
22,9,261,1650,1,0.0,0.0,1.0,0.0,0.0,0.0,0.0,0,89134.0
38,1,0,0,0,0.0,0.0,0.09,0.07,0.0,0.0,0.0,1,9786.0
11,9,30,0,0,0.0,0.0,0.5,1.0,0.0,0.0,0.0,0,42993.0
30,5,0,0,0,1.0,1.0,0.46,0.23,0.0,1.0,1.0,1,124697.0
22,9,201,3968,1,0.0,0.0,1.0,0.0,0.02,0.0,0.0,0,111257.0
22,9,54540,8314,1,0.0,0.0,1.0,0.0,0.0,0.0,0.0,0,16013.0
46,5,0,0,0,1.0,1.0,0.04,0.08,0.0,1.0,1.0,1,59132.0
19,9,151,0,0,0.0,0.0,1.0,0.0,0.0,0.0,0.0,0,58513.0
46,5,0,0,0,1.0,1.0,0.08,0.06,0.0,1.0,1.0,1,105488.0
22,9,241,961,1,0.0,0.0,1.0,0.0,0.0,0.0,0.0,0,64477.0
46,5,0,0,0,1.0,1.0,0.03,0.07,0.0,1.0,1.0,1,39449.0
41,9,147,0,0,0.0,0.0,1.0,0.0,0.0,0.0,0.0,0,8169.0
46,5,0,0,0,1.0,1.0,0.01,0.05,0.0,0.91,1.0,1,88100.0
22,1,0,0,0,0.0,0.0,1.0,0.0,0.22,0.0,0.0,0,2232.0
22,9,286,2543,1,0.0,0.0,1.0,0.0,0.06,0.0,0.0,0,86784.0
22,9,253,7473,1,0.0,0.0,1.0,0.0,0.02,0.0,0.0,0,58317.0
22,9,247,756,1,0.0,0.0,1.0,0.0,0.01,0.0,0.0,0,6899.0
11,9,46,128,0,0.0,0.0,0.98,0.03,0.0,0.0,0.0,0,118084.0
19,9,245,0,1,0.0,0.0,1.0,0.0,0.0,0.0,0.0,0,112271.0
16,5,0,0,0,1.0,1.0,0.08,0.06,0.0,1.0,1.0,1,26522.0
22,9,229,1403,1,0.0,0.0,1.0,0.0,0.0,0.0,0.0,0,109130.0
57,5,0,0,0,1.0,1.0,0.67,0.07,0.0,1.0,1.0,1,35698.0
11,9,45,45,0,0.0,0.0,1.0,0.0,0.0,0.0,0.0,0,35038.0
18,9,1443,4152,1,0.0,0.0,1.0,0.0,0.0,0.0,0.0,0,74098.0
22,9,54540,8314,1,0.0,0.0,1.0,0.0,0.0,0.0,0.0,0,29143.0
11,9,33,0,0,0.0,0.0,1.0,0.0,0.0,0.0,0.0,0,113311.0
11,9,34,0,0,0.0,0.0,1.0,0.0,0.04,0.0,0.0,0,102280.0
22,9,219,437,1,0.0,0.0,1.0,0.0,0.02,0.0,0.0,0,105704.0
11,9,91,0,0,0.0,0.0,1.0,0.0,0.0,0.0,0.0,0,12083.0
22,1,0,0,0,0.0,0.0,1.0,0.0,0.03,0.0,0.0,0,74609.0
13,9,8,0,0,0.0,0.0,1.0,0.0,0.25,0.0,0.0,1,101387.0
8,5,0,0,0,1.0,1.0,0.0,0.07,0.0,1.0,1.0,1,17745.0
22,9,291,593,1,0.0,0.0,1.0,0.0,0.0,0.0,0.0,0,4843.0
55,5,0,0,0,1.0,1.0,0.05,0.09,0.0,1.0,1.0,1,99480.0
36,1,0,0,0,0.0,0.0,0.02,0.06,0.0,0.0,0.0,1,14545.0
51,9,2255,336,1,0.0,0.0,1.0,0.0,0.01,0.0,0.0,0,2753.0
61,5,0,0,0,1.0,1.0,0.03,0.06,0.0,1.0,1.0,1,68840.0
51,9,634,451,1,0.0,0.0,1.0,0.0,0.01,0.29,0.0,0,2685.0
62,5,0,0,0,1.0,1.0,0.36,0.45,0.0,1.0,1.0,1,94527.0
11,9,32,92,0,0.0,0.0,1.0,0.0,0.03,0.14,0.0,0,40975.0
22,9,235,3253,1,0.0,0.0,1.0,0.0,0.0,0.0,0.0,0,87747.0
41,9,145,105,0,0.0,0.0,1.0,0.0,0.0,0.0,0.0,0,88305.0
22,9,239,529,1,0.0,0.0,1.0,0.0,0.01,0.0,0.0,0,77381.0
22,9,210,945,1,0.0,0.0,1.0,0.0,0.0,0.0,0.0,0,24768.0
51,9,1053,340,1,0.0,0.0,1.0,0.0,0.01,0.01,0.0,0,2994.0
46,1,0,0,0,0.0,0.0,0.01,0.07,0.0,0.0,0.0,1,74055.0
13,9,30,0,0,0.0,0.0,1.0,0.0,0.42,0.0,0.0,0,89770.0
22,9,201,1865,1,0.0,0.0,1.0,0.0,0.0,0.0,0.0,0,7247.0
53,5,0,0,0,1.0,1.0,0.07,0.06,0.0,1.0,1.0,1,99353.0
3,1,0,0,0,0.0,0.0,1.0,0.0,0.0,0.06,0.0,0,83140.0
61,2,0,0,0,0.0,0.0,0.11,0.07,0.0,0.0,0.0,1,54568.0
22,1,0,0,0,0.0,0.0,1.0,0.0,0.15,0.0,0.0,0,363.0
46,4,0,0,0,0.0,0.0,1.0,0.0,0.0,0.0,0.0,1,47729.0
14,9,1032,0,0,0.0,0.0,1.0,0.0,0.0,0.0,0.0,0,35915.0
46,5,0,0,0,1.0,1.0,0.01,0.06,0.0,1.0,1.0,1,47179.0
22,9,206,1749,1,0.0,0.0,1.0,0.0,0.05,0.0,0.0,0,79483.0
22,9,293,3187,1,0.0,0.0,1.0,0.0,0.04,0.0,0.0,0,25231.0
29,5,0,0,0,1.0,1.0,0.14,0.05,0.0,1.0,1.0,1,56433.0
22,1,0,0,0,0.0,0.0,0.04,0.06,0.0,0.0,0.0,1,46851.0
19,5,0,0,0,1.0,1.0,0.2,0.06,0.0,1.0,1.0,1,80148.0
14,9,520,0,0,0.0,0.0,1.0,0.0,0.0,0.0,0.0,0,90588.0
22,9,283,176,1,0.0,0.0,1.0,0.0,0.06,0.0,0.0,0,3991.0
46,5,0,0,0,1.0,1.0,0.01,0.06,0.0,1.0,1.0,1,36125.0
11,9,44,75,0,0.0,0.0,1.0,0.0,0.0,0.0,0.0,0,70587.0
30,5,0,0,0,1.0,1.0,0.06,0.07,0.0,1.0,1.0,1,66317.0
46,9,1,0,0,0.0,0.0,0.69,0.05,0.0,0.0,0.0,1,71969.0
22,9,251,6076,1,0.0,0.0,1.0,0.0,0.02,0.0,0.0,0,28574.0
22,5,0,0,0,0.33,0.43,1.0,0.0,0.08,0.08,0.01,0,119492.0
2,5,0,0,0,1.0,1.0,0.07,0.06,0.0,1.0,1.0,1,90991.0
50,9,6,0,1,0.07,0.0,0.01,1.0,0.0,0.03,0.0,1,76903.0
22,9,256,4452,1,0.0,0.0,1.0,0.0,0.04,0.0,0.0,0,124162.0
11,9,46,46,0,0.0,0.0,1.0,0.0,0.0,0.0,0.0,0,95572.0
22,9,331,354,1,0.0,0.0,1.0,0.0,0.04,0.0,0.0,0,63319.0
46,1,0,0,0,0.0,0.0,0.1,0.07,0.0,0.0,0.0,1,99447.0
22,9,286,933,1,0.0,0.0,1.0,0.0,0.03,0.0,0.01,0,14147.0
46,1,0,0,0,0.0,0.0,0.09,0.06,0.0,0.0,0.0,1,111525.0
14,9,1032,0,0,0.0,0.0,1.0,0.0,0.0,0.01,0.0,0,74518.0
41,9,147,105,0,0.0,0.0,1.0,0.0,0.0,0.0,0.0,0,23944.0
46,1,0,0,0,0.0,0.0,0.15,0.06,0.0,0.0,0.0,1,99073.0
22,9,208,1415,1,0.0,0.0,1.0,0.0,0.0,0.0,0.0,0,35639.0
51,9,2091,330,1,0.0,0.0,1.0,0.0,0.01,0.0,0.0,0,57288.0
46,5,0,0,0,1.0,1.0,0.15,0.08,0.0,1.0,1.0,1,98342.0
26,5,0,0,0,1.0,1.0,0.05,0.07,0.0,1.0,1.0,1,60691.0
5,5,0,0,0,1.0,1.0,0.14,0.06,0.0,1.0,1.0,1,71263.0
46,5,0,0,0,1.0,1.0,0.01,0.07,0.0,1.0,1.0,1,15173.0
18,5,0,0,0,1.0,1.0,0.08,0.05,0.0,1.0,1.0,1,114711.0
19,9,965,0,1,0.0,0.0,1.0,0.0,0.0,0.0,0.0,0,41747.0
22,5,0,0,0,0.5,0.5,1.0,0.0,0.01,0.03,0.01,0,109420.0
22,9,246,392,1,0.0,0.0,1.0,0.0,0.0,0.0,0.0,0,88559.0
22,9,222,717,1,0.0,0.0,1.0,0.0,0.02,0.0,0.0,0,14018.0
46,5,0,0,0,1.0,1.0,0.02,0.07,0.0,1.0,1.0,1,92251.0
19,7,0,0,0,1.0,0.5,1.0,0.0,0.02,0.03,0.05,0,16214.0
11,9,104,0,0,0.0,0.0,1.0,0.0,0.0,0.0,0.0,0,20342.0
22,9,253,477,1,0.0,0.0,1.0,0.0,0.07,0.0,0.0,0,95526.0
19,9,2194619,0,1,0.0,0.0,1.0,0.0,0.03,0.0,0.0,0,62193.0
22,9,274,12679,1,0.0,0.0,1.0,0.0,0.03,0.0,0.0,0,34874.0
22,9,257,1968,1,0.0,0.0,1.0,0.0,0.02,0.0,0.0,0,123543.0
14,9,1480,0,0,0.0,0.0,1.0,0.0,0.5,0.0,0.0,0,211.0
46,5,0,0,0,1.0,1.0,0.15,0.06,0.0,1.0,1.0,1,75917.0
22,9,234,1931,1,0.0,0.0,1.0,0.0,0.0,0.0,0.0,0,72574.0
13,9,18,0,0,0.0,0.0,1.0,0.0,1.0,0.0,0.0,1,85536.0
22,9,296,3439,1,0.0,0.0,1.0,0.0,0.01,0.0,0.0,0,78681.0
51,9,2483,329,1,0.0,0.0,1.0,0.0,0.02,0.0,0.0,0,7275.0
11,9,44,75,0,0.0,0.0,1.0,0.0,0.0,0.0,0.0,0,106633.0
46,5,0,0,0,1.0,1.0,0.05,0.05,0.0,1.0,1.0,1,20883.0
11,9,45,74,0,0.0,0.0,1.0,0.0,0.0,0.0,0.0,0,62080.0
22,9,211,529,1,0.0,0.0,1.0,0.0,0.08,0.0,0.0,0,86860.0
13,9,8,0,0,0.0,0.0,1.0,0.0,0.5,0.0,0.0,1,92211.0
46,5,0,0,0,1.0,1.0,0.04,0.05,0.0,1.0,1.0,1,87271.0
22,9,169,4160,1,0.0,0.0,1.0,0.0,0.11,0.0,0.0,0,49122.0
46,5,0,0,0,1.0,1.0,0.2,0.08,0.0,1.0,1.0,1,123481.0
41,1,0,0,0,0.1,0.0,0.0,1.0,0.0,0.17,0.0,1,98838.0
51,9,1003,327,1,0.0,0.0,1.0,0.0,0.01,0.0,0.0,0,32109.0
22,9,234,575,1,0.0,0.0,1.0,0.0,0.0,0.0,0.0,0,64371.0
11,9,44,133,0,0.0,0.0,1.0,0.0,0.0,0.0,0.0,0,8766.0
11,9,24,24,0,0.0,0.0,1.0,0.0,0.0,0.0,0.0,0,32901.0
53,5,0,0,0,1.0,1.0,0.12,0.06,0.0,1.0,1.0,1,25422.0
41,9,1363,0,1,0.06,0.0,0.06,0.24,0.0,0.02,0.0,0,124860.0
46,4,0,0,0,0.0,0.0,1.0,0.0,0.0,0.0,0.0,1,61406.0
22,9,287,1456,1,0.0,0.0,1.0,0.0,0.0,0.0,0.0,0,101292.0
22,9,220,457,1,0.0,0.0,1.0,0.0,0.05,0.0,0.0,0,41943.0
58,5,0,0,0,1.0,1.0,0.06,0.06,0.0,1.0,1.0,1,28872.0
19,9,768,0,1,0.0,0.0,1.0,0.0,0.04,0.0,0.0,0,84094.0
19,9,4539,0,1,0.0,0.0,1.0,0.0,0.04,0.0,0.0,0,60652.0
11,9,97,32,0,0.0,0.0,1.0,0.0,0.0,0.0,0.0,0,93572.0
35,5,0,0,0,1.0,1.0,0.08,0.06,0.0,1.0,1.0,1,104825.0
46,4,0,0,0,0.0,0.0,1.0,0.0,0.0,0.0,0.0,1,123387.0
19,9,252,0,1,0.0,0.0,1.0,0.0,0.0,0.0,0.0,0,85433.0
22,9,208,2966,1,0.0,0.0,1.0,0.0,0.02,0.01,0.0,0,62777.0
22,5,0,0,0,1.0,1.0,0.3,0.09,0.0,1.0,1.0,1,98572.0
55,5,0,0,0,1.0,1.0,0.02,0.05,0.0,1.0,1.0,1,7956.0
41,9,7280,0,0,0.09,0.0,0.09,0.55,0.0,0.0,0.0,0,40075.0
22,9,205,247,1,0.0,0.0,1.0,0.0,0.02,0.0,0.0,0,26180.0
46,1,0,0,0,0.0,0.0,0.03,0.06,0.0,0.0,0.0,1,24178.0
29,5,0,0,0,1.0,1.0,0.06,0.05,0.0,1.0,1.0,1,28278.0
22,9,332,976,1,0.0,0.0,1.0,0.0,0.0,0.0,0.0,0,77621.0
46,5,0,0,0,1.0,1.0,0.11,0.06,0.0,1.0,1.0,1,27302.0
57,5,0,0,0,1.0,1.0,0.05,0.05,0.0,1.0,1.0,1,42924.0
11,9,44,128,0,0.0,0.0,1.0,0.0,0.0,0.0,0.0,0,15292.0
22,9,309,491,1,0.17,0.17,1.0,0.0,0.01,0.02,0.01,0,122843.0
22,9,323,1029,1,0.0,0.0,1.0,0.0,0.02,0.0,0.0,0,113225.0
51,9,2753,333,1,0.0,0.0,1.0,0.0,0.0,0.0,0.0,0,83476.0
18,9,1458,4152,1,0.0,0.0,1.0,0.0,0.0,0.0,0.0,0,525.0
46,5,0,0,0,1.0,1.0,0.06,0.06,0.0,0.77,1.0,1,64390.0
46,1,0,0,0,0.0,0.0,0.14,0.05,0.0,0.0,0.0,1,13980.0
58,5,0,0,0,1.0,1.0,0.09,0.05,0.0,1.0,1.0,1,89930.0
41,1,0,0,0,0.1,0.0,0.0,1.0,0.0,0.06,0.0,1,51065.0
14,9,1032,0,0,0.0,0.0,1.0,0.0,0.0,0.0,0.0,0,8673.0
22,9,314,1994,1,0.0,0.0,1.0,0.0,0.01,0.0,0.0,0,48484.0
11,9,42,73,0,0.0,0.0,1.0,0.0,0.0,0.0,0.0,0,19537.0
22,9,143,9743,1,0.0,0.0,1.0,0.0,0.05,0.0,0.0,0,31250.0
22,9,320,289,1,0.0,0.0,1.0,0.0,0.0,0.0,0.0,0,2564.0
56,5,0,0,0,1.0,1.0,0.05,0.07,0.0,1.0,1.0,1,27548.0
22,9,334,4279,1,0.0,0.0,1.0,0.0,0.02,0.0,0.0,0,21727.0
22,9,239,295,1,0.0,0.0,1.0,0.0,0.0,0.0,0.0,0,10421.0
46,5,0,0,0,1.0,1.0,0.01,0.08,0.0,1.0,1.0,1,101412.0
19,9,8737,0,1,0.0,0.0,1.0,0.0,0.03,0.0,0.0,0,11789.0
19,9,7196,0,1,0.0,0.0,1.0,0.0,0.0,0.69,0.67,0,96609.0
22,9,275,37865,1,0.0,0.0,1.0,0.0,0.02,0.0,0.0,0,66053.0
46,5,0,0,0,1.0,1.0,0.01,0.07,0.0,1.0,1.0,1,16206.0
51,9,667,326,1,0.0,0.0,1.0,0.0,0.03,0.0,0.0,0,80481.0
13,9,30,0,0,0.0,0.0,0.12,0.38,0.0,0.0,0.0,0,12728.0
46,5,0,0,0,1.0,1.0,0.03,0.05,0.0,0.86,1.0,1,42267.0
14,9,1032,0,0,0.0,0.0,1.0,0.0,0.0,0.15,0.0,0,68989.0
22,9,305,260,1,0.0,0.0,1.0,0.0,0.07,0.0,0.01,0,108035.0
37,1,0,0,0,0.0,0.0,0.05,0.07,0.0,0.0,0.0,1,1951.0
22,9,252,11485,1,0.0,0.0,1.0,0.0,0.0,0.0,0.0,0,86911.0
11,9,45,76,0,0.0,0.0,1.0,0.01,0.0,0.0,0.0,0,106576.0
19,9,383,0,1,0.0,0.0,0.67,0.67,0.0,0.01,0.02,0,58426.0
46,1,0,0,0,0.05,0.0,0.0,1.0,0.0,0.06,0.0,1,2268.0
22,9,293,2486,1,0.0,0.0,1.0,0.0,0.0,0.0,0.0,0,106040.0
22,9,181,9442,1,0.0,0.0,1.0,0.0,0.03,0.0,0.0,0,2679.0
11,9,44,131,0,0.0,0.0,1.0,0.0,0.0,0.0,0.0,0,121461.0
11,9,46,76,0,0.0,0.0,1.0,0.01,0.0,0.0,0.0,0,5926.0
51,9,2239,325,1,0.0,0.0,1.0,0.0,0.02,0.0,0.0,0,35242.0
13,9,8,0,0,0.0,0.0,1.0,0.0,0.51,0.0,0.0,1,97746.0
46,1,0,0,0,0.0,0.0,1.0,0.0,1.0,0.0,0.0,1,114719.0
19,9,4892,0,1,0.0,0.0,1.0,0.0,0.03,0.0,0.0,0,28359.0
51,9,3414,332,1,0.0,0.0,1.0,0.0,0.02,0.0,0.0,0,11752.0
11,9,41,71,0,0.0,0.0,1.0,0.0,0.0,0.0,0.0,0,65598.0
46,5,0,0,0,1.0,1.0,0.04,0.07,0.0,1.0,1.0,1,5458.0
2,1,0,0,0,0.0,0.0,0.06,0.06,0.0,0.0,0.0,1,77809.0
22,5,0,0,0,0.6,0.75,0.6,0.6,0.0,1.0,1.0,1,90903.0
22,9,313,267,1,0.0,0.0,1.0,0.0,0.0,0.0,0.0,0,21820.0
46,5,0,0,0,1.0,1.0,0.11,0.06,0.0,1.0,1.0,1,109860.0
51,9,1752,438,1,0.0,0.0,1.0,0.0,0.0,0.12,0.0,0,27337.0
58,5,0,0,0,1.0,1.0,0.07,0.06,0.0,1.0,1.0,1,21838.0
22,9,54540,8314,1,0.0,0.0,1.0,0.0,0.0,0.01,0.01,0,11670.0
11,9,46,74,0,0.0,0.0,1.0,0.0,0.0,0.0,0.0,0,51193.0
14,9,1032,0,0,0.0,0.0,1.0,0.0,0.0,0.0,0.0,0,23501.0
46,5,0,0,0,1.0,1.0,0.02,0.06,0.0,1.0,1.0,1,28346.0
22,9,249,1597,1,0.0,0.0,1.0,0.0,0.02,0.0,0.0,0,66586.0
46,9,1,0,0,0.0,0.0,0.44,0.22,0.0,0.0,0.0,1,95707.0
11,9,45,147,0,0.0,0.0,1.0,0.0,0.0,0.0,0.0,0,42990.0
46,5,0,0,0,1.0,1.0,0.06,0.08,0.0,1.0,1.0,1,75903.0
22,9,294,495,1,0.0,0.0,1.0,0.0,0.0,0.0,0.0,0,83282.0
52,5,0,0,0,1.0,1.0,0.13,0.06,0.0,1.0,1.0,1,37074.0
46,9,28,0,0,0.0,0.0,1.0,0.0,0.0,0.0,0.0,1,72800.0
5,1,0,0,0,0.0,0.0,0.07,0.07,0.0,0.0,0.0,1,10042.0
13,9,30,0,0,0.0,0.0,1.0,0.0,0.0,0.0,0.0,0,84449.0
46,4,1,0,0,0.0,0.0,1.0,0.0,0.0,0.0,0.0,1,38226.0
46,1,0,0,0,0.0,0.0,0.17,0.06,0.0,0.0,0.0,1,51023.0
11,9,44,78,0,0.0,0.0,1.0,0.0,0.0,0.0,0.0,0,387.0
52,5,0,0,0,1.0,1.0,0.14,0.05,0.0,1.0,1.0,1,54016.0
22,9,236,34500,1,0.0,0.0,1.0,0.0,0.01,0.0,0.0,0,11415.0
22,9,264,2274,1,0.0,0.0,1.0,0.0,0.0,0.0,0.0,0,105327.0
56,5,0,0,0,1.0,1.0,0.0,0.06,0.0,1.0,1.0,1,92825.0
25,5,0,0,0,1.0,1.0,0.03,0.06,0.0,1.0,1.0,1,112685.0
13,9,8,0,0,0.0,0.0,1.0,0.0,0.5,0.0,0.0,1,71859.0
13,9,8,0,0,0.0,0.0,1.0,0.0,0.5,0.0,0.0,1,15702.0
46,5,0,0,0,1.0,1.0,0.06,0.06,0.0,1.0,1.0,1,65824.0
22,9,239,30907,1,0.0,0.0,1.0,0.0,0.0,0.0,0.0,0,124035.0
9,5,0,0,0,1.0,1.0,0.1,0.05,0.0,1.0,1.0,1,25004.0
22,9,327,976,1,0.0,0.0,1.0,0.0,0.03,0.0,0.0,0,60116.0
62,5,0,0,0,1.0,1.0,0.08,0.05,0.0,1.0,1.0,1,6106.0
46,5,0,0,0,1.0,1.0,0.04,0.05,0.0,1.0,1.0,1,117817.0
22,9,221,1813,1,0.0,0.0,1.0,0.0,0.04,0.0,0.0,0,110464.0
22,9,54540,8314,1,0.0,0.0,1.0,0.0,0.0,0.0,0.0,0,55434.0
22,9,138,43803,1,0.0,0.0,1.0,0.0,0.01,0.0,0.0,0,110066.0
19,9,641,0,1,0.0,0.0,1.0,0.0,0.02,0.0,0.0,0,107467.0
22,9,234,11485,1,0.0,0.0,1.0,0.0,0.0,0.0,0.0,0,87336.0
39,5,0,0,0,1.0,1.0,0.07,0.06,0.0,1.0,1.0,1,107289.0
22,9,285,1045,1,0.25,0.14,1.0,0.0,0.04,0.25,0.0,0,117197.0
11,9,43,43,0,0.0,0.0,1.0,0.0,0.0,0.0,0.0,0,78220.0
11,9,42,73,0,0.0,0.0,1.0,0.0,0.0,0.0,0.0,0,88630.0
46,5,0,0,0,1.0,1.0,0.03,0.06,0.0,1.0,1.0,1,110846.0
22,9,221,1215,1,0.25,0.25,1.0,0.0,0.05,0.02,0.0,0,52503.0
11,9,45,81,0,0.0,0.0,0.99,0.01,0.0,0.0,0.0,0,109113.0
2,5,0,0,0,1.0,1.0,0.12,0.05,0.0,1.0,1.0,1,74071.0
11,9,43,43,0,0.0,0.0,1.0,0.0,0.0,0.0,0.0,0,22815.0
5,1,0,0,0,0.0,0.0,0.07,0.07,0.0,0.0,0.0,1,54255.0
22,9,54540,8314,1,0.0,0.0,1.0,0.0,0.0,0.0,0.0,0,117445.0
40,9,48,48,0,0.0,0.0,1.0,0.0,0.0,0.0,0.0,0,72223.0
30,1,0,0,0,0.0,0.0,0.05,0.06,0.0,0.0,0.0,1,91944.0
22,9,310,308,1,0.0,0.0,1.0,0.0,0.03,0.0,0.0,0,53961.0
13,9,8,0,0,0.0,0.0,1.0,0.0,0.52,0.0,0.0,1,50669.0
22,1,0,0,0,0.0,0.0,1.0,0.0,0.23,0.0,0.0,0,47658.0
51,9,955,281,1,0.0,0.0,1.0,0.0,0.01,0.0,0.0,0,2044.0
22,9,221,10554,1,0.0,0.0,1.0,0.0,0.03,0.0,0.0,0,7456.0
36,5,0,0,0,1.0,1.0,0.01,0.06,0.0,1.0,1.0,1,112671.0
13,9,8,0,0,0.0,0.0,1.0,0.0,0.51,0.0,0.0,1,40220.0
41,4,1,0,0,0.0,0.0,1.0,0.0,0.0,0.0,0.0,1,35525.0
22,5,0,0,0,1.0,1.0,0.03,0.06,0.0,1.0,1.0,1,97837.0
22,9,307,484,1,0.5,0.5,1.0,0.0,0.01,0.02,0.01,0,91529.0
18,9,1081,3081,1,0.0,0.0,1.0,0.0,0.0,0.0,0.0,0,54224.0
22,9,301,3660,1,0.0,0.0,1.0,0.0,0.0,0.0,0.0,0,5778.0
57,5,0,0,0,1.0,1.0,0.05,0.05,0.0,1.0,1.0,1,52063.0
22,9,217,15949,1,0.0,0.0,1.0,0.0,0.01,0.0,0.0,0,109917.0
22,9,271,4781,1,0.0,0.0,1.0,0.0,0.25,0.0,0.0,0,195.0
26,1,0,0,0,0.0,0.0,0.06,0.07,0.0,0.0,0.0,1,27938.0
11,9,44,115,0,0.0,0.0,1.0,0.0,0.0,0.0,0.0,0,91114.0
46,5,0,0,0,1.0,1.0,0.15,0.05,0.0,1.0,1.0,1,63594.0
11,9,43,69,0,0.0,0.0,1.0,0.0,0.0,0.0,0.0,0,117767.0
19,9,190,0,0,0.0,0.0,1.0,0.0,0.04,0.0,0.0,0,102342.0
13,9,30,0,0,0.0,0.0,0.25,0.5,0.0,0.0,0.0,0,51780.0
46,1,0,0,0,0.0,0.0,0.07,0.07,0.0,0.0,0.0,1,9785.0
38,5,0,0,0,1.0,1.0,0.13,0.06,0.0,1.0,1.0,1,80405.0
51,9,1136,370,1,0.0,0.0,1.0,0.0,0.01,0.0,0.0,0,101953.0
51,9,719,333,1,0.0,0.0,1.0,0.0,0.0,0.0,0.0,0,60879.0
22,9,215,940,1,0.0,0.0,1.0,0.0,0.01,0.0,0.0,0,100809.0
46,5,0,0,0,1.0,1.0,0.1,0.06,0.0,1.0,1.0,1,120217.0
46,1,0,0,0,0.0,0.0,0.07,0.06,0.0,0.0,0.0,1,45519.0
61,5,0,0,0,1.0,1.0,0.07,0.05,0.0,1.0,1.0,1,62958.0
22,9,306,937,1,0.0,0.0,1.0,0.0,0.02,0.0,0.0,0,13162.0
22,1,0,0,0,0.0,0.0,1.0,0.0,0.15,0.0,0.0,0,54004.0
27,5,0,0,0,1.0,1.0,0.06,0.06,0.0,1.0,1.0,1,123167.0
11,9,45,135,0,0.0,0.0,1.0,0.0,0.0,0.0,0.0,0,25320.0
22,9,336,1413,1,0.0,0.0,1.0,0.0,0.04,0.01,0.0,0,58463.0
22,9,270,6824,1,0.0,0.0,1.0,0.0,0.03,0.0,0.0,0,35116.0
46,5,0,0,0,1.0,1.0,0.02,0.06,0.0,1.0,1.0,1,109779.0
11,9,45,70,0,0.0,0.0,1.0,0.0,0.0,0.0,0.0,0,16463.0
49,5,0,0,0,1.0,1.0,0.07,0.06,0.0,1.0,1.0,1,5808.0
22,9,189,1613,1,0.0,0.0,1.0,0.0,0.01,0.0,0.0,0,83192.0
9,5,0,0,0,1.0,1.0,0.02,0.06,0.0,1.0,1.0,1,62628.0
39,2,0,0,0,0.0,0.0,0.03,0.06,0.0,0.0,0.0,1,16944.0
51,9,1019,327,1,0.0,0.0,1.0,0.0,0.02,0.0,0.0,0,11466.0
22,9,231,1075,1,0.0,0.0,1.0,0.0,0.0,0.0,0.0,0,67214.0
46,9,28,0,0,0.0,0.0,1.0,0.0,0.0,0.0,0.0,1,7176.0
51,9,1201,332,1,0.0,0.0,1.0,0.0,0.01,0.0,0.0,0,16249.0
46,5,0,0,0,1.0,1.0,0.01,0.06,0.0,1.0,1.0,1,16092.0
22,5,260,0,0,0.5,0.5,1.0,0.0,0.05,0.5,0.0,0,26527.0
41,9,147,105,0,0.0,0.0,0.5,0.5,0.0,0.0,0.0,0,42580.0
46,5,0,0,0,1.0,1.0,0.5,1.0,0.0,1.0,1.0,1,115809.0
13,9,8,0,0,0.0,0.0,1.0,0.0,0.25,0.0,0.0,1,26801.0
22,9,222,1106,1,0.0,0.0,1.0,0.0,0.02,0.0,0.0,0,45156.0
46,5,0,0,0,1.0,1.0,0.07,0.06,0.0,1.0,1.0,1,122099.0
22,9,144,9813,1,0.0,0.0,1.0,0.0,0.04,0.0,0.0,0,9915.0
46,5,0,0,0,1.0,1.0,0.08,0.06,0.0,1.0,1.0,1,52091.0
51,9,1860,335,1,0.0,0.0,1.0,0.0,0.01,0.0,0.0,0,31961.0
46,5,0,0,0,1.0,1.0,0.15,0.05,0.0,1.0,1.0,1,36206.0
19,9,0,59,0,0.0,0.04,1.0,0.0,0.03,0.0,0.0,1,34617.0
46,1,0,0,0,0.0,0.0,0.03,0.08,0.0,0.0,0.0,1,89835.0
26,5,0,0,0,1.0,1.0,0.02,0.05,0.0,1.0,1.0,1,27311.0
46,5,0,0,0,1.0,1.0,0.09,0.05,0.0,1.0,1.0,1,26280.0
46,5,0,0,0,1.0,1.0,0.12,0.05,0.0,1.0,1.0,1,24565.0
22,9,215,1103,1,0.0,0.0,1.0,0.0,0.02,0.0,0.01,0,120228.0
39,5,0,0,0,1.0,1.0,0.45,0.23,0.0,1.0,1.0,1,69737.0
46,9,105,147,0,0.0,0.0,0.17,0.33,0.0,0.0,0.0,0,108386.0
19,9,1199,0,1,0.0,0.0,1.0,0.0,0.0,0.0,0.0,0,41659.0
22,9,225,1875,1,0.0,0.0,1.0,0.0,0.0,0.0,0.0,0,25942.0
11,9,43,129,0,0.0,0.0,1.0,0.0,0.0,0.0,0.0,0,49601.0
41,9,516,4,0,0.0,0.0,1.0,0.0,0.0,0.0,0.0,0,53445.0
22,1,0,0,0,0.0,0.0,1.0,0.0,0.11,0.0,0.0,0,98825.0
46,5,0,0,0,1.0,1.0,0.01,0.06,0.0,1.0,1.0,1,39538.0
46,9,105,147,0,0.0,0.0,1.0,0.0,0.0,0.0,0.0,0,83287.0
22,9,261,3913,1,0.0,0.0,1.0,0.0,0.0,0.0,0.0,0,3884.0
46,9,105,146,0,0.0,0.0,0.17,0.33,0.0,0.0,0.0,0,31487.0
22,9,295,1329,1,0.0,0.0,1.0,0.0,0.0,0.0,0.0,0,96706.0
33,5,0,0,0,1.0,1.0,0.06,0.06,0.0,1.0,1.0,1,15563.0
22,9,195,605,1,0.0,0.0,1.0,0.0,0.04,0.0,0.0,0,16757.0
46,5,0,0,0,1.0,1.0,0.06,0.07,0.0,1.0,1.0,1,39054.0
22,9,299,392,1,0.0,0.0,1.0,0.0,0.0,0.0,0.0,0,86919.0
14,9,520,0,0,0.0,0.0,1.0,0.0,0.0,0.0,0.0,0,53825.0
22,9,282,449,1,0.0,0.0,1.0,0.0,0.01,0.0,0.0,0,59949.0
14,9,1032,0,0,0.0,0.0,1.0,0.0,0.0,0.01,0.0,0,12395.0
21,5,0,0,0,1.0,1.0,0.07,0.06,0.0,1.0,1.0,1,14671.0
11,9,44,80,0,0.0,0.0,1.0,0.0,0.0,0.0,0.0,0,24851.0
22,9,221,256,1,0.0,0.0,1.0,0.0,0.0,0.0,0.0,0,22074.0
2,5,0,0,0,1.0,1.0,0.0,0.06,0.0,1.0,1.0,1,116399.0
18,9,1061,3081,1,0.0,0.0,1.0,0.0,0.0,0.0,0.0,0,109486.0
10,5,0,0,0,1.0,1.0,0.07,0.06,0.0,1.0,1.0,1,20099.0
46,5,0,0,0,1.0,1.0,0.03,0.06,0.0,1.0,1.0,1,55169.0
51,9,1104,331,1,0.0,0.0,1.0,0.0,0.01,0.0,0.0,0,6108.0
46,5,0,0,0,1.0,1.0,0.02,0.06,0.0,1.0,1.0,1,86826.0
22,9,419,8545,1,0.0,0.0,1.0,0.0,0.17,0.0,0.0,0,118256.0
57,5,0,0,0,1.0,1.0,1.0,0.0,0.0,0.99,0.97,1,45614.0
22,9,335,458,1,0.0,0.0,1.0,0.0,0.0,0.0,0.0,0,49642.0
22,9,329,337,1,0.0,0.0,1.0,0.0,0.0,0.0,0.0,0,14232.0
46,1,0,0,0,0.01,0.0,0.01,1.0,0.0,0.0,0.0,1,96946.0
51,9,11937,1431,1,0.0,0.0,1.0,0.0,0.02,0.0,0.0,0,91827.0
32,5,0,0,0,1.0,1.0,0.15,0.15,0.0,1.0,1.0,1,111290.0
46,4,0,0,0,0.0,0.0,1.0,0.0,0.0,0.05,0.0,1,103567.0
22,1,0,0,0,0.0,0.0,1.0,0.0,0.18,0.0,0.0,0,111761.0
46,4,0,0,0,0.0,0.0,1.0,0.0,0.0,0.0,0.0,1,108775.0
51,9,923,486,1,0.0,0.0,1.0,0.0,0.02,0.17,0.0,0,40878.0
58,5,0,0,0,1.0,1.0,0.04,0.07,0.0,1.0,1.0,1,27126.0
36,5,0,0,0,1.0,1.0,0.02,0.06,0.0,1.0,1.0,1,105449.0
26,5,0,0,0,1.0,1.0,0.05,0.06,0.0,1.0,1.0,1,17188.0
57,9,866,148111,1,0.0,0.0,1.0,0.0,0.0,0.0,0.0,0,14905.0
19,9,16,0,0,0.0,0.0,1.0,0.0,0.0,0.78,0.0,0,36221.0
14,9,520,0,0,0.0,0.0,1.0,0.0,0.0,0.0,0.0,0,41937.0
22,9,235,5238,1,0.0,0.0,1.0,0.0,0.01,0.0,0.0,0,114734.0
51,9,1124,368,1,0.0,0.0,1.0,0.0,0.0,0.0,0.0,0,88911.0
14,9,520,0,0,0.0,0.0,1.0,0.0,0.0,0.0,0.0,0,7539.0
22,9,357,1266,1,0.0,0.0,1.0,0.0,0.02,0.0,0.0,0,54879.0
22,1,0,0,0,0.0,0.0,1.0,0.0,0.17,0.0,0.0,0,83241.0
9,5,0,0,0,1.0,1.0,0.04,0.06,0.0,1.0,1.0,1,50426.0
19,9,12241,0,1,0.0,0.0,1.0,0.0,0.0,0.01,0.0,0,71368.0
51,9,2697,331,1,0.0,0.0,1.0,0.0,0.0,0.01,0.02,0,850.0
46,1,0,0,0,0.0,0.0,0.05,0.06,0.0,0.0,0.0,1,105105.0
22,9,396,4037,1,0.0,0.0,1.0,0.0,0.0,0.0,0.0,0,22618.0
36,1,0,0,0,0.0,0.0,0.02,0.06,0.0,0.0,0.0,1,110618.0
41,4,1,0,0,0.0,0.0,1.0,0.0,0.0,0.0,0.0,1,3009.0
22,9,293,4864,1,0.0,0.0,1.0,0.0,0.04,0.0,0.0,0,71247.0
22,9,274,1074,1,0.0,0.0,1.0,0.0,0.0,0.0,0.0,0,81090.0
26,5,0,0,0,1.0,1.0,0.09,0.05,0.0,1.0,1.0,1,63772.0
22,9,291,15647,1,0.0,0.0,1.0,0.0,0.02,0.0,0.0,0,84264.0
14,9,520,0,0,0.0,0.0,1.0,0.0,0.0,0.0,0.0,0,12280.0
51,9,650,329,1,0.0,0.0,1.0,0.0,0.01,0.01,0.01,0,51935.0
22,9,216,15353,1,0.0,0.0,1.0,0.0,0.0,0.0,0.0,0,107193.0
22,9,320,2280,1,0.0,0.0,1.0,0.0,0.0,0.01,0.01,0,3566.0
17,5,0,0,0,1.0,1.0,0.38,0.12,0.0,1.0,1.0,1,101724.0
26,1,0,0,0,0.0,0.0,0.08,0.06,0.0,0.0,0.0,1,110057.0
46,4,0,0,0,0.0,0.0,1.0,0.0,0.0,0.0,0.0,1,46550.0
51,9,1163,413,1,0.0,0.0,1.0,0.0,0.01,0.0,0.0,0,55228.0
19,9,7077,0,1,0.0,0.0,1.0,0.0,0.02,0.0,0.0,0,4743.0
3,1,0,0,0,0.0,0.0,0.1,0.07,0.0,0.0,0.0,1,49794.0
11,9,95,39,0,0.0,0.0,1.0,0.0,0.0,0.0,0.0,0,106473.0
10,1,0,0,0,0.0,0.0,0.05,0.06,0.0,0.0,0.0,1,61281.0
46,5,0,0,0,1.0,1.0,0.05,0.06,0.0,1.0,1.0,1,37125.0
27,5,0,0,0,1.0,1.0,0.14,0.07,0.0,1.0,1.0,1,6378.0
60,9,78,0,0,0.0,0.0,0.2,0.4,0.0,0.0,0.0,0,25591.0
22,9,319,369,1,0.0,0.0,1.0,0.0,0.01,0.0,0.0,0,88155.0
57,5,0,0,0,1.0,1.0,0.03,0.06,0.0,1.0,1.0,1,99705.0
51,9,2289,330,1,0.0,0.0,1.0,0.0,0.01,0.01,0.01,0,75290.0
22,5,0,0,0,1.0,1.0,0.16,0.05,0.0,1.0,1.0,1,32538.0
22,9,202,769,1,0.0,0.0,1.0,0.0,0.0,0.0,0.0,0,64038.0
11,9,43,136,0,0.0,0.0,1.0,0.0,0.0,0.0,0.0,0,53422.0
15,5,0,0,0,1.0,1.0,0.15,0.05,0.0,1.0,1.0,1,106566.0
63,5,0,0,0,1.0,1.0,0.07,0.05,0.0,1.0,1.0,1,72733.0
22,9,213,2445,1,0.0,0.0,1.0,0.0,0.0,0.0,0.0,0,40866.0
22,9,198,6924,1,0.0,0.0,1.0,0.0,0.0,0.0,0.0,0,61814.0
22,9,235,579,1,0.0,0.0,1.0,0.0,0.06,0.0,0.0,0,57747.0
22,9,306,574,1,0.0,0.0,1.0,0.0,0.04,0.0,0.0,0,112610.0
22,9,216,2188,1,0.0,0.0,1.0,0.0,0.05,0.0,0.01,0,79307.0
22,9,225,2833,1,0.0,0.0,1.0,0.0,0.0,0.0,0.0,0,102072.0
22,9,233,251,1,0.0,0.0,1.0,0.0,0.07,0.0,0.0,0,44797.0
5,5,0,0,0,1.0,1.0,0.04,0.06,0.0,1.0,1.0,1,44750.0
17,5,0,0,0,1.0,1.0,0.25,0.06,0.0,1.0,1.0,1,107667.0
22,9,327,910,1,0.0,0.0,1.0,0.0,0.05,0.0,0.01,0,109440.0
25,5,0,0,0,1.0,1.0,0.06,0.06,0.0,1.0,1.0,1,87682.0
22,9,319,4238,1,0.0,0.0,1.0,0.0,0.01,0.0,0.0,0,52887.0
22,9,297,1705,1,0.0,0.0,1.0,0.0,0.0,0.0,0.0,0,77498.0
21,5,0,0,0,1.0,1.0,0.02,0.07,0.0,1.0,1.0,1,31753.0
11,9,44,79,0,0.0,0.0,1.0,0.0,0.0,0.0,0.0,0,27974.0
2,5,0,0,0,1.0,1.0,0.22,0.28,0.0,1.0,1.0,1,75170.0
46,9,1,0,0,0.0,0.0,0.13,0.11,0.0,0.0,0.0,1,111276.0
22,9,330,1749,1,0.0,0.0,1.0,0.0,0.02,0.0,0.0,0,109447.0
22,9,164,3687,1,0.0,0.0,1.0,0.0,0.03,0.0,0.0,0,45083.0
46,9,28,0,0,0.0,0.0,1.0,0.0,0.0,0.0,0.0,1,81636.0
46,4,1,0,0,0.0,0.0,1.0,0.0,0.0,0.0,0.0,1,124126.0
22,1,0,0,0,0.0,0.0,1.0,0.0,0.19,0.0,0.0,0,121639.0
22,9,199,401,1,0.0,0.0,1.0,0.0,0.04,0.01,0.0,0,111265.0
13,9,30,0,0,0.0,0.0,1.0,0.0,0.0,0.0,0.0,0,15291.0
46,5,0,0,0,1.0,1.0,0.01,0.07,0.0,1.0,1.0,1,62620.0
25,5,0,0,0,1.0,1.0,0.04,0.06,0.0,1.0,1.0,1,115171.0
22,9,196,20790,1,0.0,0.0,1.0,0.0,0.02,0.0,0.0,0,42669.0
7,5,0,0,0,1.0,1.0,0.11,0.05,0.0,1.0,1.0,1,49872.0
22,1,0,0,0,0.0,0.0,0.0,0.0,0.0,0.0,0.0,1,120895.0
19,9,567,0,0,0.0,0.0,1.0,0.0,0.04,0.0,0.0,0,31738.0
51,9,1099,328,1,0.0,0.0,1.0,0.0,0.0,0.0,0.0,0,14681.0
22,9,263,2787,1,0.0,0.0,1.0,0.0,0.0,0.0,0.0,0,115319.0
22,9,260,285,1,0.0,0.0,1.0,0.0,0.0,0.0,0.0,0,121382.0
22,1,0,0,0,0.0,0.0,1.0,0.0,0.0,0.0,0.0,0,54179.0
11,9,46,82,0,0.0,0.0,0.99,0.02,0.0,0.0,0.0,0,44016.0
22,9,229,466,1,0.0,0.0,1.0,0.0,0.01,0.0,0.0,0,92253.0
41,1,0,0,0,0.2,0.0,0.0,1.0,0.0,0.12,0.0,1,14999.0
22,9,231,5516,1,0.11,0.15,1.0,0.0,0.05,0.02,0.0,0,76430.0
46,9,1,0,0,0.0,0.0,0.11,0.22,0.0,0.0,0.0,1,78996.0
22,9,247,511,1,0.0,0.0,1.0,0.0,0.03,0.0,0.0,0,111630.0
17,5,0,0,0,1.0,1.0,0.25,0.05,0.0,1.0,1.0,1,23324.0
46,1,0,0,0,0.0,0.0,0.19,0.07,0.0,0.0,0.0,1,101747.0
51,9,1116,403,1,0.0,0.0,1.0,0.0,0.01,0.0,0.0,0,120683.0
46,5,0,0,0,1.0,1.0,0.05,0.06,0.0,1.0,1.0,1,9721.0
22,9,202,1080,1,0.0,0.0,1.0,0.0,0.05,0.0,0.0,0,8794.0
25,1,0,0,0,0.0,0.0,0.01,0.06,0.0,0.0,0.0,1,9599.0
22,9,210,26992,1,0.0,0.0,1.0,0.0,0.05,0.0,0.0,0,78357.0
19,9,4539,0,1,0.0,0.0,1.0,0.0,0.0,0.64,0.55,0,17071.0
18,2,0,133,0,0.0,0.0,1.0,0.0,1.0,0.0,0.0,0,104844.0
11,9,85,44,0,0.0,0.0,1.0,0.0,0.0,0.0,0.0,0,52497.0
22,9,205,3303,1,0.0,0.0,1.0,0.0,0.03,0.02,0.01,0,17306.0
22,9,190,2165,1,0.0,0.0,1.0,0.0,0.04,0.0,0.0,0,14540.0
13,9,8,0,0,0.0,0.0,1.0,0.0,0.5,0.0,0.0,1,53638.0
26,1,0,0,0,0.0,0.0,0.06,0.07,0.0,0.0,0.0,1,77192.0
41,9,146,105,0,0.0,0.0,1.0,0.0,0.0,0.0,0.0,0,68469.0
46,5,0,0,0,1.0,1.0,0.18,0.06,0.0,1.0,1.0,1,82598.0
51,9,968,329,1,0.0,0.0,1.0,0.0,0.01,0.0,0.0,0,92531.0
22,9,342,860,1,0.0,0.0,1.0,0.0,0.01,0.0,0.0,0,113109.0
46,5,0,0,0,1.0,1.0,0.04,0.06,0.0,1.0,1.0,1,87094.0
11,9,45,139,0,0.0,0.0,1.0,0.0,0.0,0.0,0.0,0,19515.0
22,9,224,343,1,0.0,0.0,1.0,0.0,0.02,0.0,0.0,0,61719.0
46,1,0,0,0,0.0,0.0,0.09,0.07,0.0,0.0,0.0,1,110686.0
41,1,0,0,0,0.08,0.0,0.0,1.0,0.0,0.06,0.0,1,43155.0
9,5,0,0,0,1.0,1.0,0.05,0.06,0.0,1.0,1.0,1,97893.0
22,9,215,294,1,0.0,0.0,1.0,0.0,0.0,0.0,0.0,0,64563.0
22,9,213,2445,1,0.0,0.0,1.0,0.0,0.01,0.0,0.0,0,18817.0
18,9,246,772,1,0.0,0.0,0.5,1.0,0.0,0.01,0.0,0,22566.0
18,9,1238,2449,1,0.0,0.0,1.0,0.0,0.0,0.0,0.0,0,112273.0
19,9,832,0,1,0.0,0.0,1.0,0.0,0.13,0.0,0.0,0,124531.0
46,5,0,0,0,1.0,1.0,0.07,0.06,0.0,1.0,1.0,1,13166.0
11,9,42,42,0,0.0,0.0,1.0,0.0,0.0,0.0,0.0,0,113260.0
51,9,1841,330,1,0.0,0.0,1.0,0.0,0.04,0.05,0.0,0,75863.0
64,1,0,0,0,0.0,0.0,0.05,0.06,0.0,0.0,0.0,1,22404.0
41,1,0,0,0,0.25,0.0,0.0,1.0,0.0,0.27,0.0,1,21962.0
22,1,0,0,0,0.0,0.0,1.0,0.0,0.19,0.0,0.0,0,42561.0
8,5,0,0,0,1.0,1.0,0.04,0.06,0.0,1.0,1.0,1,74329.0
46,5,0,0,0,1.0,1.0,0.06,0.06,0.0,1.0,1.0,1,77756.0
12,5,0,0,0,1.0,1.0,0.02,0.06,0.0,1.0,1.0,1,90138.0
22,9,400,800,1,0.0,0.0,1.0,0.0,0.2,0.0,0.0,0,123139.0
22,9,309,1109,1,0.0,0.0,1.0,0.0,0.0,0.0,0.0,0,14161.0
13,9,8,0,0,0.0,0.0,1.0,0.0,0.5,0.0,0.0,1,59016.0
11,9,43,70,0,0.0,0.0,1.0,0.0,0.0,0.0,0.0,0,23189.0
42,9,44,556,0,0.0,0.0,0.17,1.0,0.0,0.0,0.0,0,19187.0
22,9,237,2395,1,0.0,0.0,1.0,0.0,0.04,0.0,0.0,0,120536.0
46,4,1,0,0,0.0,0.0,1.0,0.0,0.0,0.0,0.0,1,36210.0
46,5,0,0,0,1.0,1.0,0.01,0.07,0.0,1.0,1.0,1,17009.0
22,1,0,0,0,0.0,0.0,1.0,0.0,0.19,0.0,0.0,0,17480.0
19,1,0,0,0,0.07,0.0,0.01,0.99,0.0,0.08,0.0,1,19566.0
29,5,0,0,0,1.0,1.0,0.13,0.05,0.0,1.0,1.0,1,99256.0
58,5,0,0,0,1.0,1.0,0.06,0.06,0.0,1.0,1.0,1,15822.0
19,9,1830,0,0,0.0,0.0,1.0,0.0,0.0,0.48,0.0,0,84398.0
22,9,338,4218,1,0.0,0.0,1.0,0.0,0.04,0.0,0.0,0,75057.0
46,5,0,0,0,1.0,1.0,0.13,0.06,0.0,1.0,1.0,1,55771.0
19,9,334,0,1,0.0,0.0,1.0,0.0,0.13,0.0,0.0,0,118229.0
24,5,0,0,0,1.0,1.0,0.17,0.04,0.0,1.0,1.0,1,78069.0
22,9,321,1543,1,0.0,0.0,1.0,0.0,0.01,0.0,0.0,0,1751.0
25,5,0,0,0,1.0,1.0,0.06,0.05,0.0,1.0,1.0,1,123716.0
41,9,145,105,0,0.0,0.0,0.67,0.67,0.0,0.0,0.0,0,57723.0
13,9,8,0,0,0.0,0.0,1.0,0.0,0.51,0.0,0.0,1,118489.0
19,5,0,0,0,1.0,1.0,0.04,0.06,0.0,1.0,1.0,1,12256.0
46,1,0,0,0,0.0,0.0,1.0,0.0,1.0,0.0,0.0,1,30363.0
14,9,1032,0,0,0.0,0.0,1.0,0.0,0.0,0.04,0.0,0,17275.0
22,9,298,836,1,0.0,0.0,1.0,0.0,0.0,0.0,0.0,0,99696.0
41,1,0,0,0,0.07,0.0,0.0,1.0,0.0,0.04,0.0,1,96048.0
46,9,1,0,0,0.0,0.0,0.06,0.19,0.0,0.03,0.0,1,113571.0
37,5,0,0,0,1.0,1.0,0.03,0.06,0.0,1.0,1.0,1,8571.0
22,9,240,372,1,0.0,0.0,1.0,0.0,0.06,0.0,0.0,0,57580.0
17,5,0,0,0,1.0,1.0,0.5,0.07,0.04,1.0,0.96,1,45928.0
55,5,0,0,0,1.0,1.0,0.06,0.08,0.0,1.0,1.0,1,71561.0
22,9,348,1199,1,0.0,0.17,1.0,0.0,0.18,0.0,0.0,0,94265.0
22,9,295,1155,1,0.0,0.0,1.0,0.0,0.01,0.0,0.0,0,96106.0
13,9,8,0,0,0.0,0.0,1.0,0.0,0.25,0.0,0.0,1,60414.0
46,1,0,0,0,0.0,0.0,0.09,0.07,0.0,0.0,0.0,1,111932.0
14,9,1032,0,0,0.0,0.0,1.0,0.0,0.0,0.0,0.0,0,47465.0
46,1,0,0,0,0.0,0.0,0.02,1.0,0.0,0.0,0.0,1,28283.0
11,9,46,46,0,0.0,0.0,1.0,0.0,0.0,0.0,0.0,0,71595.0
46,5,0,0,0,1.0,1.0,0.06,0.06,0.0,1.0,1.0,1,66037.0
22,9,322,3811,1,0.0,0.0,1.0,0.0,0.02,0.0,0.0,0,16990.0
22,9,207,50694,1,0.0,0.0,1.0,0.0,0.0,0.0,0.0,0,79647.0
22,9,262,807,1,0.0,0.0,1.0,0.0,0.01,0.0,0.0,0,52585.0
22,9,308,1512,1,0.0,0.0,1.0,0.0,0.03,0.0,0.0,0,94473.0
22,5,0,0,0,0.5,0.5,1.0,0.0,0.02,0.01,0.0,0,20800.0
46,1,0,0,0,0.06,0.0,0.0,1.0,0.0,0.05,0.0,1,116086.0
57,6,6285,1587397,1,1.0,1.0,1.0,0.0,0.0,0.37,0.12,0,100206.0
46,5,0,0,0,1.0,1.0,0.04,0.07,0.0,1.0,1.0,1,45986.0
22,9,325,362,1,0.0,0.0,1.0,0.0,0.0,0.0,0.0,0,109059.0
64,5,0,0,0,1.0,1.0,0.08,0.06,0.0,1.0,1.0,1,100226.0
22,9,197,1742,1,0.0,0.0,1.0,0.0,0.04,0.0,0.0,0,71785.0
19,9,879,0,0,0.0,0.0,1.0,0.0,0.03,0.0,0.0,0,30117.0
19,9,74,0,1,0.0,0.0,1.0,0.0,0.0,0.84,0.0,0,38238.0
62,5,0,0,0,1.0,1.0,0.08,0.05,0.0,1.0,1.0,1,117778.0
22,9,313,321,1,0.0,0.0,1.0,0.0,0.01,0.0,0.0,0,45154.0
27,5,0,0,0,1.0,1.0,0.55,0.18,0.0,1.0,1.0,1,4048.0
22,1,0,0,0,0.0,0.0,1.0,0.0,0.23,0.0,0.0,0,124577.0
39,5,0,0,0,1.0,1.0,0.01,0.07,0.0,1.0,1.0,1,88555.0
46,5,0,0,0,1.0,1.0,0.02,0.07,0.0,1.0,1.0,1,4171.0
11,9,46,46,0,0.0,0.0,1.0,0.0,0.0,0.0,0.0,0,9188.0
22,1,0,0,0,0.0,0.0,1.0,0.0,0.21,0.0,0.0,0,46075.0
22,9,322,1236,1,0.0,0.0,1.0,0.0,0.12,0.0,0.12,0,121901.0
3,5,0,0,0,1.0,1.0,0.09,0.07,0.0,1.0,1.0,1,52880.0
22,9,276,296,1,0.0,0.0,1.0,0.0,0.02,0.0,0.0,0,18237.0
46,9,1,0,0,0.0,0.0,1.0,0.0,0.0,0.0,0.0,1,121696.0
46,1,0,0,0,0.0,0.0,0.18,0.07,0.0,0.0,0.0,1,12316.0
18,9,1470,4152,1,0.0,0.0,1.0,0.0,0.0,0.0,0.0,0,64257.0
22,9,330,1724,1,0.0,0.0,1.0,0.0,0.0,0.0,0.0,0,52011.0
20,5,0,0,0,1.0,1.0,0.11,0.06,0.0,1.0,1.0,1,11485.0
19,5,0,0,0,1.0,1.0,0.25,0.07,0.0,1.0,1.0,1,26521.0
46,5,0,0,0,1.0,1.0,0.02,0.08,0.0,1.0,1.0,1,82437.0
41,9,145,0,0,0.0,0.0,0.25,0.75,0.0,0.0,0.0,0,64005.0
11,9,45,142,0,0.0,0.0,1.0,0.01,0.0,0.0,0.0,0,6839.0
46,9,28,0,0,0.0,0.0,1.0,0.0,0.0,0.01,0.0,1,121684.0
22,9,208,12640,1,0.33,0.33,1.0,0.0,0.0,0.0,0.0,0,44257.0
13,9,8,0,0,0.0,0.0,1.0,0.0,0.5,0.0,0.0,1,111982.0
22,9,190,398,1,0.0,0.0,1.0,0.0,0.0,0.0,0.0,0,119562.0
22,9,294,1783,1,0.0,0.0,1.0,0.0,0.03,0.0,0.0,0,95630.0
41,1,0,0,0,0.23,0.0,0.0,1.0,0.0,0.18,0.0,1,2764.0
57,9,780,1593580,1,0.0,0.0,1.0,0.0,0.0,0.0,0.0,0,8702.0
14,9,1032,0,0,0.0,0.0,1.0,0.0,0.0,0.02,0.0,0,41159.0
22,9,293,382,1,0.0,0.0,1.0,0.0,0.0,0.0,0.0,0,83397.0
22,9,215,4727,1,0.0,0.0,1.0,0.0,0.0,0.0,0.0,0,6362.0
22,9,218,726,1,0.0,0.0,1.0,0.0,0.0,0.0,0.0,0,66599.0
22,9,327,2662,1,0.0,0.0,1.0,0.0,0.0,0.0,0.0,0,108325.0
14,9,520,0,0,0.0,0.0,1.0,0.0,0.0,0.0,0.0,0,65956.0
19,9,748,0,1,0.0,0.0,1.0,0.0,0.04,0.0,0.01,0,65747.0
55,5,0,0,0,1.0,1.0,0.02,0.05,0.0,1.0,1.0,1,108893.0
22,9,292,2674,1,0.0,0.0,1.0,0.0,0.02,0.0,0.0,0,91900.0
46,9,28,0,0,0.0,0.0,1.0,0.0,0.0,0.0,0.0,1,57415.0
46,5,0,0,0,1.0,1.0,0.02,0.06,0.0,1.0,1.0,1,84157.0
22,9,306,308,1,0.0,0.0,1.0,0.0,0.0,0.0,0.0,0,39194.0
51,9,2237,284,1,0.0,0.0,1.0,0.0,0.01,0.0,0.0,0,29808.0
12,5,0,0,0,1.0,1.0,0.11,0.06,0.0,1.0,1.0,1,42641.0
51,9,1376,399,1,0.0,0.0,1.0,0.0,0.01,0.0,0.0,0,120965.0
2,5,0,0,0,1.0,1.0,0.07,0.05,0.0,1.0,1.0,1,123441.0
22,9,232,2283,1,0.0,0.0,1.0,0.0,0.0,0.0,0.0,0,82233.0
46,4,1,0,0,0.0,0.0,1.0,0.0,0.0,0.0,0.0,1,64899.0
19,9,259,0,0,0.0,0.0,1.0,0.0,0.03,0.0,0.0,0,58400.0
31,5,0,0,0,1.0,1.0,0.04,0.06,0.0,1.0,1.0,1,56587.0
17,5,0,0,0,1.0,1.0,1.0,0.0,1.0,1.0,1.0,1,121116.0
46,5,0,0,0,1.0,1.0,0.04,0.06,0.0,1.0,1.0,1,93556.0
22,9,259,256,1,0.0,0.0,1.0,0.0,0.02,0.0,0.0,0,55734.0
22,9,295,284,1,0.0,0.0,1.0,0.0,0.05,0.0,0.0,0,44478.0
51,9,1667,480,1,0.0,0.0,1.0,0.0,0.0,0.0,0.0,0,123910.0
22,5,0,0,0,1.0,0.91,0.04,0.07,0.0,1.0,1.0,1,4035.0
22,9,235,3913,1,0.0,0.0,1.0,0.0,0.08,0.0,0.0,0,112240.0
46,1,0,0,0,0.06,0.0,0.0,1.0,0.0,0.08,0.0,1,18800.0
11,9,43,128,0,0.0,0.0,1.0,0.0,0.0,0.0,0.0,0,35321.0
22,9,308,1461,1,0.0,0.0,1.0,0.0,0.0,0.0,0.0,0,9427.0
18,5,0,0,0,1.0,1.0,0.02,0.06,0.0,1.0,1.0,1,118227.0
6,5,0,0,0,1.0,1.0,0.04,0.05,0.0,1.0,1.0,1,60056.0
22,9,326,548,1,0.0,0.0,1.0,0.0,0.04,0.25,0.0,0,107823.0
22,9,322,1189,1,0.0,0.0,1.0,0.0,0.03,0.0,0.0,0,30177.0
22,9,311,2617,1,0.0,0.0,1.0,0.0,0.02,0.0,0.0,0,8718.0
30,5,0,0,0,1.0,1.0,0.06,0.07,0.0,1.0,1.0,1,54632.0
17,5,0,0,0,1.0,1.0,0.28,0.14,0.0,1.0,1.0,1,19784.0
22,9,287,671,1,0.0,0.0,1.0,0.0,0.0,0.0,0.0,0,125650.0
51,9,1473,388,1,0.0,0.0,1.0,0.0,0.0,0.0,0.0,0,63494.0
9,4,0,0,0,0.0,0.0,1.0,0.0,0.0,0.0,0.0,1,14763.0
41,9,147,105,0,0.0,0.0,1.0,0.0,0.0,0.0,0.0,0,20823.0
51,9,847,334,1,0.0,0.0,1.0,0.0,0.02,0.0,0.16,0,67979.0
17,5,0,0,0,1.0,1.0,0.25,0.06,0.0,1.0,1.0,1,25127.0
22,5,0,0,0,1.0,1.0,0.1,0.17,0.0,1.0,1.0,1,63879.0
41,9,113,0,0,0.0,0.0,0.89,0.22,0.0,0.0,0.0,0,3752.0
11,9,43,130,0,0.0,0.0,1.0,0.0,0.0,0.0,0.0,0,83372.0
51,9,677,279,1,0.0,0.0,1.0,0.0,0.01,0.01,0.01,0,50682.0
53,5,0,0,0,1.0,1.0,0.07,0.06,0.0,1.0,1.0,1,63617.0
19,9,4014,0,1,0.0,0.0,1.0,0.0,0.03,0.0,0.0,0,110561.0
22,9,260,312,1,0.0,0.0,1.0,0.0,0.0,0.0,0.0,0,20550.0
18,9,240,773,1,0.0,0.0,1.0,0.0,0.0,0.0,0.0,0,84904.0
22,9,243,1322,1,0.0,0.0,1.0,0.0,0.0,0.0,0.0,0,7760.0
22,9,326,3467,1,0.0,0.0,1.0,0.0,0.04,0.0,0.0,0,25462.0
51,9,3145,325,1,0.0,0.0,1.0,0.0,0.03,0.0,0.0,0,4093.0
22,9,152,39243,1,0.0,0.0,1.0,0.0,0.04,0.02,0.01,0,33505.0
46,9,28,0,0,0.0,0.0,1.0,0.0,0.0,0.09,0.0,1,63459.0
46,5,0,0,0,1.0,1.0,0.01,0.07,0.0,1.0,1.0,1,42569.0
22,9,346,2799,1,0.0,0.0,1.0,0.0,0.03,0.0,0.0,0,83758.0
11,9,44,75,0,0.0,0.0,1.0,0.0,0.0,0.0,0.0,0,72043.0
11,9,44,67,0,0.0,0.0,1.0,0.0,0.0,0.0,0.0,0,107576.0
46,1,0,0,0,0.0,0.0,0.01,0.08,0.0,0.0,0.0,1,115463.0
11,9,43,71,0,0.0,0.0,1.0,0.0,0.0,0.0,0.0,0,57059.0
41,9,1,0,0,0.0,0.0,1.0,0.0,0.0,0.0,0.0,1,125125.0
3,1,0,0,0,0.0,0.0,1.0,0.0,0.0,0.6,0.0,0,76954.0
22,9,242,2516,1,0.0,0.0,1.0,0.0,0.0,0.0,0.0,0,97696.0
22,9,203,1436,1,0.0,0.0,1.0,0.0,0.03,0.0,0.0,0,36578.0
41,5,0,0,0,0.15,1.0,0.0,1.0,0.0,0.22,1.0,1,61530.0
46,9,105,105,0,0.0,0.0,1.0,0.0,0.0,0.0,0.0,0,120930.0
46,5,0,0,0,1.0,1.0,0.01,0.06,0.0,1.0,1.0,1,92899.0
22,9,223,665,1,0.0,0.0,1.0,0.0,0.01,0.0,0.0,0,86173.0
5,5,0,0,0,1.0,1.0,0.11,0.07,0.0,1.0,1.0,1,84661.0
46,1,0,0,0,0.0,0.0,0.04,0.07,0.0,0.0,0.0,1,69123.0
14,9,520,0,0,0.0,0.0,1.0,0.0,0.0,0.0,0.0,0,92045.0
22,9,360,1738,1,0.0,0.0,1.0,0.0,0.0,0.0,0.0,0,17577.0
13,9,8,0,0,0.0,0.0,1.0,0.0,0.5,0.0,0.0,1,75379.0
46,5,0,0,0,1.0,1.0,0.03,0.06,0.0,1.0,1.0,1,116165.0
22,9,197,307,1,0.0,0.0,1.0,0.0,0.0,0.0,0.0,0,65017.0
22,9,209,566,1,0.0,0.0,1.0,0.0,0.02,0.0,0.0,0,63202.0
10,5,0,0,0,1.0,1.0,0.08,0.06,0.0,1.0,1.0,1,23777.0
13,9,30,0,0,0.0,0.0,1.0,0.0,0.33,0.0,0.0,0,14139.0
14,9,1480,0,0,0.0,0.0,1.0,0.0,0.54,0.0,0.0,0,39493.0
13,9,30,0,0,0.0,0.0,1.0,0.0,0.46,0.0,0.0,0,120737.0
19,9,637,0,1,0.0,0.0,1.0,0.0,0.0,0.0,0.0,0,4746.0
22,9,196,17602,1,0.0,0.0,1.0,0.0,0.0,0.0,0.0,0,22251.0
17,5,0,0,0,1.0,1.0,0.06,0.06,0.0,1.0,1.0,1,50721.0
22,9,215,3139,1,0.0,0.0,1.0,0.0,0.15,0.0,0.0,0,97420.0
46,5,0,0,0,1.0,1.0,0.05,0.06,0.0,1.0,1.0,1,68765.0
22,9,206,313,1,0.0,0.0,1.0,0.0,0.0,0.0,0.0,0,82785.0
22,9,314,18265,1,0.0,0.0,1.0,0.0,0.01,0.0,0.0,0,117360.0
12,5,0,0,0,1.0,1.0,0.07,0.06,0.0,1.0,1.0,1,73800.0
13,9,8,0,0,0.0,0.0,1.0,0.0,0.51,0.0,0.0,1,104369.0
22,9,299,305,1,0.0,0.0,1.0,0.0,0.02,0.0,0.0,0,44828.0
16,2,0,0,0,0.0,0.0,0.17,0.06,0.0,0.0,0.0,1,109077.0
11,9,93,34,0,0.0,0.0,1.0,0.0,0.0,0.0,0.0,0,9806.0
46,9,105,146,0,0.0,0.0,1.0,0.0,0.0,0.0,0.0,0,124388.0
22,9,241,2603,1,0.0,0.0,1.0,0.0,0.03,0.0,0.0,0,43682.0
3,5,0,0,0,1.0,1.0,0.08,0.06,0.0,1.0,1.0,1,114687.0
22,9,302,2521,1,0.0,0.0,1.0,0.0,0.0,0.0,0.0,0,70312.0
19,9,88382,0,1,0.0,0.0,1.0,0.0,0.0,0.0,0.0,0,79151.0
22,9,208,1160,1,0.0,0.0,1.0,0.0,0.0,0.0,0.0,0,86813.0
41,9,147,105,0,0.0,0.0,1.0,0.0,0.0,0.0,0.0,0,116909.0
46,5,0,0,0,1.0,1.0,0.02,0.09,0.0,1.0,1.0,1,103222.0
41,9,147,105,0,0.0,0.0,1.0,0.0,0.0,0.0,0.0,0,30214.0
22,9,288,466,1,0.0,0.0,1.0,0.0,0.0,0.0,0.0,0,10714.0
41,4,1,0,0,0.0,0.0,1.0,0.0,0.0,0.0,0.0,1,87034.0
22,9,276,1456,1,0.0,0.0,1.0,0.0,0.0,0.0,0.0,0,51476.0
10,5,0,0,0,1.0,1.0,0.17,0.06,0.0,1.0,1.0,1,109332.0
46,4,1,0,0,0.0,0.0,1.0,0.0,0.0,0.0,0.0,1,121627.0
22,9,218,305,1,0.0,0.0,1.0,0.0,0.0,0.0,0.0,0,29635.0
22,9,235,13382,1,0.0,0.0,1.0,0.0,0.01,0.0,0.0,0,75964.0
46,5,0,0,0,1.0,1.0,0.11,0.06,0.0,1.0,1.0,1,48548.0
28,1,0,0,0,0.0,0.0,0.03,0.06,0.0,0.0,0.0,1,112721.0
8,5,0,0,0,1.0,1.0,0.12,0.05,0.0,1.0,1.0,1,39794.0
46,5,0,0,0,1.0,1.0,0.1,0.06,0.0,1.0,1.0,1,46635.0
51,9,2432,333,1,0.0,0.0,1.0,0.0,0.03,0.0,0.0,0,62970.0
19,9,194,0,1,0.0,0.0,1.0,0.0,0.12,0.01,0.0,0,21181.0
19,9,374,0,0,0.0,0.0,1.0,0.0,0.02,0.0,0.0,0,88439.0
11,9,44,137,0,0.0,0.0,0.93,0.13,0.0,0.0,0.0,0,68028.0
57,5,0,0,0,1.0,1.0,0.01,0.06,0.0,1.0,1.0,1,119099.0
41,5,0,0,0,1.0,1.0,0.01,0.06,0.0,1.0,1.0,1,59448.0
11,9,30,0,0,0.0,0.0,1.0,0.0,0.0,0.0,0.0,0,45363.0
22,1,0,0,0,0.0,0.0,1.0,0.0,0.04,0.0,0.0,0,38630.0
46,5,0,0,0,1.0,1.0,0.05,0.06,0.0,1.0,1.0,1,27026.0
22,9,282,10853,1,0.0,0.0,1.0,0.0,0.02,0.0,0.0,0,87599.0
41,9,59,0,1,0.08,0.0,0.08,0.42,0.0,0.02,0.0,0,38817.0
5,5,0,0,0,1.0,1.0,0.06,0.06,0.0,1.0,1.0,1,72909.0
19,5,0,0,0,1.0,1.0,0.08,0.05,0.0,1.0,1.0,1,61306.0
41,9,147,105,0,0.0,0.0,1.0,0.0,0.0,0.0,0.0,0,68733.0
46,5,0,0,0,1.0,1.0,0.02,0.07,0.0,1.0,1.0,1,115863.0
22,9,226,4046,1,0.33,0.05,1.0,0.0,0.03,0.07,0.01,0,21860.0
14,9,1032,0,0,0.0,0.0,1.0,0.0,0.0,0.0,0.0,0,8595.0
22,1,0,0,0,0.0,0.0,1.0,0.0,0.0,0.0,0.0,0,27205.0
51,9,648,334,1,0.0,0.0,1.0,0.0,0.01,0.0,0.0,0,17381.0
22,9,304,2264,1,0.33,0.25,1.0,0.0,0.08,0.33,0.01,0,47286.0
46,5,0,0,0,1.0,1.0,0.03,0.07,0.0,1.0,1.0,1,115653.0
18,9,1198,3380,1,0.0,0.0,1.0,0.0,0.0,0.0,0.0,0,95319.0
22,9,307,3222,1,0.0,0.0,1.0,0.0,0.0,0.25,0.0,0,98893.0
46,5,0,0,0,1.0,1.0,0.02,0.06,0.0,1.0,1.0,1,109567.0
5,5,0,0,0,1.0,1.0,0.04,0.06,0.0,1.0,1.0,1,37112.0
36,5,0,0,0,1.0,1.0,0.02,0.07,0.0,1.0,1.0,1,71826.0
22,9,160,193,1,0.0,0.0,1.0,0.0,0.03,0.0,0.0,0,17527.0
19,5,0,0,0,1.0,1.0,0.16,0.06,0.0,1.0,1.0,1,76628.0
31,5,0,0,0,1.0,1.0,0.64,0.18,0.0,1.0,1.0,1,42117.0
46,9,105,146,0,0.0,0.0,1.0,0.0,0.0,0.0,0.0,0,80249.0
8,5,0,0,0,1.0,1.0,0.02,0.05,0.0,1.0,1.0,1,14049.0
22,9,322,35128,1,0.0,0.0,1.0,0.0,0.0,0.0,0.0,0,101389.0
25,5,0,0,0,1.0,1.0,0.17,0.05,0.0,1.0,1.0,1,30834.0
22,9,166,4517,1,0.0,0.0,1.0,0.0,0.04,0.0,0.0,0,37298.0
19,9,209,0,1,0.0,0.0,1.0,0.0,0.0,0.02,0.04,0,67757.0
22,9,341,1164,1,0.0,0.0,1.0,0.0,0.0,0.0,0.0,0,72450.0
22,9,269,705,1,0.0,0.0,1.0,0.0,0.0,0.0,0.0,0,70151.0
22,9,291,1124,1,0.0,0.0,1.0,0.0,0.0,0.0,0.0,0,57481.0
22,9,239,968,1,0.0,0.0,1.0,0.0,0.03,0.0,0.0,0,80876.0
19,9,8766,0,1,0.0,0.0,1.0,0.0,0.04,0.0,0.0,0,91264.0
22,9,220,1691,1,0.0,0.0,1.0,0.0,0.0,0.0,0.0,0,39096.0
13,9,8,0,0,0.0,0.0,1.0,0.0,0.25,0.0,0.0,1,113819.0
22,9,217,4290,1,0.0,0.0,1.0,0.0,0.03,0.0,0.0,0,117936.0
46,5,0,0,0,1.0,1.0,0.13,0.07,0.0,1.0,1.0,1,118142.0
13,9,8,0,0,0.0,0.0,1.0,0.0,0.5,0.0,0.0,1,9552.0
31,5,0,0,0,1.0,1.0,0.03,0.08,0.0,1.0,1.0,1,65771.0
46,3,0,0,0,0.79,0.67,0.08,0.39,0.0,0.12,0.67,1,29105.0
15,5,0,0,0,1.0,1.0,0.14,0.05,0.0,1.0,1.0,1,94984.0
46,5,0,0,0,1.0,1.0,0.02,0.06,0.0,1.0,1.0,1,22122.0
46,5,0,0,0,1.0,1.0,0.08,0.06,0.0,1.0,1.0,1,46955.0
51,9,2662,333,1,0.0,0.0,1.0,0.0,0.02,0.0,0.33,0,98230.0
22,9,208,431,1,0.0,0.0,1.0,0.0,0.0,0.0,0.0,0,111142.0
61,5,0,0,0,1.0,1.0,0.06,0.06,0.0,1.0,1.0,1,65884.0
51,9,1579,341,1,0.0,0.0,1.0,0.0,0.01,0.0,0.0,0,86361.0
14,9,1480,0,0,0.0,0.0,1.0,0.0,0.6,0.0,0.0,0,91169.0
22,9,215,2528,1,0.0,0.0,1.0,0.0,0.04,0.0,0.0,0,17272.0
22,9,227,6715,1,0.0,0.0,1.0,0.0,0.02,0.0,0.0,0,117113.0
22,1,0,0,0,0.0,0.0,1.0,0.0,0.05,0.0,0.0,0,92754.0
51,9,620,332,1,0.0,0.0,1.0,0.0,0.02,0.0,0.0,0,78293.0
22,9,303,2613,1,0.0,0.0,1.0,0.0,0.02,0.0,0.0,0,68048.0
40,9,48,48,0,0.0,0.0,1.0,0.0,0.0,0.0,0.0,0,14913.0
22,9,209,753,1,0.0,0.0,1.0,0.0,0.04,0.0,0.0,0,116711.0
51,9,815,329,1,0.0,0.0,1.0,0.0,0.0,0.0,0.0,0,104422.0
22,9,222,1247,1,0.0,0.0,1.0,0.0,0.02,0.0,0.0,0,33364.0
46,1,0,0,0,0.0,0.0,1.0,0.0,1.0,0.0,0.0,1,17701.0
26,5,0,0,0,1.0,1.0,0.01,0.05,0.0,1.0,1.0,1,18131.0
22,9,246,1165,1,0.0,0.0,1.0,0.0,0.0,0.0,0.0,0,19877.0
22,9,331,6827,1,0.0,0.0,1.0,0.0,0.0,0.0,0.0,0,125651.0
19,9,641,0,1,0.0,0.0,1.0,0.0,0.04,0.03,0.02,0,9187.0
22,9,217,292,1,0.0,0.0,1.0,0.0,0.02,0.0,0.0,0,78156.0
22,9,313,369,1,0.0,0.0,1.0,0.0,0.0,0.0,0.0,0,93172.0
6,5,0,0,0,1.0,1.0,0.03,0.07,0.0,1.0,1.0,1,39564.0
46,5,0,0,0,1.0,1.0,0.07,0.06,0.0,1.0,1.0,1,79121.0
11,9,46,136,0,0.0,0.0,1.0,0.0,0.0,0.0,0.0,0,6694.0
30,5,0,0,0,1.0,1.0,0.04,0.09,0.0,1.0,1.0,1,16197.0
46,5,0,0,0,1.0,1.0,0.08,0.06,0.0,1.0,1.0,1,89360.0
22,9,288,788,1,0.0,0.0,1.0,0.0,0.01,0.0,0.0,0,124299.0
19,9,245,0,1,0.0,0.0,1.0,0.0,0.0,0.0,0.0,0,90745.0
22,9,293,1676,1,0.0,0.0,1.0,0.0,0.02,0.0,0.0,0,49167.0
19,1,0,0,0,0.0,0.0,0.14,0.06,0.0,0.0,0.0,1,36952.0
22,9,139,32424,1,0.0,0.0,1.0,0.0,0.0,0.0,0.0,0,12111.0
55,5,0,0,0,1.0,1.0,0.08,0.05,0.0,1.0,1.0,1,112187.0
22,9,298,38737,1,0.0,0.0,1.0,0.0,0.0,0.0,0.0,0,41863.0
46,1,0,0,0,0.0,0.0,0.04,0.08,0.0,0.0,0.0,1,10018.0
22,9,147,17087,1,0.0,0.0,1.0,0.0,0.04,0.0,0.0,0,45049.0
17,5,0,0,0,1.0,1.0,0.14,0.43,0.08,0.98,0.88,1,100152.0
41,9,147,105,0,0.0,0.0,0.2,0.6,0.0,0.0,0.0,0,84484.0
46,1,0,0,0,0.0,0.0,1.0,0.0,1.0,0.0,0.0,1,57322.0
11,9,45,81,0,0.0,0.0,1.0,0.0,0.0,0.0,0.0,0,57384.0
51,9,1288,388,1,0.0,0.0,1.0,0.0,0.0,1.0,0.0,0,14881.0
46,4,1,0,0,0.0,0.0,1.0,0.0,0.0,0.0,0.0,1,72853.0
27,5,0,0,0,1.0,1.0,0.09,0.05,0.0,1.0,1.0,1,98366.0
11,9,42,133,0,0.0,0.0,1.0,0.01,0.0,0.0,0.0,0,17719.0
46,5,0,0,0,1.0,1.0,0.02,0.06,0.0,1.0,1.0,1,9604.0
22,9,282,3081,1,0.0,0.0,1.0,0.0,0.02,0.0,0.0,0,7651.0
18,9,227,765,1,0.0,0.0,1.0,0.0,0.0,0.0,0.0,0,95295.0
22,9,230,1422,1,0.0,0.0,1.0,0.0,0.05,0.0,0.0,0,102305.0
13,9,30,0,0,0.0,0.0,1.0,0.0,0.41,0.0,0.0,0,30581.0
0,4,1330,7616,1,0.0,0.0,0.33,0.67,0.0,0.0,0.0,0,117305.0
13,9,8,0,0,0.0,0.0,1.0,0.0,0.5,0.0,0.0,1,76767.0
46,5,0,0,0,1.0,1.0,0.17,0.07,0.0,1.0,1.0,1,30001.0
22,1,0,0,0,0.0,0.0,1.0,0.0,0.16,0.0,0.0,0,52781.0
22,9,296,2302,1,0.0,0.0,1.0,0.0,0.0,0.0,0.0,0,56164.0
22,9,352,2149,1,0.0,0.0,1.0,0.0,0.03,0.0,0.0,0,37795.0
22,5,0,0,0,0.33,0.33,1.0,0.0,0.01,0.33,0.0,0,28845.0
22,9,286,622,1,0.0,0.0,1.0,0.0,0.01,0.0,0.0,0,11622.0
22,1,0,0,0,0.0,0.0,1.0,0.0,0.17,0.0,0.0,0,69655.0
22,9,228,467,1,0.0,0.0,1.0,0.0,0.0,0.0,0.0,0,97247.0
22,9,287,5480,1,0.0,0.0,1.0,0.0,0.02,0.0,0.0,0,74158.0
22,1,0,0,0,0.0,0.0,1.0,0.0,0.0,0.0,0.0,0,52306.0
22,9,339,282,1,0.0,0.0,1.0,0.0,0.0,0.0,0.0,0,69656.0
14,9,1032,0,0,0.0,0.0,1.0,0.0,0.0,0.41,0.0,0,45798.0
22,9,247,677,1,0.0,0.0,1.0,0.0,0.0,0.0,0.0,0,43624.0
22,9,302,1451,1,0.0,0.0,1.0,0.0,0.05,0.0,0.0,0,18452.0
62,5,0,0,0,1.0,1.0,0.29,0.71,0.0,1.0,1.0,1,52629.0
51,9,701,285,1,0.0,0.0,1.0,0.0,0.02,0.0,0.0,0,4995.0
22,9,54540,8314,1,0.0,0.0,1.0,0.0,0.0,0.0,0.0,0,60286.0
22,9,284,3338,1,0.0,0.0,1.0,0.0,0.05,0.0,0.0,0,120700.0
22,9,339,11763,1,0.0,0.0,1.0,0.0,0.0,0.0,0.0,0,8405.0
19,9,641,0,1,0.0,0.0,1.0,0.0,0.03,0.0,0.0,0,68615.0
22,9,223,8867,1,0.0,0.0,1.0,0.0,0.02,0.0,0.0,0,43833.0
14,9,1032,0,0,0.0,0.0,1.0,0.0,0.0,0.0,0.0,0,18170.0
22,9,212,6912,1,0.0,0.0,1.0,0.0,0.0,0.0,0.0,0,72331.0
22,9,54540,8314,1,0.0,0.0,0.67,0.67,0.0,0.0,0.0,0,102907.0
62,5,0,0,0,1.0,1.0,0.02,0.06,0.0,1.0,1.0,1,6732.0
13,9,8,0,0,0.0,0.0,1.0,0.0,0.5,0.0,0.0,1,77843.0
22,9,325,14864,1,0.0,0.0,1.0,0.0,0.07,0.0,0.0,0,60063.0
22,1,0,0,0,0.0,0.0,1.0,0.0,0.04,0.0,0.0,0,104746.0
46,5,0,0,0,1.0,1.0,0.07,0.06,0.0,1.0,1.0,1,90846.0
22,9,248,501,1,0.0,0.0,1.0,0.0,0.03,0.0,0.0,0,23437.0
46,5,0,0,0,1.0,1.0,0.02,0.06,0.0,1.0,1.0,1,96967.0
46,1,0,0,0,0.0,0.0,0.08,0.06,0.0,0.0,0.0,1,93255.0
22,9,152,11753,1,0.0,0.0,1.0,0.0,0.03,0.0,0.0,0,57117.0
34,5,0,0,0,1.0,1.0,0.22,0.1,0.0,1.0,1.0,1,24092.0
57,9,155,3212,1,0.0,0.0,1.0,0.0,0.0,0.0,0.0,0,44312.0
22,9,216,301,1,0.0,0.0,1.0,0.0,0.0,0.0,0.0,0,38955.0
64,1,0,0,0,0.0,0.0,0.02,0.06,0.0,0.0,0.0,1,27765.0
22,9,206,12884,1,0.0,0.0,1.0,0.0,0.0,0.0,0.0,0,18071.0
22,9,350,13336,1,0.0,0.0,1.0,0.0,0.03,0.0,0.0,0,13509.0
62,5,0,0,0,1.0,1.0,0.03,0.06,0.0,1.0,1.0,1,72180.0
22,9,302,6542,1,0.0,0.0,1.0,0.0,0.04,0.0,0.0,0,21019.0
46,1,0,0,0,0.0,0.0,0.03,0.06,0.0,0.0,0.0,1,85734.0
46,5,0,0,0,1.0,1.0,0.08,0.05,0.0,1.0,1.0,1,58639.0
62,1,0,0,0,0.06,0.0,0.0,1.0,0.0,0.08,0.0,1,2085.0
26,5,0,0,0,1.0,1.0,0.07,0.06,0.0,1.0,1.0,1,101044.0
22,9,54540,8314,1,0.0,0.0,1.0,0.0,0.0,0.0,0.0,0,62304.0
51,9,2215,436,1,0.0,0.0,1.0,0.0,0.02,0.0,0.0,0,45718.0
46,9,105,147,0,0.0,0.0,0.18,0.18,0.0,0.0,0.0,0,69085.0
22,9,341,745,1,0.0,0.0,1.0,0.0,0.06,0.0,0.0,0,94556.0
22,9,224,14615,1,0.0,0.0,1.0,0.0,0.01,0.0,0.0,0,60944.0
51,9,1983,494,1,0.0,0.0,1.0,0.0,0.03,0.0,0.0,0,12292.0
46,5,0,0,0,1.0,1.0,0.13,0.07,0.0,1.0,1.0,1,79541.0
62,5,0,0,0,1.0,1.0,0.02,0.06,0.0,1.0,1.0,1,104227.0
46,9,105,147,0,0.0,0.0,0.14,0.29,0.0,0.0,0.0,0,91928.0
4,5,0,0,0,1.0,1.0,0.07,0.06,0.0,1.0,1.0,1,86505.0
32,4,0,0,0,0.0,0.0,1.0,0.0,0.0,0.0,0.0,1,100972.0
46,5,0,0,0,1.0,1.0,0.01,0.06,0.0,1.0,1.0,1,21877.0
11,9,46,46,0,0.0,0.0,1.0,0.0,0.0,0.0,0.0,0,34499.0
25,5,0,0,0,1.0,1.0,0.01,0.05,0.0,1.0,1.0,1,27298.0
26,5,0,0,0,1.0,1.0,0.04,0.06,0.0,1.0,1.0,1,51472.0
22,9,152,9551,1,0.0,0.0,1.0,0.0,0.01,0.0,0.0,0,53667.0
22,9,212,2205,1,0.0,0.0,1.0,0.0,0.04,0.0,0.0,0,83625.0
11,9,46,128,0,0.0,0.0,1.0,0.0,0.0,0.0,0.0,0,110483.0
46,5,0,0,0,1.0,1.0,0.01,0.07,0.0,1.0,1.0,1,98756.0
17,9,8,276,0,0.0,0.0,1.0,0.0,0.0,0.0,0.0,0,81784.0
22,9,298,1024,1,0.0,0.0,1.0,0.0,0.0,0.0,0.0,0,51362.0
22,9,284,124,1,0.0,0.0,1.0,0.0,0.02,0.0,0.0,0,28100.0
22,9,256,3930,1,0.0,0.0,1.0,0.0,0.04,0.0,0.0,0,124192.0
22,9,232,4425,1,0.0,0.0,1.0,0.0,0.01,0.0,0.0,0,91283.0
22,9,0,25519,0,0.33,0.07,1.0,0.0,0.01,0.0,0.0,0,110492.0
51,9,1046,416,1,0.0,0.0,1.0,0.0,0.01,0.0,0.0,0,98806.0
3,5,0,0,0,1.0,1.0,0.04,0.06,0.0,1.0,1.0,1,44469.0
31,5,0,0,0,1.0,1.0,0.08,0.07,0.0,1.0,1.0,1,97866.0
22,5,0,0,0,1.0,1.0,0.31,0.11,0.0,1.0,1.0,1,63751.0
19,9,88382,0,1,0.0,0.0,1.0,0.0,0.0,0.0,0.0,0,4494.0
46,5,0,0,0,1.0,1.0,0.14,0.06,0.0,1.0,1.0,1,14246.0
44,9,35,130,1,0.0,0.0,0.5,1.0,0.4,0.0,0.0,0,89897.0
46,9,28,0,0,0.0,0.0,0.97,0.06,0.0,0.0,0.0,1,124613.0
46,1,0,0,0,0.0,0.0,0.06,0.05,0.0,0.0,0.0,1,4128.0
14,9,520,0,0,0.0,0.0,1.0,0.0,0.0,0.0,0.0,0,60139.0
14,9,520,0,0,0.0,0.0,1.0,0.0,0.0,0.0,0.0,0,40555.0
16,2,0,0,0,0.0,0.0,0.14,0.07,0.0,0.0,0.0,1,20597.0
22,9,261,345,1,0.0,0.0,1.0,0.0,0.0,0.0,0.0,0,67877.0
19,9,501760,0,1,0.0,0.0,1.0,0.0,0.0,0.0,0.0,0,103948.0
24,1,0,0,0,0.0,0.0,0.01,0.07,0.0,0.0,0.0,1,75174.0
33,5,0,0,0,1.0,1.0,0.08,0.05,0.0,1.0,1.0,1,27316.0
14,9,520,0,0,0.0,0.0,1.0,0.0,0.0,0.0,0.0,0,107034.0
46,4,1,0,0,0.0,0.0,1.0,0.0,0.0,0.0,0.0,1,59265.0
20,5,0,0,0,1.0,1.0,0.01,0.06,0.0,1.0,1.0,1,85955.0
22,9,289,2223,1,0.0,0.0,1.0,0.0,0.06,0.0,0.01,0,115471.0
19,9,59,0,1,0.0,0.0,1.0,0.0,0.11,0.0,0.0,0,76803.0
19,9,383,0,1,0.0,0.0,1.0,0.0,0.02,0.0,0.0,0,39108.0
22,1,0,0,0,0.0,0.0,1.0,0.0,0.18,0.0,0.0,0,89307.0
46,9,105,147,0,0.0,0.0,0.22,0.22,0.0,0.0,0.0,0,64864.0
18,9,1495,4152,1,0.0,0.0,1.0,0.0,0.0,0.0,0.0,0,24395.0
13,9,8,0,0,0.0,0.0,1.0,0.0,0.52,0.0,0.0,1,123795.0
22,9,287,399,1,0.0,0.0,1.0,0.0,0.0,0.0,0.0,0,71537.0
22,9,343,253,1,0.0,0.0,1.0,0.0,0.01,0.01,0.0,0,44391.0
22,1,0,0,0,0.0,0.0,1.0,0.0,0.06,0.0,0.0,0,117859.0
46,5,0,0,0,0.94,1.0,0.11,0.06,0.0,1.0,1.0,1,59211.0
22,9,325,4722,1,0.0,0.0,1.0,0.0,0.0,0.0,0.0,0,51018.0
13,9,8,0,0,0.0,0.0,1.0,0.0,0.5,0.0,0.0,1,115393.0
19,9,2194619,0,0,0.0,0.0,1.0,0.0,0.05,0.0,0.0,0,4163.0
22,9,150,413,1,0.0,0.0,1.0,0.0,0.02,0.0,0.0,0,82037.0
41,9,146,105,0,0.0,0.0,1.0,0.0,0.0,0.0,0.0,0,76825.0
22,9,186,14515,1,0.0,0.0,1.0,0.0,0.03,0.0,0.0,0,1397.0
46,5,0,0,0,1.0,1.0,0.04,0.06,0.0,1.0,1.0,1,53389.0
22,2,0,0,1,0.0,0.0,1.0,0.0,0.0,0.0,0.0,0,105301.0
55,5,0,0,0,1.0,1.0,0.12,0.05,0.0,1.0,1.0,1,102098.0
22,9,224,393,1,0.0,0.0,1.0,0.0,0.04,0.0,0.0,0,69651.0
13,9,30,0,0,0.0,0.0,0.11,0.33,0.0,0.0,0.0,0,50006.0
11,9,43,107,0,0.0,0.0,1.0,0.0,0.0,0.0,0.0,0,46410.0
18,2,0,0,0,0.0,0.0,0.07,0.06,0.0,0.0,0.0,1,766.0
19,9,192,0,1,0.0,0.0,1.0,0.0,0.0,0.0,0.0,0,73863.0
22,9,224,20309,1,0.0,0.0,1.0,0.0,0.01,0.0,0.0,0,97951.0
46,5,0,0,0,1.0,1.0,0.03,0.06,0.0,1.0,1.0,1,43057.0
22,9,302,1259,1,0.0,0.0,1.0,0.0,0.02,0.0,0.0,0,55144.0
22,9,217,33640,1,0.0,0.0,1.0,0.0,0.01,0.0,0.0,0,42370.0
46,5,0,0,0,1.0,1.0,0.03,0.13,0.0,1.0,1.0,1,35706.0
41,4,1,0,0,0.0,0.0,1.0,0.0,0.0,0.0,0.0,1,112443.0
41,9,145,0,0,0.0,0.0,0.33,0.67,0.0,0.0,0.0,0,11460.0
54,5,0,0,0,1.0,1.0,0.04,0.06,0.0,1.0,1.0,1,47633.0
41,1,0,0,0,0.12,0.0,0.0,1.0,0.0,0.16,0.0,1,125184.0
14,9,1032,0,0,0.0,0.0,1.0,0.0,0.0,0.0,0.0,0,44459.0
22,9,312,7764,1,0.0,0.0,1.0,0.0,0.05,0.0,0.0,0,23661.0
11,9,44,44,0,0.0,0.0,1.0,0.0,0.0,0.0,0.0,0,119450.0
11,9,42,42,0,0.0,0.0,1.0,0.0,0.0,0.0,0.0,0,67412.0
22,9,218,406,1,0.0,0.0,1.0,0.0,0.0,0.0,0.0,0,101575.0
22,9,297,2635,1,0.0,0.0,1.0,0.0,0.0,0.0,0.0,0,21466.0
46,5,0,0,0,1.0,1.0,0.08,0.08,0.0,1.0,1.0,1,44403.0
46,5,0,0,0,1.0,1.0,0.03,0.06,0.0,1.0,1.0,1,90283.0
38,5,0,0,0,1.0,1.0,0.01,0.06,0.0,1.0,1.0,1,74617.0
17,9,8,30,0,0.0,0.0,1.0,0.0,0.0,0.0,0.0,1,48342.0
11,9,46,92,0,0.0,0.0,1.0,0.0,0.0,0.0,0.0,0,58729.0
46,5,0,0,0,1.0,1.0,0.02,0.06,0.0,1.0,1.0,1,92278.0
46,5,0,0,0,1.0,1.0,0.2,0.25,0.0,1.0,1.0,1,90152.0
22,9,208,556,1,0.0,0.0,1.0,0.0,0.02,0.0,0.0,0,89189.0
26,5,0,0,0,1.0,1.0,0.0,0.05,0.0,1.0,1.0,1,25600.0
46,5,0,0,0,1.0,1.0,0.04,0.06,0.0,1.0,1.0,1,70928.0
11,9,45,136,0,0.0,0.0,1.0,0.0,0.0,0.0,0.0,0,15677.0
22,9,415,235,1,0.0,0.0,1.0,0.0,0.04,0.0,0.0,0,20491.0
22,9,311,1667,1,0.0,0.0,1.0,0.0,0.03,0.0,0.0,0,54518.0
19,5,0,0,0,1.0,1.0,0.01,0.05,0.0,1.0,1.0,1,7576.0
57,5,0,0,0,1.0,1.0,0.0,0.06,0.0,1.0,1.0,1,78429.0
41,9,145,105,0,0.0,0.0,1.0,0.0,0.0,0.0,0.0,0,38504.0
11,9,45,135,0,0.0,0.0,1.0,0.0,0.0,0.0,0.0,0,94261.0
46,5,0,0,0,1.0,1.0,0.11,0.07,0.0,1.0,1.0,1,4291.0
11,9,45,109,0,0.0,0.0,1.0,0.0,0.0,0.0,0.0,0,60613.0
46,9,1,0,0,0.0,0.0,0.09,0.73,0.0,0.0,0.0,1,78632.0
14,9,1032,0,0,0.0,0.0,1.0,0.0,0.0,0.0,0.0,0,87550.0
3,1,0,0,0,0.0,0.0,0.09,0.06,0.0,0.0,0.0,1,19102.0
22,5,0,0,0,1.0,1.0,0.13,0.06,0.0,1.0,1.0,1,74407.0
27,5,0,0,0,1.0,1.0,0.03,0.07,0.0,1.0,1.0,1,37240.0
22,9,234,1316,1,0.0,0.0,1.0,0.0,0.01,0.01,0.0,0,80399.0
11,9,44,128,0,0.0,0.0,1.0,0.0,0.0,0.0,0.0,0,90887.0
22,9,241,1544,1,0.0,0.0,1.0,0.0,0.0,0.0,0.0,0,29584.0
14,9,520,0,0,0.0,0.0,1.0,0.0,0.0,0.0,0.0,0,108656.0
46,4,1,0,0,0.0,0.0,1.0,0.0,0.0,0.0,0.0,1,118987.0
46,1,0,0,0,0.03,0.0,0.0,1.0,0.0,0.04,0.0,1,82408.0
46,1,0,0,0,0.0,0.0,0.5,1.0,0.0,0.0,0.0,1,75754.0
8,2,0,0,0,0.0,0.0,0.05,0.06,0.0,0.0,0.0,1,91854.0
5,5,0,0,0,1.0,1.0,0.05,0.07,0.0,1.0,1.0,1,67091.0
46,5,0,0,0,1.0,1.0,0.02,0.1,0.0,1.0,1.0,1,64788.0
22,9,375,23151,1,0.0,0.0,1.0,0.0,0.0,0.0,0.0,0,96646.0
34,5,0,0,0,1.0,1.0,0.02,0.07,0.0,1.0,1.0,1,8880.0
22,9,346,573,1,0.0,0.0,1.0,0.0,0.0,0.0,0.0,0,71821.0
22,9,228,720,1,0.05,0.05,1.0,0.0,0.0,0.0,0.0,0,64878.0
22,9,336,920,1,0.11,0.08,1.0,0.0,0.0,0.01,0.01,0,48577.0
13,9,8,0,0,0.0,0.0,1.0,0.0,0.5,0.0,0.0,1,43468.0
14,9,1032,0,0,0.0,0.0,1.0,0.0,0.0,0.0,0.0,0,107926.0
40,9,48,48,0,0.0,0.0,1.0,0.0,0.0,0.0,0.0,0,118213.0
51,9,728,328,1,0.0,0.0,1.0,0.0,0.01,0.0,0.0,0,82445.0
19,9,740,0,0,0.0,0.0,1.0,0.0,0.0,0.0,0.0,0,65415.0
22,9,298,1511,1,0.0,0.0,1.0,0.0,0.02,0.0,0.01,0,122077.0
13,9,30,0,0,0.0,0.0,1.0,0.0,0.0,0.0,0.0,0,73306.0
11,9,45,132,0,0.0,0.0,1.0,0.0,0.0,0.0,0.0,0,24739.0
13,9,8,0,0,0.0,0.0,1.0,0.0,0.52,0.0,0.0,1,65119.0
11,9,45,75,0,0.0,0.0,1.0,0.0,0.0,0.0,0.0,0,91734.0
22,9,236,1215,1,0.0,0.0,1.0,0.0,0.03,0.0,0.0,0,12787.0
14,9,1032,0,0,0.0,0.0,1.0,0.0,0.0,0.0,0.0,0,41179.0
9,2,0,0,0,0.0,0.0,0.13,0.06,0.0,0.0,0.0,1,76588.0
46,5,0,0,0,1.0,1.0,0.08,0.06,0.0,1.0,1.0,1,14014.0
55,5,0,0,0,1.0,1.0,0.19,0.11,0.0,1.0,1.0,1,76206.0
51,9,1017,340,1,0.0,0.0,1.0,0.0,0.01,0.0,0.0,0,115387.0
46,5,0,0,0,1.0,1.0,0.1,0.08,0.0,1.0,1.0,1,41673.0
22,9,152,5476,1,0.0,0.0,1.0,0.0,0.01,0.0,0.01,0,13382.0
58,5,0,0,0,1.0,1.0,0.06,0.06,0.0,1.0,1.0,1,86863.0
22,9,260,5895,1,0.0,0.0,1.0,0.0,0.01,0.0,0.0,0,67692.0
58,5,0,0,0,1.0,1.0,0.13,0.06,0.0,1.0,1.0,1,9275.0
22,9,328,189,1,0.0,0.0,1.0,0.0,0.0,0.0,0.0,0,7879.0
34,5,0,0,0,1.0,1.0,0.02,0.06,0.0,1.0,1.0,1,34529.0
46,1,0,0,0,0.06,0.0,0.0,1.0,0.0,0.09,0.0,1,72682.0
13,9,8,0,0,0.0,0.0,1.0,0.0,0.25,0.0,0.0,1,114047.0
51,9,1862,330,1,0.0,0.0,1.0,0.0,0.01,0.0,0.0,0,30520.0
22,9,245,1194,1,0.0,0.0,1.0,0.0,0.01,0.0,0.0,0,68700.0
22,9,164,464,1,0.0,0.33,1.0,0.0,0.02,0.0,0.0,0,91393.0
22,1,0,0,0,0.0,0.0,1.0,0.0,0.14,0.0,0.0,0,83422.0
19,9,4539,0,0,0.0,0.0,1.0,0.0,0.0,0.0,0.0,0,33376.0
22,1,0,0,0,0.0,0.0,1.0,0.0,0.14,0.0,0.0,0,19571.0
60,9,78,0,0,0.0,0.0,0.15,0.1,0.0,0.0,0.0,0,69812.0
22,9,283,6560,1,0.33,0.33,1.0,0.0,0.05,0.33,0.0,0,19619.0
22,9,326,2431,1,0.0,0.0,1.0,0.0,0.01,0.0,0.0,0,18832.0
22,9,252,2291,1,0.0,0.0,1.0,0.0,0.0,0.0,0.0,0,84562.0
21,5,0,0,0,1.0,1.0,0.02,0.05,0.0,1.0,1.0,1,91453.0
22,9,231,30262,1,0.0,0.0,1.0,0.0,0.02,0.0,0.0,0,24687.0
51,9,644,278,1,0.0,0.0,1.0,0.0,0.01,0.01,0.01,0,64916.0
22,9,307,12304,1,0.0,0.0,1.0,0.0,0.01,0.0,0.0,0,16359.0
22,9,205,770,1,0.33,0.33,1.0,0.0,0.0,0.01,0.01,0,74811.0
41,1,0,0,0,0.0,0.0,1.0,0.0,0.0,0.0,0.0,1,58662.0
22,1,0,0,0,0.0,0.0,1.0,0.0,0.15,0.0,0.0,0,107909.0
22,9,247,765,1,0.0,0.0,1.0,0.0,0.02,0.0,0.0,0,79126.0
13,9,8,0,0,0.0,0.0,1.0,0.0,0.51,0.0,0.0,1,12917.0
22,9,239,1588,1,0.0,0.0,1.0,0.0,0.0,0.0,0.0,0,43018.0
41,9,59,0,1,0.1,0.0,0.1,0.2,0.0,0.01,0.0,0,114736.0
17,5,0,0,0,1.0,1.0,0.31,0.11,0.0,1.0,1.0,1,80220.0
22,9,251,1414,1,0.2,0.33,1.0,0.0,0.01,0.01,0.0,0,5591.0
22,9,214,185,1,0.0,0.0,1.0,0.0,0.0,0.0,0.0,0,79936.0
13,9,8,0,0,0.0,0.0,1.0,0.0,0.5,0.0,0.0,1,12954.0
46,5,0,0,0,1.0,1.0,0.2,0.11,0.0,1.0,1.0,1,43696.0
18,9,1489,4152,1,0.0,0.0,1.0,0.0,0.0,0.0,0.0,0,122314.0
46,9,28,0,0,0.0,0.0,1.0,0.0,0.0,0.0,0.0,1,68488.0
11,9,43,76,0,0.0,0.0,1.0,0.0,0.0,0.0,0.0,0,93586.0
22,9,265,956,1,0.0,0.0,1.0,0.0,0.01,0.0,0.0,0,64284.0
36,1,0,0,0,0.0,0.0,0.0,0.07,0.0,0.0,0.0,1,47435.0
22,9,267,6191,1,0.0,0.0,1.0,0.0,0.01,0.0,0.0,0,65172.0
4,5,0,0,0,1.0,1.0,0.01,0.06,0.0,1.0,1.0,1,10618.0
34,5,0,0,0,1.0,1.0,0.0,0.06,0.0,1.0,1.0,1,112098.0
22,9,214,296,1,0.0,0.0,1.0,0.0,0.07,0.0,0.0,0,11209.0
21,5,0,0,0,1.0,1.0,0.08,0.06,0.0,1.0,1.0,1,44373.0
62,5,0,0,0,1.0,1.0,0.07,0.06,0.0,1.0,1.0,1,60389.0
13,9,8,0,0,0.0,0.0,1.0,0.0,0.25,0.0,0.0,1,21447.0
11,9,43,131,0,0.0,0.0,1.0,0.0,0.0,0.0,0.0,0,79540.0
41,9,147,105,0,0.0,0.0,1.0,0.0,0.0,0.0,0.0,0,10103.0
19,9,4435,0,0,0.0,0.0,1.0,0.0,0.0,0.62,0.0,0,123997.0
57,5,0,0,0,1.0,1.0,0.33,0.12,0.0,1.0,1.0,1,111370.0
41,9,146,105,0,0.0,0.0,1.0,0.0,0.0,0.0,0.0,0,74499.0
22,9,314,740,1,0.0,0.0,1.0,0.0,0.04,0.0,0.0,0,44491.0
6,5,0,0,0,1.0,1.0,0.16,0.06,0.0,1.0,1.0,1,46996.0
3,9,10,36,1,0.0,0.0,1.0,0.0,0.18,0.0,0.0,0,9433.0
22,9,256,1107,1,0.0,0.0,1.0,0.0,0.0,0.0,0.0,0,121608.0
14,9,1032,0,0,0.0,0.0,1.0,0.0,0.0,0.0,0.0,0,8555.0
19,5,0,0,0,1.0,1.0,0.05,0.05,0.0,1.0,1.0,1,57048.0
41,9,147,105,0,0.0,0.0,1.0,0.0,0.0,0.0,0.0,0,114662.0
46,5,0,0,0,1.0,1.0,0.04,0.08,0.0,1.0,1.0,1,48126.0
13,9,8,0,0,0.0,0.0,1.0,0.0,0.5,0.0,0.0,1,42390.0
13,9,8,0,0,0.0,0.0,1.0,0.0,0.51,0.0,0.0,1,6920.0
51,9,991,330,1,0.0,0.0,1.0,0.0,0.0,0.0,0.0,0,7917.0
22,9,320,2367,1,0.0,0.0,1.0,0.0,0.02,0.0,0.0,0,35992.0
46,5,0,0,0,1.0,1.0,0.03,0.07,0.0,1.0,1.0,1,3761.0
4,5,0,0,0,1.0,1.0,0.02,0.06,0.0,1.0,1.0,1,96497.0
13,9,8,0,0,0.0,0.0,1.0,0.0,0.51,0.0,0.0,1,67961.0
62,5,0,0,0,1.0,1.0,0.05,0.06,0.0,1.0,1.0,1,24344.0
11,9,44,137,0,0.0,0.0,1.0,0.0,0.01,0.0,0.0,0,17640.0
22,5,0,0,0,0.5,0.5,1.0,0.0,0.02,0.02,0.01,0,114039.0
6,5,0,0,0,1.0,1.0,0.0,0.07,0.0,1.0,1.0,1,63822.0
51,9,929,333,1,0.0,0.0,1.0,0.0,0.02,0.02,0.0,0,18937.0
11,9,134,45,0,0.0,0.0,1.0,0.01,0.0,0.0,0.0,0,13955.0
22,9,207,955,1,0.0,0.0,1.0,0.0,0.04,0.0,0.0,0,68709.0
46,4,0,0,0,0.0,0.0,1.0,0.0,0.0,0.03,0.0,1,101361.0
51,9,2172,341,1,0.0,0.0,1.0,0.0,0.01,0.0,0.0,0,69739.0
22,9,349,3326,1,0.0,0.0,1.0,0.0,0.05,0.0,0.0,0,82954.0
22,9,274,1355,1,0.0,0.0,1.0,0.0,0.03,0.0,0.0,0,125385.0
22,9,206,1027,1,0.0,0.0,1.0,0.0,0.03,0.0,0.0,0,28045.0
46,4,0,0,0,0.0,0.0,1.0,0.0,0.0,0.0,0.0,1,115438.0
46,5,0,0,0,1.0,1.0,0.06,0.05,0.0,1.0,1.0,1,12270.0
22,9,283,1366,1,0.0,0.0,1.0,0.0,0.03,0.0,0.0,0,4692.0
46,5,0,0,0,1.0,1.0,0.03,0.06,0.0,1.0,1.0,1,96835.0
46,1,0,0,0,0.0,0.0,0.02,0.06,0.0,0.0,0.0,1,73878.0
22,9,311,3222,1,0.0,0.0,1.0,0.0,0.0,0.0,0.0,0,73590.0
22,9,275,388,1,0.0,0.0,1.0,0.0,0.0,0.0,0.0,0,110679.0
26,5,0,0,0,1.0,1.0,0.06,0.07,0.0,1.0,1.0,1,81691.0
27,5,0,0,0,1.0,1.0,0.16,0.07,0.0,1.0,1.0,1,121366.0
63,5,0,0,0,1.0,1.0,0.02,0.07,0.0,1.0,1.0,1,69911.0
17,5,0,0,0,1.0,1.0,0.13,0.06,0.0,1.0,1.0,1,14909.0
51,9,1073,301,1,0.0,0.0,1.0,0.0,0.03,0.0,0.0,0,39628.0
46,1,0,0,0,0.0,0.0,0.05,0.07,0.0,0.0,0.0,1,39325.0
41,1,0,0,0,0.04,0.0,0.0,1.0,0.0,0.07,0.0,1,119188.0
16,5,0,0,0,1.0,1.0,0.12,0.05,0.0,1.0,1.0,1,44702.0
22,9,337,909,1,0.0,0.0,1.0,0.0,0.02,0.0,0.01,0,33623.0
26,1,0,0,0,0.0,0.0,0.04,0.06,0.0,0.0,0.0,1,103721.0
51,9,988,332,1,0.0,0.0,1.0,0.0,0.0,0.0,0.0,0,25208.0
22,9,210,1039,1,0.0,0.0,1.0,0.0,0.01,0.0,0.0,0,69452.0
11,9,30,0,0,0.0,0.0,1.0,0.0,0.0,0.0,0.0,0,78261.0
13,9,8,0,0,0.0,0.0,1.0,0.0,0.51,0.0,0.0,1,38445.0
22,9,293,255,1,0.0,0.0,1.0,0.0,0.0,0.0,0.0,0,106460.0
22,9,352,1984,1,0.33,0.04,1.0,0.0,0.0,0.0,0.0,0,75569.0
4,1,0,0,0,0.0,0.0,0.03,0.07,0.0,0.0,0.0,1,63741.0
14,9,1032,0,0,0.0,0.0,1.0,0.0,0.0,0.01,0.0,0,7014.0
46,9,1,0,0,0.0,0.0,0.15,0.1,0.0,0.07,0.0,1,103060.0
30,5,0,0,0,1.0,1.0,0.06,0.06,0.0,1.0,1.0,1,72705.0
46,9,1,4,0,0.0,0.0,0.11,0.16,0.0,0.16,0.0,1,54158.0
26,1,0,0,0,0.0,0.0,0.07,0.06,0.0,0.0,0.0,1,70637.0
22,9,233,1680,1,0.0,0.0,1.0,0.0,0.0,0.0,0.0,0,82359.0
10,5,0,0,0,1.0,1.0,0.03,0.06,0.0,1.0,1.0,1,35747.0
22,9,225,4112,1,0.0,0.0,1.0,0.0,0.02,0.0,0.0,0,42477.0
46,9,28,0,0,0.0,0.0,1.0,0.0,0.0,0.0,0.0,1,35933.0
21,1,0,0,0,0.0,0.0,0.02,0.06,0.0,0.0,0.0,1,28842.0
11,9,44,76,0,0.0,0.0,1.0,0.0,0.0,0.0,0.0,0,32924.0
46,5,0,0,0,1.0,1.0,0.05,0.06,0.0,1.0,1.0,1,123266.0
46,5,0,0,0,1.0,1.0,0.06,0.05,0.0,1.0,1.0,1,89580.0
22,9,216,734,1,0.0,0.0,1.0,0.0,0.02,0.0,0.0,0,116207.0
19,9,491,0,0,0.0,0.0,1.0,0.0,0.03,0.0,0.0,0,115681.0
22,9,259,1100,1,0.0,0.0,1.0,0.0,0.02,0.0,0.0,0,89344.0
22,9,217,712,1,0.0,0.0,1.0,0.0,0.0,0.0,0.0,0,67341.0
41,9,147,105,0,0.0,0.0,0.5,0.5,0.0,0.0,0.0,0,105682.0
41,9,147,105,0,0.0,0.0,1.0,0.0,0.0,0.0,0.0,0,114684.0
22,9,277,1274,1,0.0,0.0,1.0,0.0,0.0,0.0,0.0,0,107343.0
41,1,0,0,0,0.22,0.0,0.0,1.0,0.0,0.17,0.0,1,89412.0
13,9,18,0,0,0.0,0.0,1.0,0.0,0.25,0.0,0.0,1,111627.0
29,5,0,0,0,1.0,1.0,0.15,0.06,0.0,1.0,1.0,1,9367.0
22,9,249,2311,1,0.0,0.0,1.0,0.0,0.02,0.0,0.0,0,94052.0
19,9,35195,0,0,0.0,0.0,1.0,0.0,0.0,0.0,0.0,0,43320.0
46,4,0,0,0,0.0,0.0,1.0,0.0,0.0,0.0,0.0,1,86745.0
46,5,0,0,0,1.0,1.0,0.08,0.06,0.0,1.0,1.0,1,18395.0
22,9,54540,8314,1,0.0,0.0,1.0,0.0,0.0,0.0,0.0,0,102436.0
46,5,0,0,0,1.0,1.0,0.12,0.05,0.0,1.0,1.0,1,48601.0
57,2,126,179,0,0.0,0.0,1.0,0.0,0.0,0.04,0.04,0,13001.0
22,9,206,2358,1,0.0,0.0,1.0,0.0,0.03,0.0,0.0,0,41191.0
22,9,212,13599,1,0.0,0.0,1.0,0.0,0.0,0.0,0.0,0,36032.0
28,5,0,0,0,1.0,1.0,0.14,0.06,0.0,1.0,1.0,1,24693.0
11,9,45,45,0,0.0,0.0,1.0,0.0,0.0,0.0,0.0,0,41052.0
46,1,0,0,0,0.0,0.0,0.04,0.07,0.0,0.0,0.0,1,99224.0
19,9,59,0,1,0.0,0.0,1.0,0.0,0.02,0.01,0.0,0,38764.0
51,9,1501,453,1,0.0,0.0,1.0,0.0,0.0,0.0,0.0,0,122992.0
41,4,1,0,0,0.0,0.0,1.0,0.0,0.0,0.0,0.0,1,92066.0
62,5,0,0,0,1.0,1.0,0.01,0.06,0.0,1.0,1.0,1,14025.0
26,5,0,0,0,1.0,1.0,0.16,0.04,0.0,1.0,1.0,1,22878.0
11,9,43,125,0,0.0,0.0,1.0,0.0,0.0,0.0,0.0,0,52512.0
22,9,223,922,1,0.0,0.0,1.0,0.0,0.0,0.0,0.0,0,56602.0
22,9,307,20567,1,0.0,0.0,1.0,0.0,0.05,0.0,0.0,0,77581.0
17,9,7,222,0,0.0,0.0,1.0,0.0,0.0,0.0,0.0,0,123333.0
17,5,0,0,0,1.0,1.0,0.28,0.08,0.0,1.0,1.0,1,98249.0
19,9,245,0,1,0.0,0.0,1.0,0.0,0.0,0.0,0.0,0,16949.0
22,9,212,2809,1,0.0,0.0,1.0,0.0,0.02,0.0,0.0,0,48592.0
22,9,215,1414,1,0.0,0.0,1.0,0.0,0.12,0.0,0.0,0,100231.0
46,5,0,0,0,1.0,1.0,0.09,0.07,0.0,1.0,1.0,1,79196.0
22,9,208,616,1,0.0,0.0,1.0,0.0,0.02,0.0,0.0,0,73809.0
56,1,0,0,0,0.0,0.0,0.06,0.05,0.0,0.0,0.0,1,59731.0
46,1,0,0,0,0.0,0.0,0.04,0.07,0.0,0.0,0.0,1,108304.0
46,5,0,0,0,1.0,1.0,0.06,0.06,0.0,1.0,1.0,1,62963.0
14,9,1032,0,0,0.0,0.0,1.0,0.0,0.0,0.05,0.0,0,112088.0
22,9,348,19361,1,0.0,0.0,1.0,0.0,0.05,0.0,0.0,0,64466.0
46,1,0,0,0,0.0,0.0,0.2,0.06,0.0,0.0,0.0,1,54203.0
22,9,192,36186,1,0.0,0.0,1.0,0.0,0.0,0.0,0.0,0,3385.0
22,9,227,2173,1,0.0,0.0,1.0,0.0,0.0,0.0,0.0,0,7871.0
46,1,0,0,0,0.0,0.0,0.0,0.52,0.0,0.0,0.0,1,77643.0
22,9,203,12985,1,0.0,0.0,1.0,0.0,0.06,0.0,0.0,0,28520.0
22,9,318,1748,1,0.0,0.0,1.0,0.0,0.12,0.0,0.0,0,10554.0
13,9,8,0,0,0.0,0.0,1.0,0.0,0.25,0.0,0.0,1,23394.0
26,5,0,0,0,1.0,1.0,0.08,0.07,0.0,1.0,1.0,1,53522.0
22,9,237,667,1,0.0,0.0,1.0,0.0,0.0,0.0,0.0,0,110503.0
46,9,1,0,0,0.0,0.0,0.27,0.36,0.0,0.0,0.0,1,106019.0
51,9,1318,328,1,0.0,0.0,1.0,0.0,0.01,0.0,0.0,0,117984.0
22,9,330,4793,1,0.0,0.0,1.0,0.0,0.07,0.0,0.01,0,10446.0
51,9,1517,329,1,0.0,0.0,1.0,0.0,0.01,0.0,0.0,0,52463.0
19,9,2802,0,1,0.0,0.0,1.0,0.0,0.02,0.01,0.01,0,112439.0
57,2,126,179,0,0.0,0.0,1.0,0.0,0.0,0.05,0.05,0,90008.0
14,9,30,0,0,0.0,0.0,1.0,0.0,0.22,0.0,0.0,0,85923.0
46,5,0,0,0,1.0,1.0,0.02,0.06,0.0,1.0,1.0,1,41360.0
11,9,44,69,0,0.0,0.0,1.0,0.0,0.0,0.0,0.0,0,64896.0
22,9,244,11178,1,0.0,0.0,1.0,0.0,0.05,0.0,0.0,0,37185.0
18,9,232,769,1,0.0,0.0,1.0,0.0,0.0,0.0,0.0,0,107871.0
46,5,0,0,0,1.0,1.0,0.06,0.07,0.0,1.0,1.0,1,105438.0
46,5,0,0,0,1.0,1.0,0.06,0.05,0.0,1.0,1.0,1,56688.0
19,9,383,0,0,0.0,0.0,1.0,0.0,0.06,0.0,0.0,0,19467.0
22,9,224,477,1,0.0,0.0,1.0,0.0,0.02,0.0,0.0,0,85989.0
46,1,0,0,0,0.0,0.0,0.03,0.09,0.0,0.0,0.0,1,95363.0
57,5,0,0,0,1.0,1.0,0.33,0.06,0.0,1.0,1.0,1,57027.0
46,5,0,0,0,1.0,1.0,0.3,0.05,0.0,1.0,1.0,1,61632.0
19,6,10220,0,1,0.33,0.33,1.0,0.0,0.04,0.01,0.02,0,6369.0
4,5,0,0,0,1.0,1.0,0.09,0.06,0.0,1.0,1.0,1,103758.0
13,9,8,0,0,0.0,0.0,1.0,0.0,0.5,0.0,0.0,1,106475.0
22,9,226,633,1,0.0,0.0,1.0,0.0,0.04,0.0,0.0,0,105599.0
41,1,0,0,0,0.08,0.0,0.0,1.0,0.0,0.0,0.0,1,88018.0
46,9,1,0,0,0.0,0.0,0.87,0.2,0.0,0.0,0.0,1,116476.0
46,9,28,0,0,0.53,0.0,0.47,0.04,0.0,0.09,0.0,1,76634.0
22,9,327,274,1,0.0,0.0,1.0,0.0,0.0,0.0,0.0,0,4742.0
22,9,292,1060,1,0.0,0.0,1.0,0.0,0.01,0.0,0.0,0,57316.0
13,9,8,0,0,0.0,0.0,1.0,0.0,0.52,0.0,0.0,1,49982.0
26,5,0,0,0,1.0,1.0,0.1,0.06,0.0,1.0,1.0,1,50182.0
41,1,0,0,0,0.06,0.0,0.0,1.0,0.0,0.07,0.0,1,57386.0
19,9,11376,0,1,0.0,0.0,1.0,0.0,0.02,0.01,0.02,0,20721.0
41,4,1,0,0,0.0,0.0,1.0,0.0,0.0,0.0,0.0,1,72547.0
55,1,0,0,0,0.0,0.0,0.02,0.06,0.0,0.0,0.0,1,75078.0
21,5,0,0,0,1.0,1.0,0.07,0.05,0.0,1.0,1.0,1,83760.0
46,4,0,0,0,0.0,0.0,1.0,0.0,0.0,0.0,0.0,1,64787.0
2,1,0,0,0,0.0,0.0,0.0,0.52,0.0,0.0,0.0,1,807.0
22,9,318,2680,1,0.0,0.0,1.0,0.0,0.0,0.0,0.0,0,39702.0
13,9,8,0,0,0.0,0.0,1.0,0.0,0.51,0.0,0.0,1,102934.0
22,5,0,0,0,1.0,1.0,0.56,0.33,0.0,1.0,1.0,1,1059.0
51,9,1145,280,1,0.0,0.0,1.0,0.0,0.01,0.01,0.0,0,74123.0
22,9,293,12381,1,0.0,0.0,1.0,0.0,0.04,0.25,0.02,0,71583.0
13,9,8,0,0,0.0,0.0,1.0,0.0,0.5,0.0,0.0,1,37604.0
51,9,2621,332,1,0.0,0.0,1.0,0.0,0.02,0.0,0.0,0,7905.0
22,9,237,391,1,0.0,0.0,1.0,0.0,0.0,0.0,0.0,0,36436.0
22,9,240,15693,1,0.0,0.0,1.0,0.0,0.0,0.0,0.0,0,104008.0
18,9,313,1054,1,0.0,0.0,1.0,0.0,0.0,0.0,0.0,0,54025.0
25,5,0,0,0,1.0,1.0,0.05,0.06,0.0,1.0,1.0,1,1537.0
13,9,8,0,0,0.0,0.0,1.0,0.0,0.5,0.0,0.0,1,25612.0
22,9,322,1364,1,0.0,0.0,1.0,0.0,0.02,0.0,0.0,0,63460.0
22,9,330,1047,1,0.0,0.0,1.0,0.0,0.04,0.0,0.0,0,16876.0
19,9,3051,0,0,0.0,0.0,1.0,0.0,0.06,0.0,0.0,0,106509.0
22,9,317,2090,1,0.0,0.0,1.0,0.0,0.0,0.0,0.0,0,80077.0
11,9,46,87,0,0.0,0.0,1.0,0.0,0.0,0.0,0.0,0,11990.0
22,9,183,444,1,0.0,0.0,1.0,0.0,0.0,0.0,0.0,0,113944.0
22,9,217,2431,1,0.0,0.0,1.0,0.0,0.01,0.0,0.0,0,56089.0
22,1,0,0,0,0.0,0.0,1.0,0.0,0.09,0.0,0.0,0,81698.0
57,5,0,0,0,1.0,1.0,0.45,0.06,0.11,0.96,0.79,1,121129.0
22,9,307,3321,1,0.0,0.02,1.0,0.0,0.01,0.0,0.0,0,100574.0
22,9,234,1410,1,0.0,0.0,1.0,0.0,0.0,0.0,0.0,0,16952.0
46,5,0,0,0,1.0,1.0,0.14,0.07,0.0,1.0,1.0,1,12659.0
22,9,324,366,1,0.0,0.0,1.0,0.0,0.0,0.0,0.0,0,82771.0
46,1,0,0,0,0.0,0.0,0.17,0.06,0.0,0.0,0.0,1,34078.0
6,1,0,0,0,0.0,0.0,0.13,0.05,0.0,0.0,0.0,1,46963.0
22,5,0,0,0,1.0,1.0,0.07,0.06,0.0,1.0,1.0,1,32470.0
22,9,241,417,1,0.0,0.0,1.0,0.0,0.01,0.0,0.0,0,41463.0
22,9,329,428,1,0.0,0.0,1.0,0.0,0.04,0.0,0.0,0,74294.0
41,9,516,4,0,0.0,0.0,1.0,0.0,0.0,0.0,0.0,0,54983.0
22,1,0,0,0,0.0,0.0,0.05,0.06,0.0,0.0,0.0,1,33354.0
41,9,146,105,0,0.0,0.0,1.0,0.0,0.0,0.0,0.0,0,78850.0
22,1,0,0,0,0.0,0.0,1.0,0.0,0.16,0.0,0.0,0,117983.0
10,5,0,0,0,1.0,1.0,0.03,0.07,0.0,1.0,1.0,1,43539.0
13,9,8,0,0,0.0,0.0,1.0,0.0,0.5,0.0,0.0,1,70366.0
46,1,0,0,0,0.0,0.0,0.09,0.05,0.0,0.0,0.0,1,122871.0
22,9,213,308,1,0.0,0.0,1.0,0.0,0.0,0.0,0.0,0,21976.0
22,9,284,210,1,0.0,0.0,1.0,0.0,0.05,0.0,0.0,0,35174.0
22,9,264,18275,1,0.0,0.0,1.0,0.0,0.0,0.0,0.0,0,10789.0
19,9,0,5636,1,0.0,0.0,1.0,0.0,0.1,0.0,0.0,0,69942.0
22,9,54540,8314,1,0.0,0.0,1.0,0.0,0.0,0.01,0.01,0,29439.0
46,5,0,0,0,1.0,1.0,0.16,0.08,0.0,1.0,1.0,1,123898.0
11,9,34,0,0,0.0,0.0,1.0,0.0,0.0,0.0,0.0,0,54056.0
22,9,244,828,1,0.0,0.0,1.0,0.0,0.01,0.0,0.0,0,29952.0
14,9,1032,0,0,0.0,0.0,1.0,0.0,0.0,0.01,0.0,0,89161.0
14,9,520,0,0,0.0,0.0,1.0,0.0,0.0,0.0,0.0,0,50878.0
41,9,147,105,0,0.0,0.0,1.0,0.0,0.0,0.0,0.0,0,42226.0
46,5,0,0,0,1.0,1.0,0.08,0.06,0.0,1.0,1.0,1,50151.0
22,9,344,10839,1,0.0,0.0,1.0,0.0,0.01,0.0,0.0,0,4824.0
17,5,0,0,0,1.0,1.0,0.33,0.08,0.0,1.0,1.0,1,97346.0
46,5,0,0,0,1.0,1.0,0.13,0.05,0.0,1.0,1.0,1,75831.0
13,9,8,0,0,0.0,0.0,1.0,0.0,0.25,0.0,0.0,1,53105.0
46,1,0,0,0,0.0,0.0,0.08,0.06,0.0,0.0,0.0,1,29031.0
46,5,0,0,0,1.0,1.0,0.1,0.05,0.0,1.0,1.0,1,52471.0
46,5,0,0,0,1.0,1.0,0.01,0.06,0.0,1.0,1.0,1,65579.0
0,4,1099,7883,1,0.0,0.0,1.0,0.0,0.0,0.12,0.26,0,86806.0
34,5,0,0,0,1.0,1.0,0.0,0.05,0.0,1.0,1.0,1,75618.0
11,9,45,82,0,0.0,0.0,0.99,0.01,0.0,0.0,0.0,0,42809.0
51,9,13743,1390,1,0.0,0.0,1.0,0.0,0.01,0.0,0.0,0,79802.0
19,9,212,0,1,0.0,0.0,1.0,0.0,0.03,0.0,0.0,0,1892.0
22,1,0,0,0,0.0,0.0,0.13,0.05,0.0,0.0,0.0,1,17037.0
46,5,0,0,0,1.0,1.0,0.05,0.06,0.0,1.0,1.0,1,5345.0
22,9,357,5082,1,0.0,0.0,1.0,0.0,0.0,0.0,0.0,0,72977.0
7,5,0,0,0,1.0,1.0,0.04,0.06,0.0,1.0,1.0,1,79948.0
46,9,1,0,0,0.0,0.0,0.62,0.15,0.0,0.0,0.0,1,19042.0
46,5,0,0,0,1.0,1.0,0.02,0.06,0.0,1.0,1.0,1,9185.0
30,1,0,0,0,0.0,0.0,0.06,0.06,0.0,0.0,0.0,1,83149.0
54,5,0,0,0,1.0,1.0,0.04,0.05,0.0,1.0,1.0,1,23217.0
11,9,45,115,0,0.0,0.0,1.0,0.0,0.0,0.0,0.0,0,91077.0
11,9,46,46,0,0.0,0.0,1.0,0.0,0.0,0.0,0.0,0,88104.0
15,5,0,0,0,1.0,1.0,0.11,0.06,0.0,1.0,1.0,1,77130.0
46,1,0,0,0,0.0,0.0,0.01,0.08,0.0,0.0,0.0,1,106991.0
54,9,6,0,0,0.07,0.0,0.0,1.0,0.0,0.07,0.0,1,105142.0
51,9,2155,331,1,0.0,0.0,1.0,0.0,0.0,0.0,0.0,0,52333.0
19,9,334,0,1,0.0,0.0,1.0,0.0,0.12,0.0,0.0,0,42341.0
22,9,297,3200,1,0.0,0.0,1.0,0.0,0.01,0.0,0.0,0,98631.0
22,9,259,1402,1,0.0,0.0,1.0,0.0,0.0,0.0,0.0,0,42825.0
11,9,110,44,0,0.0,0.0,1.0,0.0,0.0,0.0,0.0,0,106672.0
46,5,0,0,0,1.0,1.0,0.07,0.05,0.0,1.0,1.0,1,33047.0
22,9,278,9443,1,0.0,0.0,1.0,0.0,0.0,0.0,0.0,0,95781.0
64,5,0,0,0,1.0,1.0,0.03,0.07,0.0,1.0,1.0,1,124665.0
46,5,0,0,0,1.0,1.0,0.12,0.05,0.0,1.0,1.0,1,8897.0
22,9,265,608,1,0.0,0.0,1.0,0.0,0.02,0.0,0.0,0,108112.0
32,5,0,0,0,1.0,1.0,0.02,0.06,0.0,1.0,1.0,1,22172.0
18,9,248,781,1,0.0,0.0,1.0,0.0,0.0,0.0,0.0,0,72098.0
11,9,43,43,0,0.0,0.0,0.99,0.01,0.0,0.0,0.0,0,91389.0
13,9,64,0,0,0.0,0.0,1.0,0.0,0.0,0.01,0.0,0,4733.0
51,9,2608,328,1,0.0,0.0,1.0,0.0,0.0,0.0,0.0,0,90703.0
41,9,35195,0,1,0.05,0.0,0.05,0.3,0.0,0.01,0.0,0,35280.0
11,9,43,73,0,0.0,0.0,1.0,0.0,0.0,0.0,0.0,0,40461.0
22,6,251,2920,1,0.4,0.33,1.0,0.0,0.02,0.09,0.01,0,102309.0
22,9,154,13386,1,0.0,0.0,1.0,0.0,0.04,0.0,0.0,0,106926.0
22,9,148,17727,1,0.0,0.0,1.0,0.0,0.05,0.0,0.01,0,94855.0
57,5,0,0,0,1.0,1.0,0.25,0.08,0.0,1.0,1.0,1,90022.0
22,9,330,10117,1,0.0,0.0,1.0,0.0,0.01,0.0,0.0,0,7206.0
51,9,1596,339,1,0.0,0.0,1.0,0.0,0.0,0.0,0.0,0,78576.0
22,9,297,738,1,0.0,0.0,1.0,0.0,0.02,0.0,0.0,0,92030.0
22,9,288,2506,1,0.0,0.0,1.0,0.0,0.03,0.0,0.0,0,21105.0
22,9,305,2408,1,0.0,0.0,1.0,0.0,0.01,0.0,0.0,0,20848.0
22,9,253,2650,1,0.0,0.0,1.0,0.0,0.0,0.0,0.0,0,95954.0
28,5,0,0,0,1.0,1.0,0.12,0.08,0.0,1.0,1.0,1,120989.0
46,5,0,0,0,1.0,1.0,0.17,0.05,0.0,1.0,1.0,1,12784.0
11,9,44,138,0,0.0,0.0,1.0,0.0,0.0,0.0,0.0,0,27661.0
46,5,0,0,0,1.0,1.0,0.06,0.06,0.0,1.0,1.0,1,119303.0
46,9,105,146,0,0.0,0.0,0.33,0.67,0.0,0.0,0.0,0,116839.0
13,9,8,0,0,0.0,0.0,1.0,0.0,0.5,0.0,0.0,1,18556.0
9,2,0,0,0,0.0,0.0,0.02,0.07,0.0,0.0,0.0,1,74573.0
22,9,298,318,1,0.0,0.0,1.0,0.0,0.04,0.0,0.0,0,50034.0
22,9,230,241,1,0.0,0.0,1.0,0.0,0.05,0.0,0.0,0,105253.0
19,9,7321,0,1,0.0,0.0,1.0,0.0,0.0,0.0,0.0,0,72102.0
46,1,0,0,0,0.0,0.0,1.0,0.0,0.0,0.0,0.0,1,23166.0
46,5,0,0,0,1.0,1.0,0.15,0.07,0.0,1.0,1.0,1,3603.0
51,9,965,331,1,0.0,0.0,1.0,0.0,0.0,0.0,0.0,0,70116.0
46,5,0,0,0,1.0,1.0,0.13,0.07,0.0,1.0,1.0,1,51492.0
11,9,46,46,0,0.0,0.0,1.0,0.0,0.0,0.0,0.0,0,84472.0
46,5,0,0,0,1.0,1.0,0.1,0.06,0.0,1.0,1.0,1,26723.0
22,9,54540,8314,1,0.0,0.0,1.0,0.0,0.0,0.0,0.0,0,59506.0
56,1,0,0,0,0.0,0.0,0.06,0.06,0.0,0.0,0.0,1,15279.0
22,5,0,0,0,1.0,1.0,0.8,0.4,0.0,1.0,1.0,1,95104.0
46,5,0,0,0,1.0,1.0,0.09,0.06,0.0,1.0,1.0,1,18839.0
22,9,310,1408,1,0.0,0.0,1.0,0.0,0.0,0.0,0.0,0,56652.0
41,4,0,0,0,0.0,0.0,1.0,0.0,0.0,0.0,0.0,1,82134.0
13,9,8,0,0,0.0,0.0,1.0,0.0,0.51,0.0,0.0,1,54932.0
46,5,0,0,0,1.0,1.0,0.04,0.06,0.0,1.0,1.0,1,79367.0
46,9,28,0,0,0.0,0.0,1.0,0.0,0.0,0.0,0.0,1,11669.0
46,4,0,0,0,0.0,0.0,1.0,0.0,0.0,0.0,0.0,1,12089.0
35,5,0,0,0,1.0,1.0,0.03,0.06,0.0,1.0,1.0,1,38991.0
22,9,295,2563,1,0.0,0.0,1.0,0.0,0.0,0.0,0.0,0,3575.0
46,5,0,0,0,1.0,1.0,0.03,0.07,0.0,1.0,1.0,1,12147.0
14,9,1032,0,0,0.0,0.0,1.0,0.0,0.0,0.0,0.0,0,31355.0
22,9,190,464,1,0.0,0.0,1.0,0.0,0.05,0.0,0.0,0,106654.0
41,9,146,0,0,0.0,0.0,0.33,0.67,0.0,0.0,0.0,0,106467.0
11,9,45,135,0,0.0,0.0,1.0,0.0,0.0,0.0,0.0,0,111565.0
46,5,0,0,0,1.0,1.0,0.06,0.04,0.0,1.0,1.0,1,55181.0
22,9,238,10378,1,0.0,0.0,1.0,0.0,0.01,0.0,0.0,0,45301.0
46,9,1,0,0,0.0,0.0,1.0,0.0,0.0,0.0,0.0,1,52096.0
46,5,0,0,0,1.0,1.0,0.12,0.05,0.0,1.0,1.0,1,37921.0
22,9,320,12474,1,0.0,0.0,1.0,0.0,0.09,0.0,0.0,0,65686.0
22,9,216,2417,1,0.0,0.0,1.0,0.0,0.07,0.0,0.0,0,97626.0
22,9,268,8719,1,0.0,0.0,1.0,0.0,0.02,0.0,0.0,0,110563.0
14,9,520,0,0,0.0,0.0,1.0,0.0,0.0,0.0,0.0,0,101739.0
22,9,247,365,1,0.0,0.0,1.0,0.0,0.0,0.0,0.0,0,48745.0
19,9,334,0,1,0.0,0.0,1.0,0.0,0.14,0.0,0.0,0,110089.0
51,5,0,0,0,1.0,1.0,0.07,0.06,0.0,1.0,1.0,1,102873.0
27,5,0,0,0,1.0,1.0,0.04,0.06,0.0,1.0,1.0,1,101224.0
14,9,30,0,0,0.0,0.0,1.0,0.0,0.0,0.0,0.0,0,55453.0
41,9,147,0,0,0.0,0.0,1.0,0.0,0.0,0.0,0.0,0,119409.0
46,5,0,0,0,1.0,1.0,0.08,0.06,0.0,1.0,1.0,1,41163.0
22,9,310,788,1,0.0,0.0,1.0,0.0,0.0,0.0,0.0,0,503.0
41,1,0,0,0,0.07,0.0,0.0,1.0,0.0,0.04,0.0,1,3053.0
22,9,232,336,1,0.0,0.0,1.0,0.0,0.18,0.0,0.0,0,61610.0
22,9,329,1695,1,0.0,0.0,1.0,0.0,0.03,0.02,0.0,0,114278.0
46,5,0,0,0,1.0,1.0,0.2,0.06,0.0,1.0,1.0,1,73932.0
51,9,872,342,1,0.0,0.0,1.0,0.0,0.01,0.0,0.0,0,93733.0
19,9,607,0,1,0.0,0.0,1.0,0.0,0.0,0.0,0.0,0,122656.0
13,9,8,0,0,0.0,0.0,1.0,0.0,0.51,0.0,0.0,1,96223.0
22,9,295,2914,1,0.0,0.0,1.0,0.0,0.02,0.0,0.0,0,30531.0
46,5,0,0,0,1.0,1.0,0.22,0.09,0.0,1.0,1.0,1,14229.0
22,9,345,2959,1,0.0,0.0,1.0,0.0,0.02,0.0,0.0,0,34562.0
44,9,49,2553,1,0.0,0.0,1.0,0.0,0.0,0.0,0.0,0,41581.0
22,9,321,1116,1,0.0,0.0,1.0,0.0,0.03,0.0,0.0,0,2148.0
51,9,1230,493,1,0.0,0.0,1.0,0.0,0.03,0.0,0.0,0,83225.0
11,9,33,88,0,0.0,0.0,1.0,0.0,0.0,0.0,0.0,0,47628.0
22,9,319,2817,1,0.0,0.0,1.0,0.0,0.02,0.0,0.01,0,34970.0
46,1,0,0,0,0.0,0.0,0.15,0.06,0.0,0.0,0.0,1,10220.0
22,9,310,1077,1,0.0,0.0,1.0,0.0,0.07,0.0,0.0,0,57460.0
22,9,250,1471,1,0.0,0.0,1.0,0.0,0.0,0.0,0.0,0,73787.0
51,9,2549,325,1,0.0,0.0,1.0,0.0,0.01,0.0,0.0,0,98642.0
27,5,0,0,0,1.0,1.0,0.01,0.06,0.0,1.0,1.0,1,42393.0
11,9,46,135,0,0.0,0.0,1.0,0.0,0.01,0.0,0.0,0,65685.0
51,9,826,337,1,0.0,0.0,1.0,0.0,0.01,0.0,0.0,0,99580.0
19,9,175337,0,1,0.0,0.0,1.0,0.0,0.0,0.0,0.0,0,46616.0
22,9,230,299,1,0.0,0.0,1.0,0.0,0.0,0.0,0.0,0,34706.0
22,9,335,25261,1,0.0,0.0,1.0,0.0,0.04,0.0,0.0,0,106510.0
19,5,0,0,0,1.0,1.0,0.01,0.05,0.0,1.0,1.0,1,91037.0
31,5,0,0,0,1.0,1.0,0.12,0.06,0.0,1.0,1.0,1,54793.0
33,5,0,0,0,1.0,1.0,0.14,0.05,0.0,1.0,1.0,1,103987.0
22,9,348,13532,1,0.0,0.0,1.0,0.0,0.01,0.0,0.0,0,114982.0
22,9,158,3504,1,0.0,0.0,1.0,0.0,0.03,0.0,0.0,0,5278.0
22,9,270,238,1,0.0,0.0,1.0,0.0,0.02,0.0,0.0,0,85004.0
51,9,798,330,1,0.0,0.0,1.0,0.0,0.02,0.0,0.01,0,24456.0
22,2,0,0,1,0.0,0.0,1.0,0.0,0.02,0.0,0.0,0,78979.0
16,5,0,0,0,1.0,1.0,0.14,0.05,0.0,1.0,1.0,1,107238.0
22,9,210,529,1,0.0,0.0,1.0,0.0,0.02,0.0,0.0,0,53632.0
3,1,0,0,0,0.0,0.0,0.01,0.06,0.0,0.0,0.0,1,13096.0
46,1,0,0,0,0.01,0.0,0.01,1.0,0.0,0.0,0.0,1,70031.0
41,9,147,0,0,0.0,0.0,0.2,0.6,0.0,0.0,0.0,0,120169.0
57,2,0,0,0,0.0,0.0,1.0,0.0,0.0,0.0,0.0,1,48789.0
41,4,1,0,0,0.0,0.0,1.0,0.0,0.0,0.0,0.0,1,111308.0
51,9,2429,475,1,0.0,0.0,1.0,0.0,0.04,0.0,0.0,0,53553.0
22,9,233,3222,1,0.0,0.0,1.0,0.0,0.0,0.0,0.0,0,71049.0
22,6,209,10110,1,0.5,0.25,1.0,0.0,0.08,0.5,0.01,0,12017.0
22,9,281,1967,1,0.0,0.0,1.0,0.0,0.03,0.0,0.0,0,78405.0
18,9,230,644,1,0.0,0.0,1.0,0.0,0.0,0.0,0.0,0,102579.0
12,5,0,0,0,1.0,1.0,0.01,0.07,0.0,1.0,1.0,1,82130.0
13,9,8,0,0,0.0,0.0,1.0,0.0,0.5,0.0,0.0,1,93573.0
3,9,10,39,0,0.0,0.0,1.0,0.0,0.0,0.0,0.0,0,32588.0
36,5,0,0,0,1.0,1.0,0.14,0.07,0.0,1.0,1.0,1,69953.0
22,9,278,2543,1,0.0,0.0,1.0,0.0,0.0,0.0,0.0,0,48151.0
46,1,0,0,0,0.02,0.0,0.01,1.0,0.0,0.01,0.0,1,101497.0
46,5,0,0,0,1.0,1.0,0.06,0.06,0.0,1.0,1.0,1,27564.0
36,5,0,0,0,1.0,1.0,0.09,0.05,0.0,1.0,1.0,1,51538.0
31,5,0,0,0,1.0,1.0,0.03,0.06,0.0,1.0,1.0,1,114452.0
22,9,243,321,1,0.0,0.0,1.0,0.0,0.0,0.0,0.0,0,26142.0
55,5,0,0,0,1.0,1.0,0.07,0.06,0.0,1.0,1.0,1,40184.0
22,9,240,372,1,0.0,0.0,1.0,0.0,0.05,0.0,0.0,0,2720.0
22,9,232,933,1,0.0,0.0,1.0,0.0,0.0,0.0,0.0,0,32475.0
22,9,236,3429,1,0.0,0.0,1.0,0.0,0.02,0.0,0.0,0,18368.0
44,9,35,130,1,0.0,0.0,0.5,1.0,0.25,0.01,0.0,0,90597.0
22,9,215,597,1,0.0,0.0,1.0,0.0,0.02,0.0,0.0,0,2530.0
46,5,0,0,0,1.0,1.0,0.14,0.06,0.0,1.0,1.0,1,9758.0
22,9,315,392,1,0.0,0.0,1.0,0.0,0.0,0.0,0.0,0,51443.0
22,9,211,9945,1,0.0,0.0,1.0,0.0,0.05,0.0,0.0,0,83971.0
11,9,43,43,0,0.0,0.0,0.99,0.02,0.0,0.0,0.0,0,106068.0
51,9,1084,334,1,0.0,0.0,1.0,0.0,0.03,0.0,0.0,0,77675.0
46,5,0,0,0,1.0,1.0,1.0,0.0,0.0,1.0,1.0,1,66941.0
0,4,843,9547,1,0.0,0.0,0.5,1.0,0.0,0.0,0.0,0,1944.0
46,5,0,0,0,1.0,1.0,0.05,0.06,0.0,1.0,1.0,1,7575.0
22,9,261,29122,1,0.0,0.0,1.0,0.0,0.0,0.0,0.0,0,88412.0
22,9,240,396,1,0.0,0.0,1.0,0.0,0.0,0.0,0.0,0,112087.0
11,9,45,89,0,0.0,0.0,1.0,0.0,0.0,0.0,0.0,0,4974.0
14,9,1032,0,0,0.0,0.0,1.0,0.0,0.0,0.0,0.0,0,121312.0
11,9,35,100,0,0.0,0.0,1.0,0.0,0.0,0.0,0.0,0,69637.0
38,5,0,0,0,1.0,1.0,0.11,0.05,0.0,1.0,1.0,1,39639.0
62,5,0,0,0,1.0,1.0,0.03,0.05,0.0,1.0,1.0,1,83469.0
41,9,147,105,0,0.0,0.0,1.0,0.0,0.0,0.0,0.0,0,117494.0
11,9,45,131,0,0.0,0.0,1.0,0.0,0.0,0.0,0.0,0,83211.0
51,9,1013,328,1,0.0,0.0,1.0,0.0,0.01,0.0,0.0,0,1636.0
22,9,212,2120,1,0.0,0.0,1.0,0.0,0.0,0.0,0.0,0,4051.0
22,9,294,256,1,0.0,0.0,1.0,0.0,0.0,0.0,0.0,0,78939.0
22,5,0,0,0,1.0,1.0,0.22,0.09,0.0,1.0,1.0,1,121894.0
41,9,146,105,0,0.0,0.0,1.0,0.0,0.0,0.0,0.0,0,39469.0
11,9,45,83,0,0.0,0.0,1.0,0.0,0.0,0.0,0.0,0,65464.0
13,9,8,0,0,0.0,0.0,1.0,0.0,0.5,0.0,0.0,1,104441.0
46,4,0,0,0,0.0,0.0,1.0,0.0,0.0,0.0,0.0,1,114096.0
22,1,0,0,0,0.0,0.0,1.0,0.0,0.14,0.0,0.0,0,27291.0
22,9,208,3002,1,0.0,0.0,1.0,0.0,0.03,0.02,0.0,0,72958.0
11,9,45,73,0,0.0,0.0,1.0,0.01,0.0,0.0,0.0,0,92100.0
22,9,54540,8314,1,0.0,0.0,1.0,0.0,0.0,0.0,0.0,0,84150.0
19,9,12,0,0,0.0,0.0,1.0,0.0,0.07,0.0,0.0,0,32079.0
22,9,333,774,1,0.0,0.0,1.0,0.0,0.0,0.0,0.0,0,15483.0
46,5,0,0,0,1.0,1.0,0.08,0.06,0.0,1.0,1.0,1,32017.0
8,5,0,0,0,1.0,1.0,1.0,0.0,0.0,1.0,1.0,1,19398.0
61,5,0,0,0,1.0,1.0,0.02,0.06,0.0,1.0,1.0,1,70985.0
51,9,5221,335,1,0.0,0.0,1.0,0.0,0.01,0.0,0.0,0,9776.0
11,9,33,0,0,0.0,0.0,1.0,0.0,0.0,0.0,0.0,0,117770.0
19,5,0,0,0,1.0,1.0,0.09,0.06,0.0,1.0,1.0,1,30875.0
64,5,0,0,0,1.0,1.0,0.05,0.06,0.0,1.0,1.0,1,44005.0
26,5,0,0,0,1.0,1.0,0.07,0.06,0.0,1.0,1.0,1,101316.0
46,4,1,0,0,0.0,0.0,1.0,0.0,0.0,0.0,0.0,1,39546.0
19,1,0,0,0,0.0,0.0,0.01,0.07,0.0,0.0,0.0,1,64691.0
22,9,236,2342,1,0.0,0.0,1.0,0.0,0.07,0.0,0.02,0,74206.0
22,5,0,0,0,1.0,0.9,1.0,0.0,0.0,1.0,1.0,1,7116.0
58,5,0,0,0,1.0,1.0,0.08,0.05,0.0,1.0,1.0,1,117187.0
11,9,46,71,0,0.0,0.0,0.99,0.01,0.0,0.0,0.0,0,31848.0
11,9,45,45,0,0.0,0.0,1.0,0.0,0.0,0.0,0.0,0,51155.0
22,9,255,379,1,0.0,0.0,1.0,0.0,0.0,0.0,0.0,0,44948.0
22,9,235,263,1,0.0,0.0,1.0,0.0,0.0,0.0,0.0,0,62337.0
54,2,0,0,0,0.0,0.0,0.04,0.06,0.0,0.0,0.0,1,20782.0
18,9,1248,2449,1,0.0,0.0,1.0,0.0,0.0,0.0,0.0,0,8924.0
46,5,0,0,0,1.0,1.0,0.11,0.06,0.0,1.0,1.0,1,106674.0
10,5,0,0,0,1.0,1.0,0.02,0.06,0.0,1.0,1.0,1,82048.0
19,5,0,0,0,1.0,1.0,0.08,0.06,0.0,1.0,1.0,1,83538.0
22,9,296,11016,1,0.0,0.0,1.0,0.0,0.01,0.0,0.0,0,21093.0
11,9,43,127,0,0.0,0.0,1.0,0.0,0.0,0.0,0.0,0,33868.0
22,9,232,479,1,0.0,0.0,1.0,0.0,0.0,0.0,0.0,0,70936.0
63,5,0,0,0,1.0,1.0,0.0,0.06,0.0,1.0,1.0,1,28674.0
22,9,199,363,1,0.0,0.0,1.0,0.0,0.05,0.0,0.0,0,11692.0
22,9,293,253,1,0.0,0.0,1.0,0.0,0.0,0.0,0.0,0,92639.0
18,9,1463,4152,1,0.0,0.0,1.0,0.0,0.0,0.0,0.0,0,10990.0
19,9,22,0,1,0.0,0.0,0.67,0.67,0.0,0.22,0.0,0,120947.0
11,9,42,42,0,0.0,0.0,1.0,0.0,0.0,0.0,0.0,0,85284.0
14,9,1032,0,0,0.0,0.0,1.0,0.0,0.0,0.0,0.0,0,115851.0
22,9,253,4580,1,0.33,0.25,1.0,0.0,0.0,0.01,0.01,0,64153.0
22,9,243,9284,1,0.0,0.0,1.0,0.0,0.0,0.0,0.0,0,75069.0
46,4,0,0,0,0.0,0.0,1.0,0.0,0.0,0.0,0.0,1,35993.0
11,9,43,129,0,0.0,0.0,1.0,0.0,0.0,0.0,0.0,0,117964.0
22,9,332,2753,1,0.0,0.0,1.0,0.0,0.0,0.0,0.0,0,19417.0
22,1,0,0,0,0.0,0.0,1.0,0.0,0.07,0.0,0.0,0,15181.0
41,5,0,0,0,0.18,1.0,0.0,1.0,0.0,0.21,1.0,1,79294.0
22,9,223,18177,1,0.0,0.0,1.0,0.0,0.04,0.0,0.0,0,27865.0
46,5,0,0,0,1.0,1.0,0.02,0.08,0.0,1.0,1.0,1,105201.0
22,9,209,1972,1,0.0,0.0,1.0,0.0,0.04,0.0,0.0,0,114786.0
19,9,334,0,1,0.0,0.0,1.0,0.0,0.15,0.0,0.0,0,103515.0
22,1,0,0,0,0.0,0.0,1.0,0.0,0.0,0.07,0.0,0,110602.0
19,5,0,0,0,1.0,1.0,0.08,0.05,0.0,1.0,1.0,1,81746.0
22,9,379,406,1,0.0,0.0,1.0,0.0,0.0,0.0,0.0,0,95166.0
29,5,0,0,0,1.0,1.0,0.13,0.05,0.0,1.0,1.0,1,12832.0
46,5,0,0,0,1.0,1.0,0.12,0.05,0.0,1.0,1.0,1,22650.0
51,9,1380,325,1,0.0,0.0,1.0,0.0,0.0,0.02,0.0,0,78750.0
46,9,1,0,0,0.0,0.0,0.38,0.1,0.0,0.07,0.0,1,32783.0
22,9,307,10647,1,0.0,0.0,1.0,0.0,0.29,0.0,0.29,0,24794.0
63,5,0,0,0,1.0,1.0,0.08,0.05,0.0,1.0,1.0,1,124612.0
22,9,283,1769,1,0.0,0.0,1.0,0.0,0.01,0.0,0.0,0,21206.0
22,9,213,1598,1,0.07,0.07,1.0,0.0,0.02,0.01,0.01,0,93977.0
44,5,0,0,0,1.0,1.0,0.02,0.06,0.0,1.0,1.0,1,18218.0
41,9,147,105,0,0.0,0.0,1.0,0.0,0.0,0.0,0.0,0,7285.0
46,5,0,0,0,1.0,1.0,0.46,0.12,0.0,1.0,1.0,1,39497.0
11,9,44,44,0,0.0,0.0,1.0,0.0,0.0,0.0,0.0,0,47751.0
46,5,0,0,0,1.0,1.0,0.07,0.06,0.0,1.0,1.0,1,54843.0
22,9,229,5013,1,0.0,0.0,1.0,0.0,0.03,0.0,0.0,0,31940.0
46,5,0,0,0,1.0,1.0,0.2,0.06,0.0,1.0,1.0,1,99759.0
17,2,0,0,0,0.0,0.0,0.03,0.07,0.0,0.0,0.0,1,36237.0
46,1,0,0,0,0.0,0.0,0.03,0.06,0.0,0.0,0.0,1,63830.0
22,9,209,9282,1,0.0,0.0,1.0,0.0,0.04,0.0,0.0,0,94695.0
22,9,257,5097,1,0.0,0.0,1.0,0.0,0.0,0.0,0.0,0,124546.0
18,5,0,0,0,1.0,1.0,0.01,0.07,0.0,1.0,1.0,1,93595.0
57,9,9941,41006,1,0.0,0.0,1.0,0.0,0.0,0.43,0.12,0,114075.0
21,5,0,0,0,1.0,1.0,0.03,0.06,0.0,1.0,1.0,1,91845.0
29,5,0,0,0,1.0,1.0,0.01,0.08,0.0,1.0,1.0,1,56220.0
38,5,0,0,0,1.0,1.0,0.16,0.05,0.0,1.0,1.0,1,94231.0
22,9,336,6503,1,0.0,0.0,1.0,0.0,0.01,0.0,0.0,0,38915.0
46,5,0,0,0,1.0,1.0,0.04,0.06,0.0,1.0,1.0,1,121186.0
2,1,0,0,0,0.0,0.0,0.11,0.06,0.0,0.0,0.0,1,8884.0
22,9,309,1517,1,0.0,0.0,1.0,0.0,0.02,0.0,0.0,0,41449.0
46,5,0,0,0,1.0,1.0,0.04,0.07,0.0,1.0,1.0,1,112729.0
46,5,0,0,0,1.0,1.0,0.05,0.07,0.0,1.0,1.0,1,65941.0
0,4,3716,9210,0,0.0,0.0,1.0,0.0,0.0,0.0,0.0,0,31650.0
3,1,0,0,0,0.0,0.0,0.04,0.06,0.0,0.0,0.0,1,108556.0
22,9,317,744,1,0.0,0.0,1.0,0.0,0.06,0.0,0.0,0,71706.0
57,2,0,0,0,0.0,0.0,0.11,0.06,0.0,0.0,0.0,1,25896.0
46,5,0,0,0,1.0,1.0,0.01,0.07,0.0,1.0,1.0,1,15160.0
46,5,0,0,0,1.0,1.0,0.03,0.06,0.0,1.0,1.0,1,4413.0
11,9,45,128,0,0.0,0.0,1.0,0.0,0.0,0.0,0.0,0,44281.0
17,5,0,0,0,1.0,1.0,0.25,0.07,0.05,0.99,0.92,1,50064.0
14,9,520,0,0,0.0,0.0,1.0,0.0,0.0,0.0,0.0,0,28727.0
13,9,8,0,0,0.0,0.0,1.0,0.0,0.25,0.0,0.0,1,31398.0
46,5,0,0,0,1.0,1.0,0.05,0.05,0.0,1.0,1.0,1,5596.0
3,9,9,38,0,0.0,0.0,1.0,0.0,0.0,0.0,0.0,0,77524.0
22,5,0,0,0,1.0,1.0,0.03,0.06,0.0,1.0,1.0,1,44897.0
22,9,304,1319,1,0.0,0.0,1.0,0.0,0.03,0.0,0.0,0,70986.0
46,4,0,0,0,0.0,0.0,1.0,0.0,0.0,0.0,0.0,1,40298.0
46,5,0,0,0,1.0,1.0,0.1,0.06,0.0,1.0,1.0,1,30559.0
8,5,0,0,0,1.0,1.0,0.0,0.06,0.0,1.0,1.0,1,106890.0
46,1,0,0,0,0.0,0.0,0.1,0.07,0.0,0.0,0.0,1,53714.0
30,5,0,0,0,1.0,1.0,0.04,0.06,0.0,1.0,1.0,1,13255.0
51,9,1629,329,1,0.0,0.0,1.0,0.0,0.06,0.0,0.0,0,106973.0
46,9,1,0,0,0.0,0.0,0.92,0.08,0.0,0.0,0.0,1,32785.0
51,9,645,326,1,0.0,0.0,1.0,0.0,0.0,0.01,0.01,0,39728.0
22,5,0,0,0,0.96,1.0,0.29,0.12,0.0,1.0,1.0,1,45181.0
46,9,105,147,0,0.0,0.0,1.0,0.0,0.0,0.0,0.0,0,16886.0
11,9,42,42,0,0.0,0.0,1.0,0.0,0.0,0.0,0.0,0,68543.0
13,9,8,0,0,0.0,0.0,1.0,0.0,0.25,0.0,0.0,1,23192.0
46,5,0,0,0,1.0,1.0,0.15,0.06,0.0,1.0,1.0,1,77110.0
14,9,520,0,0,0.0,0.0,1.0,0.0,0.0,0.0,0.0,0,72822.0
41,9,146,0,0,0.0,0.0,0.5,1.0,0.0,0.0,0.0,0,83591.0
11,9,44,74,0,0.0,0.0,1.0,0.0,0.0,0.0,0.0,0,39068.0
51,9,1363,330,1,0.0,0.0,1.0,0.0,0.01,0.0,0.0,0,32582.0
11,9,46,128,0,0.0,0.0,1.0,0.0,0.0,0.0,0.0,0,95959.0
41,1,0,0,0,0.09,0.0,0.0,1.0,0.0,0.11,0.0,1,119522.0
46,5,0,0,0,1.0,1.0,0.07,0.05,0.0,0.92,1.0,1,46064.0
13,9,8,0,0,0.0,0.0,1.0,0.0,0.5,0.0,0.0,1,71911.0
22,9,287,1195,1,0.0,0.0,1.0,0.0,0.07,0.0,0.0,0,47033.0
46,1,0,0,0,0.0,0.0,0.35,0.06,0.0,0.0,0.0,1,122898.0
38,5,0,0,0,1.0,1.0,0.14,0.06,0.0,1.0,1.0,1,66146.0
22,1,0,0,0,0.0,0.0,0.07,0.06,0.0,0.0,0.0,1,106092.0
46,5,0,0,0,1.0,1.0,0.03,0.1,0.0,1.0,1.0,1,104704.0
46,5,0,0,0,1.0,1.0,0.18,0.06,0.0,1.0,1.0,1,46960.0
22,9,197,1259,1,0.0,0.0,1.0,0.0,0.02,0.0,0.0,0,23229.0
19,9,748,0,0,0.0,0.0,1.0,0.0,0.0,0.0,0.0,0,36411.0
22,9,198,2424,1,0.0,0.0,1.0,0.0,0.01,0.01,0.0,0,11768.0
41,9,146,0,0,0.0,0.0,0.33,0.67,0.0,0.0,0.0,0,2970.0
57,9,108,5783,1,0.0,0.0,1.0,0.0,0.0,0.0,0.0,0,74506.0
13,9,8,0,0,0.0,0.0,1.0,0.0,0.5,0.0,0.0,1,94304.0
51,9,819,336,1,0.0,0.0,1.0,0.0,0.0,0.0,0.0,0,107150.0
22,9,231,2698,1,0.0,0.0,1.0,0.0,0.0,0.0,0.0,0,28188.0
41,0,0,0,0,0.0,0.0,1.0,0.0,0.0,0.0,0.0,1,52748.0
22,9,210,4896,1,0.0,0.0,1.0,0.0,0.05,0.0,0.0,0,71259.0
22,9,308,608,1,0.0,0.0,1.0,0.0,0.0,0.0,0.0,0,111269.0
46,5,0,0,0,1.0,1.0,0.14,0.06,0.0,1.0,1.0,1,92935.0
22,9,204,12922,1,0.0,0.0,1.0,0.0,0.01,0.0,0.0,0,96701.0
46,5,0,0,0,1.0,1.0,0.07,0.12,0.0,1.0,1.0,1,69351.0
14,9,1032,0,0,0.0,0.0,1.0,0.0,0.0,0.0,0.0,0,93793.0
46,5,0,0,0,1.0,1.0,0.01,0.09,0.0,1.0,1.0,1,1215.0
51,9,598,280,1,0.0,0.0,1.0,0.0,0.02,0.01,0.01,0,38282.0
22,9,323,719,1,0.0,0.0,1.0,0.0,0.06,0.0,0.0,0,59948.0
19,5,0,0,0,1.0,1.0,0.07,0.06,0.0,1.0,1.0,1,23751.0
22,9,209,3127,1,0.0,0.0,1.0,0.0,0.02,0.0,0.0,0,99030.0
22,9,325,2794,1,0.0,0.0,1.0,0.0,0.0,0.0,0.0,0,5153.0
22,9,381,1139,1,0.0,0.0,1.0,0.0,0.01,0.0,0.0,0,9812.0
46,5,0,0,0,1.0,1.0,0.09,0.06,0.0,1.0,1.0,1,94683.0
17,5,0,0,0,1.0,1.0,0.23,0.08,0.0,1.0,1.0,1,45373.0
21,5,0,0,0,1.0,1.0,0.07,0.07,0.0,1.0,1.0,1,40096.0
6,1,0,0,0,0.0,0.0,0.06,0.06,0.0,0.0,0.0,1,94316.0
11,9,29,0,0,0.0,0.0,1.0,0.0,0.0,0.03,0.0,0,89683.0
22,9,227,5839,1,0.0,0.0,1.0,0.0,0.02,0.0,0.0,0,23513.0
10,5,0,0,0,1.0,1.0,0.06,0.06,0.0,1.0,1.0,1,87231.0
46,9,28,0,0,0.0,0.0,1.0,0.0,0.0,0.0,0.0,1,18735.0
20,1,0,0,0,0.13,0.0,0.0,1.0,0.0,0.07,0.0,1,21320.0
22,9,297,809,1,0.0,0.0,1.0,0.0,0.0,0.0,0.0,0,93802.0
51,9,1087,328,1,0.0,0.0,1.0,0.0,0.01,0.0,0.0,0,78644.0
44,9,35,130,1,0.0,0.0,1.0,0.0,0.4,0.03,0.0,0,39657.0
6,5,0,0,0,1.0,1.0,0.14,0.23,0.0,1.0,1.0,1,37058.0
46,5,0,0,0,1.0,1.0,0.08,0.06,0.0,1.0,1.0,1,98046.0
11,9,44,74,0,0.0,0.0,1.0,0.0,0.0,0.0,0.0,0,56868.0
46,5,0,0,0,1.0,1.0,0.05,0.06,0.0,1.0,1.0,1,59037.0
22,5,0,0,0,0.98,0.95,0.29,0.08,0.0,1.0,1.0,1,47021.0
46,5,0,0,0,1.0,1.0,0.03,0.06,0.0,1.0,1.0,1,108013.0
22,9,214,440,1,0.0,0.0,1.0,0.0,0.0,0.0,0.0,0,100813.0
22,9,282,2103,1,0.0,0.0,1.0,0.0,0.0,0.0,0.0,0,49864.0
11,9,42,42,0,0.0,0.0,1.0,0.0,0.0,0.0,0.0,0,1438.0
22,9,235,1695,1,0.0,0.0,1.0,0.0,0.04,0.0,0.0,0,84577.0
62,5,0,0,0,1.0,1.0,0.05,0.05,0.0,1.0,1.0,1,65506.0
61,5,0,0,0,1.0,1.0,0.14,0.06,0.0,1.0,1.0,1,18851.0
51,9,1714,376,1,0.0,0.0,1.0,0.0,0.01,0.0,0.0,0,1708.0
22,9,286,1188,1,0.0,0.0,1.0,0.0,0.0,0.0,0.0,0,124438.0
19,9,22,0,0,0.0,0.0,1.0,0.0,0.0,0.75,0.0,0,22908.0
26,1,0,0,0,0.0,0.0,0.04,0.07,0.0,0.0,0.0,1,57168.0
18,2,0,0,0,0.0,0.0,0.03,0.07,0.0,0.0,0.0,1,47184.0
22,9,344,3123,1,0.0,0.0,1.0,0.0,0.02,0.0,0.0,0,22879.0
41,1,0,0,0,0.12,0.0,0.0,1.0,0.0,0.13,0.0,1,20906.0
22,9,340,283,1,0.0,0.0,1.0,0.0,0.0,0.0,0.0,0,81392.0
10,1,0,0,0,0.0,0.0,0.05,0.07,0.0,0.0,0.0,1,27091.0
22,9,293,1997,1,0.0,0.0,1.0,0.0,0.03,0.0,0.0,0,67207.0
22,5,0,0,0,1.0,1.0,0.07,0.05,0.0,1.0,1.0,1,124567.0
22,9,253,370,1,0.0,0.0,1.0,0.0,0.0,0.0,0.0,0,12707.0
22,9,293,8390,1,0.0,0.0,1.0,0.0,0.04,0.0,0.0,0,124380.0
22,9,153,7033,1,0.0,0.0,1.0,0.0,0.04,0.0,0.0,0,51138.0
46,5,0,0,0,1.0,1.0,0.03,0.07,0.0,1.0,1.0,1,37942.0
11,9,46,131,0,0.0,0.0,1.0,0.0,0.0,0.0,0.0,0,91658.0
35,5,0,0,0,1.0,1.0,0.08,0.05,0.0,1.0,1.0,1,28720.0
19,9,15876,0,0,0.0,0.0,1.0,0.0,0.0,0.0,0.0,0,54506.0
22,1,0,0,0,0.0,0.0,1.0,0.0,0.02,0.0,0.0,0,62685.0
22,9,239,2566,1,0.0,0.0,1.0,0.0,0.01,0.0,0.0,0,81052.0
22,9,205,365,1,0.0,0.0,1.0,0.0,0.0,0.0,0.0,0,110336.0
46,5,0,0,0,1.0,1.0,0.08,0.07,0.0,1.0,1.0,1,22095.0
22,9,258,3071,1,0.0,0.0,1.0,0.0,0.01,0.0,0.0,0,51799.0
61,5,0,0,0,1.0,1.0,0.13,0.06,0.0,1.0,1.0,1,107350.0
19,5,0,0,0,1.0,1.0,0.06,0.24,0.0,1.0,1.0,1,72341.0
22,1,0,0,0,0.0,0.0,1.0,0.0,0.24,0.0,0.01,0,32630.0
57,5,0,0,0,1.0,1.0,0.05,0.06,0.0,1.0,1.0,1,92446.0
46,5,0,0,0,1.0,1.0,0.04,0.07,0.0,1.0,1.0,1,10963.0
11,9,44,124,0,0.0,0.0,1.0,0.0,0.0,0.0,0.0,0,7783.0
22,9,201,594,1,0.0,0.0,1.0,0.0,0.07,0.0,0.0,0,93163.0
46,5,0,0,0,1.0,1.0,0.07,0.06,0.0,1.0,1.0,1,76746.0
16,5,0,0,0,1.0,1.0,0.03,0.06,0.0,1.0,1.0,1,97880.0
11,9,43,71,0,0.0,0.0,1.0,0.0,0.0,0.0,0.0,0,108886.0
51,9,738,331,1,0.0,0.0,1.0,0.0,0.02,0.0,0.0,0,26263.0
53,1,0,0,0,0.0,0.0,0.1,0.07,0.0,0.0,0.0,1,60664.0
58,4,0,0,0,0.0,0.0,1.0,0.0,0.0,0.0,0.0,1,28399.0
46,9,1,0,0,0.0,0.0,0.41,0.09,0.0,0.0,0.0,1,102903.0
22,9,306,342,1,0.05,0.08,1.0,0.0,0.02,0.01,0.01,0,72277.0
11,9,45,81,0,0.0,0.0,1.0,0.0,0.0,0.0,0.0,0,116062.0
22,9,303,1694,1,0.0,0.0,1.0,0.0,0.02,0.01,0.0,0,113254.0
16,5,0,0,0,1.0,1.0,0.02,0.06,0.0,1.0,1.0,1,22297.0
9,5,0,0,0,1.0,1.0,0.08,0.06,0.0,1.0,1.0,1,58657.0
2,5,0,0,0,1.0,1.0,0.04,0.06,0.0,1.0,1.0,1,90387.0
22,9,243,6382,1,0.0,0.0,1.0,0.0,0.01,0.0,0.0,0,114647.0
22,9,299,2282,1,0.0,0.0,1.0,0.0,0.09,0.0,0.0,0,7611.0
46,9,1,0,0,0.0,0.0,0.46,0.08,0.0,0.0,0.0,1,86226.0
51,9,1822,375,1,0.0,0.0,1.0,0.0,0.0,0.0,0.0,0,68163.0
22,5,0,0,0,1.0,1.0,0.08,0.31,0.0,1.0,1.0,1,73997.0
26,5,0,0,0,1.0,1.0,0.05,0.07,0.0,1.0,1.0,1,97869.0
22,9,215,654,1,0.0,0.0,1.0,0.0,0.0,0.0,0.0,0,98828.0
46,5,0,0,0,1.0,1.0,0.12,0.06,0.0,1.0,1.0,1,108749.0
22,9,192,759,1,0.0,0.0,1.0,0.0,0.02,0.0,0.0,0,41734.0
58,9,0,4,0,0.0,0.0,1.0,0.0,0.0,0.14,0.14,1,21341.0
51,9,1117,481,1,0.0,0.0,1.0,0.0,0.0,0.0,0.0,0,51972.0
44,9,108,6011,1,0.0,0.0,1.0,0.0,0.67,0.02,0.0,0,47924.0
11,9,44,128,0,0.0,0.0,0.98,0.03,0.0,0.0,0.0,0,74336.0
7,5,0,0,0,1.0,1.0,0.02,0.07,0.0,1.0,1.0,1,115799.0
13,9,8,0,0,0.0,0.0,1.0,0.0,0.25,0.0,0.0,1,48563.0
14,9,1032,0,0,0.0,0.0,1.0,0.0,0.0,0.0,0.0,0,87366.0
11,9,44,131,0,0.0,0.0,1.0,0.0,0.0,0.0,0.0,0,18674.0
22,9,328,3392,1,0.0,0.0,1.0,0.0,0.01,0.0,0.0,0,65049.0
19,9,151,0,1,0.0,0.0,1.0,0.0,0.04,0.0,0.0,0,101106.0
51,9,1523,328,1,0.0,0.0,0.5,1.0,0.01,0.0,0.0,0,109778.0
51,9,845,334,1,0.0,0.0,1.0,0.0,0.01,0.0,0.01,0,122705.0
22,9,352,6207,1,0.0,0.0,1.0,0.0,0.0,0.0,0.0,0,83663.0
3,5,0,0,0,1.0,1.0,0.04,0.06,0.0,1.0,1.0,1,99467.0
22,9,244,990,1,0.0,0.0,1.0,0.0,0.01,0.0,0.0,0,73423.0
11,9,33,0,0,0.0,0.0,1.0,0.0,0.08,0.0,0.0,0,66366.0
22,9,254,337,1,0.0,0.02,1.0,0.0,0.03,0.0,0.0,0,103596.0
57,9,248,8775,1,0.0,0.0,1.0,0.0,0.0,0.0,0.0,0,78102.0
22,9,234,3550,1,0.0,0.0,1.0,0.0,0.0,0.0,0.0,0,98664.0
46,9,105,105,0,0.0,0.0,1.0,0.0,0.0,0.0,0.0,0,730.0
22,9,253,706,1,0.0,0.0,1.0,0.0,0.01,0.0,0.0,0,32688.0
46,5,0,0,0,1.0,1.0,0.2,0.5,0.0,1.0,1.0,1,72517.0
46,5,0,0,0,1.0,1.0,0.03,0.06,0.0,1.0,1.0,1,79590.0
51,9,2235,332,1,0.0,0.0,1.0,0.0,0.01,0.0,0.0,0,64182.0
16,5,0,0,0,1.0,1.0,0.01,0.07,0.0,1.0,1.0,1,37826.0
46,9,1,0,0,0.0,0.0,0.67,0.67,0.0,0.13,0.0,1,85406.0
46,5,0,0,0,1.0,1.0,0.11,0.05,0.0,1.0,1.0,1,25697.0
22,9,204,12689,1,0.0,0.0,1.0,0.0,0.0,0.0,0.0,0,71666.0
11,9,42,42,0,0.0,0.0,1.0,0.0,0.0,0.0,0.0,0,77610.0
33,5,0,0,0,1.0,1.0,0.08,0.05,0.0,1.0,1.0,1,116633.0
13,9,8,0,0,0.0,0.0,1.0,0.0,0.25,0.0,0.0,1,17481.0
38,1,0,0,0,0.0,0.0,0.12,0.07,0.0,0.0,0.0,1,73109.0
11,9,34,34,0,0.0,0.0,1.0,0.0,0.0,0.0,0.0,0,46720.0
14,9,1032,0,0,0.0,0.0,1.0,0.0,0.0,0.0,0.0,0,29351.0
51,9,1020,374,1,0.0,0.0,0.33,0.67,0.01,0.0,0.0,0,114718.0
22,9,329,19561,1,0.0,0.0,1.0,0.0,0.0,0.0,0.0,0,97434.0
54,5,0,0,0,1.0,1.0,0.06,0.06,0.0,1.0,1.0,1,30241.0
14,9,520,0,0,0.0,0.0,1.0,0.0,0.0,0.0,0.0,0,84730.0
22,9,344,269,1,0.0,0.0,1.0,0.0,0.02,0.01,0.01,0,57865.0
22,9,239,668,1,0.0,0.0,1.0,0.0,0.0,0.0,0.0,0,99461.0
51,9,1950,481,1,0.0,0.0,1.0,0.0,0.02,0.0,0.0,0,125718.0
13,9,8,0,0,0.0,0.0,1.0,0.0,0.52,0.0,0.0,1,60216.0
11,9,45,45,0,0.0,0.0,0.99,0.02,0.0,0.0,0.0,0,57690.0
22,9,299,1075,1,0.0,0.0,1.0,0.0,0.0,0.0,0.0,0,88950.0
22,9,195,679,1,0.0,0.0,1.0,0.0,0.07,0.0,0.01,0,84952.0
22,9,238,3222,1,0.0,0.0,1.0,0.0,0.0,0.0,0.0,0,34574.0
46,5,0,0,0,1.0,1.0,0.04,0.07,0.0,1.0,1.0,1,61376.0
32,1,0,0,0,0.08,0.0,0.0,1.0,0.0,0.13,0.0,1,120295.0
22,5,0,0,0,0.5,0.05,1.0,0.0,0.05,0.5,0.01,0,36684.0
11,9,43,75,0,0.0,0.0,1.0,0.0,0.0,0.0,0.0,0,124330.0
22,9,306,575,1,0.0,0.0,1.0,0.0,0.0,0.0,0.0,0,5658.0
51,9,889,337,1,0.0,0.0,1.0,0.0,0.01,0.0,0.0,0,42023.0
22,9,244,255,1,0.0,0.0,1.0,0.0,0.01,0.0,0.0,0,110875.0
11,9,45,136,0,0.0,0.0,1.0,0.0,0.0,0.0,0.0,0,54471.0
22,9,322,1411,1,0.0,0.0,1.0,0.0,0.04,0.0,0.0,0,116172.0
22,1,0,0,0,0.0,0.0,0.1,0.07,0.0,0.0,0.0,1,21191.0
41,1,0,0,0,0.22,0.0,0.0,1.0,0.0,0.16,0.0,1,49155.0
22,9,307,2698,1,0.0,0.0,1.0,0.0,0.0,0.0,0.0,0,44778.0
22,1,0,0,0,0.0,0.0,1.0,0.0,0.15,0.0,0.01,0,106031.0
11,9,45,134,0,0.0,0.0,1.0,0.0,0.0,0.0,0.0,0,68605.0
46,9,28,0,0,0.0,0.0,1.0,0.0,0.0,0.0,0.0,1,48882.0
22,9,0,280,0,0.11,0.11,1.0,0.0,0.0,0.0,0.0,0,101884.0
14,9,520,0,0,0.0,0.0,1.0,0.0,0.0,0.0,0.0,0,7929.0
22,9,54540,8314,1,0.0,0.0,1.0,0.0,0.0,0.0,0.0,0,70294.0
46,1,0,0,0,0.0,0.0,0.06,0.06,0.0,0.0,0.0,1,26718.0
22,9,179,581,1,0.0,0.0,1.0,0.0,0.05,0.0,0.0,0,51593.0
22,9,359,1738,1,0.0,0.0,1.0,0.0,0.0,0.0,0.0,0,64278.0
22,9,217,797,1,0.0,0.0,1.0,0.0,0.07,0.0,0.0,0,91448.0
22,9,252,1585,1,0.0,0.0,1.0,0.0,0.0,0.0,0.0,0,120802.0
46,9,105,146,0,0.0,0.0,0.14,0.29,0.0,0.0,0.0,0,119008.0
11,9,23,23,0,0.0,0.0,1.0,0.0,0.0,0.0,0.0,0,112134.0
41,5,0,0,0,1.0,1.0,0.13,0.05,0.0,1.0,1.0,1,88218.0
22,9,203,4833,1,0.0,0.0,1.0,0.0,0.06,0.0,0.02,0,43646.0
54,2,0,0,0,0.0,0.0,0.08,0.07,0.0,0.0,0.0,1,40745.0
4,5,0,0,0,1.0,1.0,0.03,0.05,0.0,1.0,1.0,1,51014.0
22,9,346,835,1,0.0,0.0,1.0,0.0,0.02,0.0,0.0,0,56891.0
22,9,201,1315,1,0.0,0.0,1.0,0.0,0.06,0.0,0.0,0,28136.0
3,5,0,0,0,1.0,1.0,0.02,0.07,0.0,1.0,1.0,1,28923.0
34,5,0,0,0,1.0,1.0,0.16,0.05,0.0,1.0,1.0,1,52092.0
46,1,0,0,0,0.0,0.0,0.05,0.08,0.0,0.0,0.0,1,80506.0
51,9,1018,335,1,0.0,0.0,1.0,0.0,0.01,0.0,0.0,0,83103.0
41,9,147,105,0,0.0,0.0,1.0,0.0,0.0,0.0,0.0,0,23338.0
46,5,0,0,0,1.0,1.0,0.05,0.07,0.0,1.0,1.0,1,8320.0
13,9,8,0,0,0.0,0.0,1.0,0.0,0.51,0.0,0.0,1,122932.0
22,1,0,0,0,0.0,0.0,1.0,0.0,0.23,0.0,0.0,0,74819.0
22,9,54540,8314,1,0.0,0.0,1.0,0.0,0.0,0.0,0.0,0,43169.0
22,9,230,11744,1,0.0,0.0,1.0,0.0,0.02,0.0,0.0,0,90365.0
60,9,181,0,0,0.0,0.0,0.5,1.0,0.0,0.0,0.0,0,53268.0
26,5,0,0,0,1.0,1.0,0.03,0.05,0.0,1.0,1.0,1,40320.0
46,5,0,0,0,1.0,1.0,0.05,0.05,0.0,1.0,1.0,1,124954.0
32,1,0,0,0,0.0,0.0,0.02,0.07,0.0,0.0,0.0,1,77306.0
41,9,146,105,0,0.0,0.0,1.0,0.0,0.0,0.0,0.0,0,67259.0
57,5,0,0,0,1.0,1.0,0.01,0.06,0.0,1.0,1.0,1,75059.0
22,9,233,2507,1,0.0,0.0,1.0,0.0,0.0,0.0,0.0,0,77119.0
11,9,32,94,0,0.0,0.0,1.0,0.0,0.0,0.0,0.0,0,62794.0
11,9,45,45,0,0.0,0.0,1.0,0.0,0.0,0.0,0.0,0,4780.0
11,9,46,78,0,0.0,0.0,1.0,0.0,0.0,0.0,0.0,0,29220.0
22,9,308,1060,1,0.0,0.0,1.0,0.0,0.04,0.0,0.0,0,111299.0
22,9,327,1259,1,0.2,0.2,1.0,0.0,0.0,0.0,0.0,0,73321.0
57,5,0,0,0,0.97,1.0,0.38,0.09,0.0,1.0,1.0,1,104015.0
46,1,0,0,0,0.0,0.0,0.04,0.06,0.0,0.0,0.0,1,37242.0
57,9,112,7476,1,0.0,0.0,0.5,1.0,0.0,0.0,0.0,0,69370.0
64,5,0,0,0,1.0,1.0,0.09,0.06,0.0,1.0,1.0,1,8660.0
37,5,0,0,0,1.0,1.0,0.08,0.05,0.0,1.0,1.0,1,45093.0
22,9,148,18275,1,0.0,0.0,1.0,0.0,0.0,0.0,0.0,0,37183.0
46,9,105,147,0,0.0,0.0,1.0,0.0,0.0,0.0,0.0,0,119721.0
51,9,1907,366,1,0.0,0.0,1.0,0.0,0.02,0.0,0.0,0,15730.0
22,9,300,189,1,0.0,0.0,1.0,0.0,0.0,0.0,0.0,0,28824.0
46,5,0,0,0,1.0,1.0,0.03,0.08,0.0,1.0,1.0,1,8380.0
46,5,0,0,0,1.0,1.0,0.01,0.05,0.0,0.93,1.0,1,34438.0
7,1,0,0,0,0.0,0.0,0.0,0.07,0.0,0.0,0.0,1,68099.0
41,1,0,0,0,0.04,0.0,0.0,0.96,0.0,0.0,0.0,1,83497.0
22,9,228,293,1,0.0,0.0,1.0,0.0,0.0,0.0,0.0,0,102570.0
38,5,0,0,0,1.0,1.0,0.13,0.05,0.0,1.0,1.0,1,73555.0
46,5,0,0,0,1.0,1.0,0.17,0.06,0.0,1.0,1.0,1,104654.0
46,5,0,0,0,1.0,1.0,0.04,0.05,0.0,1.0,1.0,1,64491.0
46,5,0,0,0,1.0,1.0,0.02,0.07,0.0,1.0,1.0,1,114654.0
46,1,0,0,0,0.04,0.0,0.0,1.0,0.0,0.04,0.0,1,16897.0
60,9,78,0,0,0.0,0.0,0.18,0.05,0.0,0.0,0.0,0,36166.0
46,5,0,0,0,1.0,1.0,0.06,0.06,0.0,1.0,1.0,1,124093.0
34,5,0,0,0,1.0,1.0,0.05,0.06,0.0,1.0,1.0,1,118282.0
34,5,0,0,0,1.0,1.0,0.09,0.05,0.0,1.0,1.0,1,123020.0
30,5,0,0,0,1.0,1.0,0.03,0.06,0.0,1.0,1.0,1,117821.0
11,9,44,133,0,0.0,0.0,1.0,0.0,0.0,0.0,0.0,0,35413.0
13,9,8,0,0,0.0,0.0,1.0,0.0,0.25,0.0,0.0,1,26523.0
22,9,148,8009,1,0.0,0.0,1.0,0.0,0.02,0.0,0.0,0,85359.0
14,9,1032,0,0,0.0,0.0,1.0,0.0,0.0,0.01,0.0,0,32020.0
22,9,354,8658,1,0.0,0.0,1.0,0.0,0.0,0.0,0.0,0,18351.0
11,9,31,0,0,0.0,0.0,1.0,0.0,0.02,0.01,0.0,0,98140.0
51,9,1434,331,1,0.0,0.0,1.0,0.0,0.01,0.0,0.0,0,96929.0
14,9,520,0,0,0.0,0.0,1.0,0.0,0.0,0.0,0.0,0,8386.0
56,5,0,0,0,1.0,1.0,0.08,0.05,0.0,1.0,1.0,1,118351.0
57,5,0,0,0,1.0,1.0,0.01,0.06,0.0,1.0,1.0,1,45984.0
13,9,18,0,0,0.0,0.0,1.0,0.0,0.25,0.0,0.0,1,121058.0
46,5,0,0,0,1.0,1.0,0.01,0.06,0.0,1.0,1.0,1,105597.0
22,9,217,798,1,0.0,0.0,1.0,0.0,0.01,0.0,0.0,0,111544.0
31,5,0,0,0,1.0,1.0,0.04,0.06,0.0,1.0,1.0,1,477.0
11,9,43,82,0,0.0,0.0,1.0,0.0,0.0,0.0,0.0,0,96355.0
22,9,147,4097,1,0.0,0.0,1.0,0.0,0.02,0.02,0.02,0,64564.0
46,5,0,0,0,1.0,1.0,0.08,0.06,0.0,1.0,1.0,1,13700.0
22,9,324,1227,1,0.0,0.0,1.0,0.0,0.0,0.0,0.0,0,124682.0
37,5,0,0,0,1.0,1.0,0.01,0.05,0.0,1.0,1.0,1,46520.0
34,5,0,0,0,1.0,1.0,0.11,0.07,0.0,1.0,1.0,1,103964.0
22,9,240,25683,1,0.0,0.0,1.0,0.0,0.02,0.0,0.0,0,5216.0
22,9,335,263,1,0.0,0.0,1.0,0.0,0.02,0.0,0.01,0,110728.0
13,9,8,0,0,0.0,0.0,1.0,0.0,0.5,0.0,0.0,1,116710.0
22,1,0,0,0,0.0,0.0,0.0,0.0,0.0,0.0,0.0,1,8669.0
3,1,0,0,0,0.0,0.0,0.12,0.07,0.0,0.0,0.0,1,29238.0
13,9,8,0,0,0.0,0.0,1.0,0.0,0.25,0.0,0.0,1,44709.0
11,9,44,128,0,0.0,0.0,1.0,0.0,0.0,0.0,0.0,0,96880.0
11,9,44,126,0,0.0,0.0,1.0,0.0,0.0,0.0,0.0,0,55889.0
51,9,4660,370,1,0.0,0.0,1.0,0.0,0.02,0.0,0.0,0,7673.0
19,9,209,0,0,0.0,0.0,1.0,0.0,0.15,0.0,0.08,0,8665.0
41,9,63,0,1,0.0,0.0,1.0,0.0,0.0,0.92,0.0,0,115717.0
22,9,286,1251,1,0.0,0.0,1.0,0.0,0.04,0.0,0.0,0,29051.0
13,9,8,0,0,0.0,0.0,1.0,0.0,0.25,0.0,0.0,1,56422.0
22,9,216,693,1,0.0,0.0,1.0,0.0,0.03,0.0,0.0,0,2223.0
22,9,328,2433,1,0.0,0.0,1.0,0.0,0.0,0.01,0.01,0,81922.0
2,5,0,0,0,1.0,1.0,0.1,0.06,0.0,1.0,1.0,1,16004.0
57,9,126,16038,1,0.0,0.0,1.0,0.0,0.0,0.01,0.0,0,109261.0
22,5,0,0,0,1.0,1.0,0.5,0.12,0.0,1.0,1.0,1,108539.0
17,5,0,0,0,1.0,1.0,0.27,0.27,0.0,1.0,1.0,1,103402.0
22,9,207,935,1,0.0,0.0,1.0,0.0,0.0,0.0,0.0,0,80702.0
46,9,28,0,0,0.65,0.0,0.35,0.05,0.0,0.09,0.0,1,32813.0
19,9,245,0,1,0.0,0.0,1.0,0.0,0.33,0.0,0.0,0,116784.0
48,5,0,0,0,1.0,1.0,0.03,0.06,0.0,1.0,1.0,1,40322.0
22,9,229,2090,1,0.0,0.0,1.0,0.0,0.0,0.0,0.0,0,111934.0
46,5,0,0,0,1.0,1.0,0.0,0.05,0.0,1.0,1.0,1,15536.0
46,5,0,0,0,1.0,1.0,0.08,0.06,0.0,1.0,1.0,1,49354.0
14,9,1032,0,0,0.0,0.0,1.0,0.0,0.0,0.07,0.0,0,16993.0
46,4,0,0,0,0.0,0.0,1.0,0.0,0.0,0.0,0.0,1,94179.0
51,9,21240,336,1,0.0,0.0,1.0,0.0,0.01,0.0,0.0,0,5067.0
22,9,219,342,1,0.0,0.0,1.0,0.0,0.0,0.0,0.0,0,125384.0
19,9,965,0,1,0.0,0.0,1.0,0.0,0.0,0.0,0.0,0,95224.0
22,9,206,66067,1,0.0,0.0,1.0,0.0,0.04,0.0,0.0,0,74916.0
22,2,0,0,1,0.0,0.0,1.0,0.0,0.03,0.0,0.0,0,117741.0
22,9,217,2239,1,0.0,0.0,1.0,0.0,0.02,0.01,0.01,0,94070.0
22,2,0,0,1,0.0,0.0,1.0,0.0,0.0,0.0,0.0,0,53295.0
22,9,308,2507,1,0.0,0.0,1.0,0.0,0.0,0.0,0.0,0,23117.0
38,5,0,0,0,1.0,1.0,0.07,0.06,0.0,1.0,1.0,1,123779.0
22,9,213,1737,1,0.0,0.0,1.0,0.0,0.03,0.0,0.0,0,3988.0
54,5,0,0,0,1.0,1.0,0.01,0.07,0.0,1.0,1.0,1,48639.0
57,5,0,0,0,1.0,1.0,0.62,0.1,0.04,1.0,0.98,1,24367.0
46,5,0,0,0,1.0,1.0,0.04,0.06,0.0,1.0,1.0,1,69211.0
26,5,0,0,0,1.0,1.0,0.01,0.05,0.0,1.0,1.0,1,71685.0
19,9,383,0,1,0.0,0.0,1.0,0.0,0.04,0.0,0.0,0,58972.0
22,9,284,598,1,0.0,0.0,1.0,0.0,0.02,0.0,0.0,0,46341.0
62,1,0,0,0,0.0,0.0,0.03,0.06,0.0,0.0,0.0,1,92440.0
22,9,54540,8314,1,0.0,0.0,1.0,0.0,0.0,0.0,0.0,0,68377.0
22,9,334,2280,1,0.0,0.0,1.0,0.0,0.0,0.0,0.0,0,20504.0
22,9,235,1695,1,0.0,0.0,1.0,0.0,0.0,0.0,0.0,0,6228.0
11,9,44,128,0,0.0,0.0,1.0,0.0,0.0,0.0,0.0,0,3739.0
22,9,341,16123,1,0.0,0.0,1.0,0.0,0.04,0.0,0.0,0,63638.0
46,9,1,0,0,0.0,0.0,1.0,0.0,0.0,0.0,0.0,1,50194.0
58,2,0,0,0,0.0,0.0,0.06,0.06,0.0,0.0,0.0,1,561.0
2,5,0,0,0,1.0,1.0,0.01,0.08,0.0,1.0,1.0,1,13519.0
46,5,0,0,0,1.0,1.0,0.02,0.06,0.0,1.0,1.0,1,16472.0
53,5,0,0,0,1.0,1.0,0.07,0.05,0.0,1.0,1.0,1,84233.0
22,9,320,506,1,0.0,0.0,1.0,0.0,0.0,0.0,0.0,0,77965.0
11,9,44,110,0,0.0,0.0,1.0,0.0,0.0,0.0,0.0,0,14958.0
22,9,186,619,1,0.0,0.0,1.0,0.0,0.03,0.0,0.0,0,24391.0
63,5,0,0,0,1.0,1.0,0.09,0.07,0.0,1.0,1.0,1,50447.0
46,5,0,0,0,1.0,1.0,0.07,0.06,0.0,1.0,1.0,1,15430.0
36,5,0,0,0,1.0,1.0,0.06,0.05,0.0,1.0,1.0,1,7097.0
22,9,264,6257,1,0.0,0.0,1.0,0.0,0.02,0.0,0.0,0,31715.0
22,5,0,0,0,1.0,1.0,0.07,0.06,0.0,1.0,1.0,1,18649.0
15,5,0,0,0,1.0,1.0,0.33,0.1,0.0,1.0,1.0,1,71489.0
46,5,0,0,0,1.0,1.0,0.01,0.06,0.0,1.0,1.0,1,97797.0
58,5,0,0,0,1.0,1.0,0.06,0.06,0.0,1.0,1.0,1,5770.0
22,9,326,600,1,0.0,0.0,1.0,0.0,0.04,0.0,0.0,0,123235.0
22,9,154,165,1,0.0,0.0,1.0,0.0,0.0,0.0,0.0,0,39524.0
14,9,1032,0,0,0.0,0.0,1.0,0.0,0.0,0.0,0.0,0,121670.0
22,9,285,30644,1,0.0,0.0,1.0,0.0,0.05,0.0,0.0,0,100759.0
46,5,0,0,0,1.0,1.0,0.03,0.06,0.0,1.0,1.0,1,90393.0
58,2,0,0,0,0.0,0.0,0.03,0.07,0.0,0.0,0.0,1,93498.0
22,9,54540,8314,1,0.0,0.0,1.0,0.0,0.0,0.0,0.0,0,122030.0
46,5,0,0,0,1.0,1.0,0.05,0.06,0.0,1.0,1.0,1,48815.0
22,9,354,2445,1,0.0,0.0,1.0,0.0,0.0,0.0,0.0,0,46925.0
57,9,105,1851,1,0.0,0.0,1.0,0.0,0.0,0.0,0.0,0,33756.0
13,9,8,0,0,0.0,0.0,1.0,0.0,0.25,0.0,0.0,1,34928.0
57,5,0,0,0,1.0,1.0,0.29,0.07,0.0,1.0,1.0,1,39028.0
22,9,219,801,1,0.0,0.0,1.0,0.0,0.03,0.0,0.0,0,20690.0
7,5,0,0,0,1.0,1.0,0.02,0.07,0.0,1.0,1.0,1,102715.0
22,9,267,1654,1,0.0,0.0,1.0,0.0,0.0,0.0,0.0,0,85350.0
22,9,326,420,1,0.0,0.0,1.0,0.0,0.0,0.0,0.0,0,1017.0
22,9,156,5430,1,0.0,0.0,1.0,0.0,0.01,0.0,0.0,0,19258.0
46,9,1,0,0,0.0,0.0,0.25,0.11,0.0,0.1,0.0,1,16014.0
61,2,0,0,0,0.0,0.0,0.03,0.08,0.0,0.0,0.0,1,35497.0
46,5,0,0,0,1.0,1.0,0.06,0.06,0.0,1.0,1.0,1,77070.0
31,2,0,0,0,0.0,0.0,0.08,0.05,0.0,0.0,0.0,1,26531.0
11,9,44,70,0,0.0,0.0,1.0,0.0,0.0,0.0,0.0,0,15539.0
57,9,205,5359,1,0.0,0.0,1.0,0.0,0.0,0.33,0.12,0,65698.0
29,5,0,0,0,1.0,1.0,0.02,0.07,0.0,1.0,1.0,1,38619.0
22,9,214,1738,1,0.0,0.0,1.0,0.0,0.04,0.0,0.0,0,57240.0
31,5,0,0,0,1.0,1.0,0.06,0.05,0.0,1.0,1.0,1,35501.0
22,9,329,731,1,0.0,0.0,1.0,0.0,0.05,0.0,0.0,0,95199.0
11,9,42,42,0,0.0,0.0,1.0,0.0,0.0,0.0,0.0,0,120569.0
46,5,0,0,0,1.0,1.0,0.04,0.07,0.0,1.0,1.0,1,65730.0
19,5,0,0,0,1.0,1.0,0.28,0.08,0.0,1.0,1.0,1,71711.0
15,1,0,0,0,0.0,0.0,0.05,0.07,0.0,0.0,0.0,1,61328.0
22,9,54540,8314,1,0.0,0.0,1.0,0.0,0.0,0.0,0.0,0,45121.0
46,4,0,0,0,0.0,0.0,1.0,0.0,0.0,0.0,0.0,1,41901.0
51,9,1384,334,1,0.0,0.0,1.0,0.0,0.01,0.0,0.0,0,40729.0
22,9,232,260,1,0.0,0.0,1.0,0.0,0.0,0.03,0.03,0,23552.0
22,9,309,352,1,0.0,0.0,1.0,0.0,0.02,0.0,0.0,0,95539.0
22,9,274,403,1,0.0,0.0,1.0,0.0,0.02,0.0,0.0,0,99558.0
39,5,0,0,0,1.0,1.0,0.01,0.08,0.0,1.0,1.0,1,32343.0
11,9,46,78,0,0.0,0.0,1.0,0.0,0.0,0.0,0.0,0,37605.0
32,5,0,0,0,1.0,1.0,0.07,0.05,0.0,1.0,1.0,1,104939.0
51,9,932,327,1,0.0,0.0,1.0,0.0,0.01,0.0,0.0,0,22753.0
55,5,0,0,0,1.0,1.0,0.03,0.05,0.0,1.0,1.0,1,33577.0
13,9,18,0,0,0.0,0.0,1.0,0.0,0.25,0.0,0.0,1,56761.0
15,1,0,0,0,0.0,0.0,0.15,0.06,0.0,0.0,0.0,1,102084.0
46,5,0,0,0,1.0,1.0,0.08,0.06,0.0,1.0,1.0,1,63166.0
22,9,205,4849,1,0.0,0.0,1.0,0.0,0.05,0.0,0.0,0,80826.0
22,9,228,282,1,0.0,0.0,1.0,0.0,0.05,0.0,0.0,0,118625.0
51,9,1802,328,1,0.0,0.0,1.0,0.0,0.02,0.0,0.0,0,114344.0
19,9,748,0,0,0.0,0.0,1.0,0.0,0.05,0.0,0.0,0,108883.0
22,9,204,604,1,0.0,0.0,1.0,0.0,0.02,0.0,0.0,0,109648.0
13,9,8,0,0,0.0,0.0,1.0,0.0,0.5,0.0,0.0,1,70066.0
41,1,0,0,0,0.06,0.0,0.0,1.0,0.0,0.08,0.0,1,31194.0
11,9,43,128,0,0.0,0.0,1.0,0.0,0.01,0.0,0.0,0,102343.0
46,1,0,0,0,0.06,0.0,0.0,1.0,0.0,0.08,0.0,1,28325.0
8,5,0,0,0,1.0,1.0,0.08,0.12,0.0,1.0,1.0,1,98215.0
33,5,0,0,0,1.0,1.0,0.0,0.06,0.0,1.0,1.0,1,48810.0
22,9,296,1100,1,0.0,0.0,1.0,0.0,0.01,0.0,0.0,0,88576.0
19,9,245,0,1,0.0,0.0,1.0,0.0,0.02,0.0,0.0,0,41018.0
46,4,0,0,0,0.0,0.0,1.0,0.0,0.0,0.0,0.0,1,105697.0
14,9,1032,0,0,0.0,0.0,1.0,0.0,0.0,0.02,0.0,0,17125.0
10,5,0,0,0,1.0,1.0,0.01,0.05,0.0,1.0,1.0,1,24815.0
51,9,1196,331,1,0.0,0.0,1.0,0.0,0.03,0.0,0.0,0,81105.0
22,9,203,15080,1,0.0,0.0,1.0,0.0,0.0,0.0,0.0,0,84372.0
46,5,0,0,0,1.0,1.0,0.14,0.06,0.0,1.0,1.0,1,5141.0
11,9,17,70,0,0.0,0.0,1.0,0.0,0.01,0.0,0.0,0,57929.0
46,5,0,0,0,1.0,1.0,0.21,0.06,0.0,1.0,1.0,1,73334.0
22,9,236,370,1,0.0,0.0,1.0,0.0,0.0,0.0,0.0,0,91426.0
22,9,54540,8314,1,0.0,0.0,1.0,0.0,0.0,0.0,0.0,0,49541.0
55,5,0,0,0,1.0,1.0,0.07,0.05,0.0,1.0,1.0,1,84526.0
22,9,220,11892,1,0.0,0.0,1.0,0.0,0.0,0.0,0.0,0,9428.0
19,5,0,0,0,1.0,1.0,0.15,0.07,0.0,1.0,1.0,1,104272.0
51,9,690,326,1,0.0,0.0,1.0,0.0,0.01,0.0,0.0,0,80266.0
46,9,105,146,0,0.0,0.0,0.25,0.5,0.0,0.0,0.0,0,105975.0
22,9,197,1532,1,0.0,0.0,1.0,0.0,0.04,0.0,0.0,0,44545.0
63,1,0,0,0,0.0,0.0,0.08,0.06,0.0,0.0,0.0,1,55411.0
22,9,217,1885,1,0.0,0.0,1.0,0.0,0.0,0.0,0.0,0,11387.0
54,5,0,0,0,1.0,1.0,0.05,0.07,0.0,1.0,1.0,1,27043.0
22,9,237,4627,1,0.0,0.0,1.0,0.0,0.0,0.0,0.0,0,68025.0
19,5,0,0,0,1.0,1.0,1.0,0.0,0.0,1.0,1.0,1,78813.0
46,5,0,0,0,1.0,1.0,0.12,0.06,0.0,1.0,1.0,1,48182.0
51,9,761,330,1,0.0,0.0,1.0,0.0,0.02,0.0,0.0,0,23310.0
12,5,0,0,0,1.0,1.0,0.03,0.06,0.0,1.0,1.0,1,58758.0
63,5,0,0,0,1.0,1.0,0.02,0.07,0.0,1.0,1.0,1,39291.0
19,9,35195,0,0,0.0,0.0,1.0,0.0,0.0,0.0,0.0,0,37573.0
22,9,176,10478,1,0.0,0.0,1.0,0.0,0.0,0.0,0.0,0,91025.0
22,9,223,3327,1,0.0,0.0,1.0,0.0,0.06,0.0,0.0,0,1260.0
19,9,59,0,0,0.0,0.0,1.0,0.0,0.0,0.0,0.0,0,118293.0
27,5,0,0,0,1.0,1.0,0.05,0.07,0.0,1.0,1.0,1,19171.0
22,9,251,8046,1,0.0,0.0,1.0,0.0,0.0,0.0,0.0,0,112957.0
46,5,0,0,0,1.0,1.0,0.15,0.07,0.0,1.0,1.0,1,10496.0
19,9,383,0,0,0.0,0.0,1.0,0.0,0.0,0.0,0.0,0,102497.0
22,9,216,483,1,0.0,0.0,1.0,0.0,0.0,0.0,0.0,0,107388.0
22,9,209,35200,1,0.0,0.0,1.0,0.0,0.05,0.0,0.0,0,92298.0
2,5,0,0,0,1.0,1.0,0.02,0.07,0.0,1.0,1.0,1,118184.0
22,9,221,376,1,0.0,0.0,1.0,0.0,0.03,0.0,0.0,0,64409.0
6,1,0,0,0,0.0,0.0,0.02,0.06,0.0,0.0,0.0,1,28244.0
55,5,0,0,0,1.0,1.0,0.01,0.06,0.0,1.0,1.0,1,45460.0
14,9,1032,0,0,0.0,0.0,1.0,0.0,0.0,0.0,0.0,0,49378.0
46,1,0,0,0,0.01,0.0,0.01,1.0,0.0,0.0,0.0,1,28081.0
22,9,305,8181,1,0.0,0.0,1.0,0.0,0.01,0.0,0.0,0,21601.0
22,9,305,976,1,0.0,0.0,1.0,0.0,0.01,0.0,0.0,0,110969.0
22,9,214,9019,1,0.0,0.0,1.0,0.0,0.02,0.0,0.0,0,39146.0
19,5,0,0,0,1.0,1.0,0.13,0.27,0.05,1.0,0.5,1,112324.0
22,9,336,4288,1,0.0,0.0,1.0,0.0,0.09,0.0,0.0,0,85175.0
19,5,0,0,0,1.0,1.0,0.01,0.07,0.0,1.0,1.0,1,70272.0
11,9,45,77,0,0.0,0.0,1.0,0.0,0.0,0.0,0.0,0,98702.0
51,9,1613,336,1,0.0,0.0,1.0,0.0,0.01,0.0,0.0,0,7731.0
22,9,317,923,1,0.0,0.0,1.0,0.0,0.05,0.0,0.0,0,56494.0
5,5,0,0,0,1.0,1.0,0.38,0.25,0.0,1.0,1.0,1,23799.0
61,5,0,0,0,1.0,1.0,0.15,0.05,0.0,1.0,1.0,1,36393.0
46,5,0,0,0,1.0,1.0,0.05,0.06,0.0,1.0,1.0,1,70358.0
22,9,324,3198,1,0.0,0.0,1.0,0.0,0.02,0.0,0.0,0,125077.0
22,9,318,17081,1,0.0,0.0,1.0,0.0,0.02,0.0,0.0,0,76082.0
13,9,8,0,0,0.0,0.0,1.0,0.0,0.25,0.0,0.0,1,31418.0
22,9,318,24495,1,0.0,0.0,1.0,0.0,0.0,0.0,0.0,0,74717.0
9,5,0,0,0,1.0,1.0,0.09,0.05,0.0,1.0,1.0,1,32085.0
46,5,0,0,0,1.0,1.0,0.12,0.06,0.0,1.0,1.0,1,11242.0
33,1,0,0,0,0.0,0.0,0.07,0.07,0.0,0.0,0.0,1,116030.0
22,9,220,10091,1,0.0,0.0,1.0,0.0,0.03,0.0,0.0,0,121141.0
11,9,46,74,0,0.0,0.0,1.0,0.0,0.0,0.0,0.0,0,60538.0
46,5,0,0,0,1.0,1.0,0.07,0.06,0.0,1.0,1.0,1,31831.0
7,5,0,0,0,1.0,1.0,0.09,0.05,0.0,1.0,1.0,1,52102.0
41,9,1,0,0,0.0,0.0,0.24,0.1,0.0,0.0,0.0,1,108058.0
14,9,520,0,0,0.0,0.0,1.0,0.0,0.0,0.0,0.0,0,15408.0
19,5,0,0,0,1.0,1.0,0.01,0.06,0.0,1.0,1.0,1,67026.0
19,5,0,0,0,1.0,1.0,0.33,0.07,0.0,1.0,1.0,1,5046.0
13,9,8,0,0,0.0,0.0,1.0,0.0,0.51,0.0,0.0,1,102677.0
22,9,312,32500,1,0.0,0.0,1.0,0.0,0.02,0.0,0.0,0,91770.0
46,5,0,0,0,1.0,1.0,0.01,0.06,0.0,1.0,1.0,1,120150.0
11,9,43,72,0,0.0,0.0,1.0,0.0,0.0,0.0,0.0,0,26600.0
3,5,0,0,0,1.0,1.0,0.16,0.04,0.0,1.0,1.0,1,59075.0
39,5,0,0,0,1.0,1.0,0.11,0.06,0.0,1.0,1.0,1,63139.0
13,9,8,0,0,0.0,0.0,1.0,0.0,0.5,0.0,0.0,1,11696.0
24,1,0,0,0,0.0,0.0,0.14,0.06,0.0,0.0,0.0,1,24082.0
11,9,44,79,0,0.0,0.0,1.0,0.0,0.0,0.0,0.0,0,40906.0
22,9,259,282,1,0.0,0.0,1.0,0.0,0.0,0.0,0.0,0,45115.0
22,9,245,188,1,0.0,0.0,1.0,0.0,0.04,0.03,0.01,0,14501.0
17,5,0,0,0,1.0,1.0,0.5,0.1,0.04,1.0,0.94,1,112437.0
11,9,36,96,0,0.0,0.0,1.0,0.0,0.0,0.0,0.0,0,21848.0
22,9,217,706,1,0.0,0.0,1.0,0.0,0.0,0.0,0.0,0,63299.0
38,5,0,0,0,1.0,1.0,0.11,0.06,0.0,1.0,1.0,1,116194.0
22,9,170,10105,1,0.0,0.0,1.0,0.0,0.06,0.0,0.0,0,109262.0
46,5,0,0,0,1.0,1.0,0.16,0.05,0.0,1.0,1.0,1,44909.0
46,4,1,0,0,0.0,0.0,1.0,0.0,0.0,0.0,0.0,1,53719.0
22,9,409,6033,1,0.0,0.0,1.0,0.0,0.12,0.0,0.0,0,9480.0
22,9,219,189,1,0.0,0.0,1.0,0.0,0.0,0.0,0.0,0,31382.0
11,9,46,134,0,0.0,0.0,1.0,0.0,0.0,0.0,0.0,0,119052.0
22,9,343,300,1,0.0,0.0,1.0,0.0,0.0,0.0,0.0,0,85299.0
46,5,0,0,0,1.0,1.0,0.06,0.07,0.0,1.0,1.0,1,28578.0
46,5,0,0,0,1.0,1.0,0.1,0.06,0.0,1.0,1.0,1,46484.0
46,5,0,0,0,1.0,1.0,0.35,0.17,0.0,1.0,1.0,1,96228.0
22,9,319,1719,1,0.0,0.0,1.0,0.0,0.02,0.0,0.0,0,76254.0
22,9,222,3257,1,0.0,0.0,1.0,0.0,0.03,0.0,0.0,0,78537.0
22,9,222,4859,1,0.0,0.0,1.0,0.0,0.03,0.0,0.0,0,40116.0
28,5,0,0,0,1.0,1.0,0.04,0.07,0.0,1.0,1.0,1,70231.0
22,9,290,3606,1,0.0,0.0,1.0,0.0,0.0,0.0,0.0,0,32155.0
63,5,0,0,0,1.0,1.0,0.03,0.06,0.0,1.0,1.0,1,84118.0
22,9,203,2143,1,0.0,0.0,1.0,0.0,0.0,0.0,0.0,0,110805.0
22,9,7420,7670,1,0.0,0.0,1.0,0.0,0.07,0.0,0.01,0,95687.0
20,5,0,0,0,1.0,1.0,0.09,0.07,0.0,1.0,1.0,1,44754.0
22,9,54540,8314,1,0.0,0.0,1.0,0.0,0.0,0.0,0.0,0,69346.0
51,9,1825,330,1,0.0,0.0,1.0,0.0,0.01,0.0,0.0,0,63354.0
60,9,183,0,0,0.0,0.0,0.86,0.29,0.0,0.0,0.0,0,72245.0
38,5,0,0,0,1.0,1.0,0.01,0.07,0.0,1.0,1.0,1,3586.0
18,9,231,770,1,0.0,0.0,1.0,0.0,0.15,0.0,0.0,0,117063.0
63,1,0,0,0,0.0,0.0,0.06,0.07,0.0,0.0,0.0,1,90166.0
46,5,0,0,0,1.0,1.0,0.01,0.07,0.0,1.0,1.0,1,120718.0
33,1,0,0,0,0.0,0.0,0.02,0.08,0.0,0.0,0.0,1,107605.0
22,9,221,8364,1,0.0,0.0,1.0,0.0,0.01,0.0,0.0,0,78842.0
46,5,0,0,0,1.0,1.0,0.05,0.06,0.0,1.0,1.0,1,79449.0
22,9,166,429,1,0.0,0.0,1.0,0.0,0.01,0.0,0.0,0,65399.0
46,5,0,0,0,1.0,1.0,0.03,0.05,0.0,1.0,1.0,1,31768.0
46,1,0,0,0,0.0,0.0,0.13,0.05,0.0,0.0,0.0,1,107790.0
22,9,222,1408,1,0.0,0.0,1.0,0.0,0.0,0.0,0.0,0,123142.0
51,9,1277,333,1,0.0,0.0,1.0,0.0,0.01,0.02,0.02,0,72759.0
22,9,252,10982,1,0.0,0.0,1.0,0.0,0.04,0.0,0.0,0,120005.0
46,5,0,0,0,1.0,1.0,0.12,0.06,0.0,1.0,1.0,1,120434.0
22,9,201,5347,1,0.0,0.0,1.0,0.0,0.05,0.0,0.0,0,20683.0
46,5,0,0,0,1.0,1.0,0.06,0.06,0.0,1.0,1.0,1,54596.0
46,1,0,0,0,0.06,0.0,0.0,1.0,0.0,0.05,0.0,1,96875.0
22,9,328,2793,1,0.0,0.0,1.0,0.0,0.02,0.0,0.0,0,23885.0
20,5,0,0,0,1.0,1.0,0.02,0.07,0.0,1.0,1.0,1,18209.0
31,5,0,0,0,1.0,1.0,0.15,0.05,0.0,1.0,1.0,1,110526.0
51,9,779,335,1,0.0,0.0,1.0,0.0,0.01,0.0,0.0,0,110352.0
22,9,220,10986,1,0.0,0.0,1.0,0.0,0.01,0.0,0.0,0,85771.0
46,5,0,0,0,1.0,1.0,0.01,0.06,0.0,1.0,1.0,1,95598.0
11,9,46,134,0,0.0,0.0,0.99,0.01,0.0,0.0,0.0,0,62074.0
14,9,520,0,0,0.0,0.0,1.0,0.0,0.0,0.0,0.0,0,100190.0
37,5,0,0,0,1.0,1.0,0.06,0.08,0.0,1.0,1.0,1,86840.0
19,9,1699,0,0,0.0,0.0,1.0,0.0,0.0,0.01,0.01,0,52556.0
19,9,192,0,1,0.0,0.0,1.0,0.0,0.02,0.01,0.01,0,104834.0
46,9,1,0,0,0.0,0.0,0.74,0.04,0.0,0.0,0.0,1,99287.0
30,5,0,0,0,1.0,1.0,0.04,0.06,0.0,1.0,1.0,1,59353.0
11,9,45,79,0,0.0,0.0,1.0,0.0,0.0,0.0,0.0,0,11148.0
46,5,0,0,0,1.0,1.0,0.01,0.06,0.0,1.0,1.0,1,104214.0
5,5,0,0,0,1.0,1.0,0.06,0.07,0.0,1.0,1.0,1,90507.0
51,9,1491,328,1,0.0,0.0,1.0,0.0,0.02,0.0,0.0,0,85587.0
22,9,309,6987,1,0.0,0.0,1.0,0.0,0.02,0.0,0.0,0,33920.0
22,9,292,434,1,0.0,0.0,1.0,0.0,0.0,0.0,0.0,0,18515.0
11,9,46,72,0,0.0,0.0,1.0,0.0,0.0,0.0,0.0,0,15488.0
40,9,48,48,0,0.0,0.0,1.0,0.0,0.0,0.0,0.0,0,26966.0
22,9,333,1819,1,0.0,0.0,1.0,0.0,0.04,0.0,0.0,0,29684.0
46,5,0,0,0,1.0,1.0,0.05,0.1,0.0,1.0,1.0,1,108327.0
19,9,567,0,1,0.0,0.0,1.0,0.0,0.04,0.0,0.0,0,8568.0
51,9,1416,333,1,0.0,0.0,1.0,0.0,0.0,0.0,0.0,0,91939.0
17,9,6,360,0,0.0,0.0,1.0,0.0,0.29,0.0,0.0,0,33009.0
21,5,0,0,0,1.0,1.0,0.05,0.05,0.0,1.0,1.0,1,75129.0
22,9,254,2631,1,0.0,0.0,1.0,0.0,0.01,0.0,0.0,0,122657.0
22,9,307,1203,1,0.0,0.0,1.0,0.0,0.0,0.0,0.0,0,11471.0
31,5,0,0,0,1.0,1.0,0.14,0.06,0.0,1.0,1.0,1,48218.0
41,9,146,105,0,0.0,0.0,0.25,0.75,0.0,0.0,0.0,0,43986.0
19,9,2194619,0,1,0.0,0.0,1.0,0.0,0.05,0.0,0.0,0,36437.0
46,5,0,0,0,1.0,1.0,0.12,0.05,0.0,1.0,1.0,1,18048.0
46,5,0,0,0,1.0,1.0,0.16,0.05,0.0,1.0,1.0,1,12744.0
46,5,0,0,0,1.0,1.0,0.33,0.12,0.0,1.0,1.0,1,66458.0
11,9,44,44,0,0.0,0.0,1.0,0.0,0.0,0.0,0.0,0,17434.0
46,5,0,0,0,1.0,1.0,0.04,0.05,0.0,0.92,1.0,1,100873.0
11,9,45,72,0,0.0,0.0,1.0,0.0,0.0,0.0,0.0,0,95746.0
51,5,0,0,0,1.0,0.87,1.0,0.0,0.01,0.94,0.09,1,93756.0
4,5,0,0,0,1.0,1.0,0.02,0.06,0.0,1.0,1.0,1,107257.0
11,9,44,44,0,0.0,0.0,1.0,0.0,0.0,0.0,0.0,0,92946.0
22,9,231,654,1,0.0,0.0,1.0,0.0,0.0,0.0,0.0,0,26978.0
14,9,1032,0,0,0.0,0.0,1.0,0.0,0.0,0.0,0.0,0,17646.0
22,9,224,1819,1,0.0,0.0,1.0,0.0,0.0,0.0,0.0,0,108829.0
46,4,0,0,0,0.0,0.0,0.5,1.0,0.0,0.0,0.0,1,43658.0
22,9,54540,8314,1,0.0,0.0,1.0,0.0,0.0,0.0,0.0,0,58382.0
46,5,0,0,0,0.8,1.0,0.14,0.05,0.0,1.0,1.0,1,108129.0
19,9,0,5155468,0,0.0,0.0,1.0,0.0,0.0,0.0,0.0,0,110158.0
22,9,227,2809,1,0.0,0.0,1.0,0.0,0.02,0.0,0.01,0,87398.0
46,1,0,0,0,0.03,0.0,0.0,1.0,0.0,0.04,0.0,1,25183.0
22,9,304,2507,1,0.0,0.0,1.0,0.0,0.0,0.0,0.0,0,16022.0
22,9,333,2073,1,0.0,0.0,1.0,0.0,0.0,0.0,0.0,0,125537.0
61,5,0,0,0,1.0,1.0,0.06,0.06,0.0,1.0,1.0,1,25740.0
22,9,229,15487,1,0.0,0.0,1.0,0.0,0.02,0.0,0.0,0,105894.0
51,9,1116,331,1,0.0,0.0,1.0,0.0,0.0,0.0,0.0,0,93970.0
13,9,18,0,0,0.0,0.0,1.0,0.0,1.0,0.0,0.0,1,88705.0
11,9,41,115,0,0.0,0.0,1.0,0.01,0.0,0.0,0.0,0,26251.0
46,5,0,0,0,1.0,1.0,0.12,0.05,0.0,1.0,1.0,1,33408.0
22,9,294,1367,1,0.0,0.0,1.0,0.0,0.03,0.0,0.0,0,46393.0
14,9,1032,0,0,0.0,0.0,1.0,0.0,0.0,0.0,0.0,0,49525.0
19,9,383,0,1,0.0,0.0,1.0,0.0,0.0,0.01,0.02,0,62765.0
46,1,0,0,0,0.0,0.0,1.0,0.0,1.0,0.0,0.0,1,19284.0
19,5,0,0,0,1.0,1.0,0.13,0.17,0.0,1.0,1.0,1,815.0
22,9,340,2118,1,0.0,0.0,1.0,0.0,0.03,0.0,0.0,0,110469.0
22,9,248,729,1,0.0,0.0,1.0,0.0,0.18,0.0,0.0,0,30749.0
62,5,0,0,0,1.0,1.0,0.1,0.05,0.0,1.0,1.0,1,87128.0
46,1,0,0,0,0.1,0.0,0.0,1.0,0.0,0.09,0.0,1,79360.0
22,9,185,15786,1,0.0,0.0,1.0,0.0,0.0,0.0,0.0,0,50810.0
46,5,0,0,0,1.0,1.0,0.08,0.08,0.0,1.0,1.0,1,51695.0
13,9,8,0,0,0.0,0.0,1.0,0.0,0.5,0.0,0.0,1,114370.0
11,9,45,130,0,0.0,0.0,1.0,0.0,0.0,0.0,0.0,0,38960.0
46,5,0,0,0,1.0,1.0,0.04,0.06,0.0,1.0,1.0,1,28051.0
22,9,224,2113,1,0.0,0.0,1.0,0.0,0.0,0.0,0.0,0,58496.0
28,5,0,0,0,1.0,1.0,0.18,0.05,0.0,1.0,1.0,1,6439.0
35,5,0,0,0,1.0,1.0,0.01,0.07,0.0,1.0,1.0,1,2172.0
22,9,303,9236,1,0.0,0.0,1.0,0.0,0.01,0.0,0.0,0,122534.0
14,9,30,0,0,0.0,0.0,1.0,0.0,0.0,0.0,0.0,0,108379.0
22,9,314,287,1,0.0,0.0,1.0,0.0,0.04,0.0,0.0,0,75539.0
11,9,44,68,0,0.0,0.0,1.0,0.0,0.0,0.0,0.0,0,11712.0
51,9,1170,283,1,0.0,0.0,1.0,0.0,0.01,0.0,0.01,0,98671.0
36,5,0,0,0,1.0,1.0,0.01,0.05,0.0,1.0,1.0,1,113086.0
46,5,0,0,0,1.0,1.0,0.13,0.05,0.0,1.0,1.0,1,58847.0
41,9,145,0,0,0.0,0.0,1.0,0.0,0.0,0.0,0.0,0,5745.0
3,5,0,0,0,1.0,1.0,0.03,0.06,0.0,1.0,1.0,1,120551.0
22,9,222,391,1,0.0,0.0,1.0,0.0,0.05,0.02,0.01,0,120226.0
22,9,309,744,1,0.0,0.0,1.0,0.0,0.02,0.0,0.0,0,71206.0
11,9,102,0,0,0.0,0.0,1.0,0.0,0.0,0.0,0.0,0,16292.0
51,9,1445,487,1,0.0,0.0,1.0,0.0,0.01,0.92,0.73,0,99434.0
22,9,239,468,1,0.0,0.0,1.0,0.0,0.0,0.0,0.0,0,123736.0
58,5,0,0,0,1.0,1.0,0.05,0.06,0.0,1.0,1.0,1,87161.0
22,9,140,29859,1,0.0,0.0,1.0,0.0,0.0,0.0,0.0,0,116939.0
46,5,0,0,0,1.0,1.0,0.01,0.05,0.0,1.0,1.0,1,114815.0
46,5,0,0,0,1.0,1.0,0.07,0.06,0.0,1.0,1.0,1,24599.0
22,9,215,330,1,0.0,0.0,1.0,0.0,0.0,0.0,0.0,0,84208.0
14,9,1032,0,0,0.0,0.0,1.0,0.0,0.0,0.0,0.0,0,14306.0
19,9,1556,0,0,0.0,0.0,1.0,0.0,0.0,0.0,0.0,0,15157.0
13,9,8,0,0,0.0,0.0,1.0,0.0,0.26,0.0,0.0,1,33751.0
19,5,0,0,0,1.0,1.0,0.09,0.05,0.0,1.0,1.0,1,121803.0
11,9,46,85,0,0.0,0.0,1.0,0.0,0.0,0.0,0.0,0,74467.0
19,5,0,0,0,0.99,1.0,0.23,0.07,0.0,1.0,1.0,1,57438.0
46,9,100,0,0,0.0,0.0,1.0,0.0,0.0,0.0,0.0,0,84010.0
46,5,0,0,0,1.0,1.0,0.06,0.07,0.0,1.0,1.0,1,66597.0
57,5,0,0,0,1.0,1.0,0.01,0.05,0.0,1.0,1.0,1,62890.0
22,1,0,0,0,0.0,0.0,1.0,0.0,0.08,0.0,0.0,0,42590.0
38,5,0,0,0,1.0,1.0,0.02,0.06,0.0,1.0,1.0,1,29790.0
11,9,44,132,0,0.0,0.0,1.0,0.0,0.0,0.0,0.0,0,85528.0
30,5,0,0,0,1.0,1.0,0.02,0.06,0.0,1.0,1.0,1,6330.0
22,9,214,1718,1,0.0,0.0,1.0,0.0,0.02,0.0,0.0,0,109964.0
46,5,0,0,0,1.0,1.0,0.06,0.07,0.0,1.0,1.0,1,36950.0
64,5,0,0,0,1.0,1.0,0.04,0.07,0.0,1.0,1.0,1,82121.0
22,1,0,0,0,0.0,0.0,1.0,0.0,0.2,0.0,0.0,0,81108.0
51,9,783,401,1,0.0,0.0,1.0,0.0,0.0,0.45,0.0,0,114772.0
46,5,0,0,0,1.0,1.0,0.03,0.06,0.0,1.0,1.0,1,5356.0
10,5,0,0,0,1.0,1.0,0.01,0.07,0.0,1.0,1.0,1,73974.0
11,9,46,46,0,0.0,0.0,1.0,0.01,0.0,0.0,0.0,0,106232.0
22,9,198,999,1,0.0,0.0,1.0,0.0,0.02,0.0,0.01,0,39126.0
13,9,8,0,0,0.0,0.0,1.0,0.0,0.54,0.0,0.0,1,80182.0
22,9,200,2210,1,0.0,0.0,1.0,0.0,0.06,0.0,0.0,0,88429.0
11,9,43,43,0,0.0,0.0,1.0,0.0,0.0,0.0,0.0,0,41377.0
46,5,0,0,0,1.0,1.0,0.07,0.04,0.0,1.0,1.0,1,20540.0
22,9,218,1833,1,0.0,0.0,1.0,0.0,0.02,0.0,0.0,0,101138.0
18,9,1230,2449,1,0.0,0.0,1.0,0.0,0.0,0.0,0.0,0,49830.0
25,5,0,0,0,1.0,1.0,0.07,0.06,0.0,1.0,1.0,1,121217.0
48,5,0,0,0,1.0,1.0,0.01,0.07,0.0,1.0,1.0,1,30204.0
22,9,200,3646,1,0.0,0.0,1.0,0.0,0.03,0.0,0.0,0,118865.0
46,5,0,0,0,1.0,1.0,0.15,0.06,0.0,1.0,1.0,1,18683.0
46,4,0,0,0,0.0,0.0,1.0,0.0,0.0,0.0,0.0,1,60173.0
22,9,359,1960,1,0.0,0.0,1.0,0.0,0.0,0.0,0.0,0,102068.0
41,9,43,0,1,0.0,0.0,1.0,0.0,0.0,0.03,0.0,0,67060.0
11,9,45,45,0,0.0,0.0,1.0,0.0,0.0,0.0,0.0,0,90569.0
15,5,0,0,0,1.0,1.0,0.16,0.05,0.0,1.0,1.0,1,5454.0
11,9,45,45,0,0.0,0.0,1.0,0.0,0.0,0.0,0.0,0,22416.0
46,5,0,0,0,1.0,1.0,0.03,0.07,0.0,1.0,1.0,1,712.0
11,9,46,76,0,0.0,0.0,1.0,0.0,0.0,0.0,0.0,0,83375.0
58,5,0,0,0,1.0,1.0,0.05,0.06,0.0,1.0,1.0,1,47317.0
41,9,516,4,0,0.0,0.0,1.0,0.0,0.0,0.0,0.0,0,54023.0
57,6,574,11913,1,1.0,1.0,1.0,0.0,0.0,0.02,0.11,0,20026.0
11,9,44,71,0,0.0,0.0,1.0,0.0,0.0,0.0,0.0,0,3090.0
22,9,333,342,1,0.0,0.0,1.0,0.0,0.01,0.0,0.0,0,14597.0
18,9,283,907,1,0.0,0.0,1.0,0.0,0.0,0.0,0.0,0,23073.0
22,1,0,0,0,0.0,0.0,0.03,0.06,0.0,0.0,0.0,1,64743.0
17,5,0,0,0,1.0,1.0,0.07,0.06,0.0,1.0,1.0,1,64364.0
46,5,0,0,0,1.0,1.0,0.05,0.07,0.0,1.0,1.0,1,96498.0
22,1,0,0,0,0.0,0.0,1.0,0.0,0.13,0.0,0.0,0,91285.0
22,9,312,321,1,0.0,0.0,1.0,0.0,0.02,0.0,0.0,0,125765.0
22,9,222,480,1,0.0,0.0,1.0,0.0,0.0,0.0,0.0,0,80825.0
11,9,43,71,0,0.0,0.0,1.0,0.0,0.0,0.0,0.0,0,84504.0
10,5,0,0,0,1.0,1.0,0.17,0.06,0.0,1.0,1.0,1,48273.0
17,9,7,136,0,0.0,0.0,1.0,0.0,0.25,0.0,0.0,0,91110.0
19,9,74,0,0,0.0,0.0,1.0,0.0,0.0,0.51,0.0,0,24015.0
34,1,0,0,0,0.0,0.0,0.01,0.07,0.0,0.0,0.0,1,77636.0
46,5,0,0,0,1.0,1.0,0.13,0.06,0.0,1.0,1.0,1,9487.0
22,9,206,294,1,0.0,0.0,1.0,0.0,0.0,0.0,0.0,0,30863.0
46,5,0,0,0,1.0,1.0,0.04,0.06,0.0,1.0,1.0,1,59757.0
11,9,44,44,0,0.0,0.0,1.0,0.0,0.0,0.0,0.0,0,40948.0
3,5,0,0,0,1.0,1.0,0.01,0.07,0.0,1.0,1.0,1,102830.0
18,5,0,0,0,1.0,1.0,0.0,0.06,0.0,1.0,1.0,1,39400.0
51,9,2171,338,1,0.0,0.0,1.0,0.0,0.02,0.0,0.0,0,6883.0
34,5,0,0,0,1.0,1.0,0.05,0.06,0.0,1.0,1.0,1,32370.0
19,9,334,0,1,0.0,0.0,1.0,0.0,0.0,0.0,0.0,0,71587.0
22,9,218,2452,1,0.0,0.0,1.0,0.0,0.0,0.0,0.0,0,89059.0
46,5,0,0,0,1.0,1.0,0.02,0.06,0.0,1.0,1.0,1,89763.0
11,9,45,77,0,0.0,0.0,1.0,0.0,0.0,0.0,0.0,0,26538.0
41,9,147,105,0,0.0,0.0,1.0,0.0,0.0,0.0,0.0,0,71253.0
22,9,238,1096,1,0.0,0.0,1.0,0.0,0.05,0.0,0.0,0,69724.0
22,9,311,7128,1,0.0,0.0,1.0,0.0,0.04,0.0,0.0,0,22252.0
22,9,273,350,1,0.0,0.17,1.0,0.0,0.0,0.0,0.0,0,53466.0
35,5,0,0,0,1.0,1.0,0.09,0.06,0.0,1.0,1.0,1,87501.0
46,5,0,0,0,1.0,1.0,0.01,0.07,0.0,1.0,1.0,1,19024.0
46,5,0,0,0,1.0,1.0,0.04,0.06,0.0,1.0,1.0,1,19745.0
6,5,0,0,0,1.0,1.0,0.16,0.09,0.0,1.0,1.0,1,111353.0
22,9,243,5483,1,0.0,0.2,1.0,0.0,0.1,0.0,0.01,0,66750.0
11,9,45,78,0,0.0,0.0,1.0,0.0,0.0,0.0,0.0,0,19679.0
30,5,0,0,0,1.0,1.0,0.05,0.06,0.0,1.0,1.0,1,8525.0
22,9,183,5877,1,0.0,0.0,1.0,0.0,0.02,0.0,0.0,0,43393.0
22,9,220,1512,1,0.0,0.0,1.0,0.0,0.07,0.0,0.0,0,76458.0
11,9,45,45,0,0.0,0.0,1.0,0.0,0.0,0.0,0.0,0,44255.0
22,9,209,2419,1,0.0,0.0,1.0,0.0,0.04,0.01,0.0,0,85575.0
46,5,0,0,0,1.0,1.0,0.09,0.05,0.0,1.0,1.0,1,93026.0
57,9,297,4344,1,0.0,0.0,1.0,0.0,0.0,0.0,0.0,0,91495.0
38,5,0,0,0,1.0,1.0,0.02,0.06,0.0,1.0,1.0,1,56426.0
17,5,0,0,0,1.0,1.0,0.09,0.05,0.0,1.0,1.0,1,50526.0
22,9,147,8678,1,0.0,0.0,1.0,0.0,0.02,0.0,0.0,0,63410.0
46,9,105,146,0,0.0,0.0,1.0,0.0,0.0,0.0,0.0,0,101117.0
14,9,520,0,0,0.0,0.0,1.0,0.0,0.0,0.0,0.0,0,80517.0
46,4,1,0,0,0.0,0.0,1.0,0.0,0.0,0.0,0.0,1,36319.0
19,9,641,0,1,0.0,0.0,1.0,0.0,0.0,0.0,0.0,0,31790.0
22,9,332,828,1,0.0,0.0,1.0,0.0,0.0,0.0,0.0,0,108688.0
41,9,516,4,0,0.0,0.0,1.0,0.0,0.0,0.0,0.0,0,22024.0
41,4,1,0,0,0.0,0.0,1.0,0.0,0.0,0.0,0.0,1,58910.0
22,9,222,397,1,0.0,0.0,1.0,0.0,0.0,0.01,0.01,0,13266.0
51,9,1133,328,1,0.0,0.0,1.0,0.0,0.03,0.0,0.0,0,11028.0
14,9,1032,0,0,0.0,0.0,1.0,0.0,0.0,0.0,0.0,0,16719.0
22,9,349,12591,1,0.0,0.0,1.0,0.0,0.0,0.0,0.0,0,18860.0
22,1,0,0,0,0.0,0.0,1.0,0.0,0.04,0.0,0.0,0,30453.0
17,4,0,0,0,0.0,0.0,1.0,0.0,0.0,0.0,0.0,1,68606.0
22,9,246,381,1,0.0,0.0,1.0,0.0,0.02,0.0,0.0,0,116459.0
41,9,147,105,0,0.0,0.0,1.0,0.0,0.0,0.0,0.0,0,52898.0
22,9,309,18823,1,0.0,0.0,1.0,0.0,0.03,0.0,0.0,0,105840.0
57,4,39,51,0,0.0,0.0,1.0,0.0,0.0,0.33,0.57,0,81617.0
22,9,287,1276,1,0.0,0.0,1.0,0.0,0.01,0.0,0.0,0,102855.0
22,9,310,1408,1,0.0,0.0,1.0,0.0,0.0,0.0,0.0,0,87369.0
18,2,0,0,0,0.0,0.0,0.03,0.07,0.0,0.0,0.0,1,106458.0
40,9,48,48,0,0.0,0.0,1.0,0.0,0.0,0.0,0.0,0,122450.0
19,9,748,0,1,0.0,0.0,1.0,0.0,0.04,0.0,0.0,0,43769.0
13,9,30,0,0,0.0,0.0,1.0,0.0,0.0,0.0,0.0,0,116631.0
51,9,1156,337,1,0.0,0.0,1.0,0.0,0.01,0.0,0.0,0,76832.0
11,9,44,130,0,0.0,0.0,1.0,0.0,0.0,0.0,0.0,0,66560.0
22,9,281,757,1,0.0,0.0,1.0,0.0,0.02,0.0,0.0,0,12475.0
13,9,8,0,0,0.0,0.0,1.0,0.0,0.5,0.0,0.0,1,59592.0
19,9,334,0,1,0.0,0.0,1.0,0.0,0.08,0.0,0.0,0,8927.0
40,9,48,48,0,0.0,0.0,1.0,0.0,0.0,0.0,0.0,0,93389.0
38,5,0,0,0,1.0,1.0,0.04,0.09,0.0,1.0,1.0,1,74428.0
46,5,0,0,0,1.0,1.0,0.12,0.06,0.0,1.0,1.0,1,83934.0
46,1,0,0,0,0.0,0.0,0.01,0.07,0.0,0.0,0.0,1,51926.0
22,9,310,928,1,0.0,0.0,1.0,0.0,0.06,0.0,0.0,0,29376.0
44,9,52,1066,1,0.0,0.0,1.0,0.0,0.4,0.01,0.0,0,16218.0
41,1,0,0,0,0.05,0.0,0.0,0.96,0.0,0.03,0.0,1,10628.0
13,9,8,0,0,0.0,0.0,1.0,0.0,0.5,0.0,0.0,1,71360.0
51,9,1571,325,1,0.0,0.0,1.0,0.0,0.02,0.0,0.0,0,97176.0
22,9,54540,8314,1,0.0,0.0,1.0,0.0,0.0,0.0,0.0,0,98461.0
22,9,304,2698,1,0.0,0.0,1.0,0.0,0.0,0.0,0.0,0,18419.0
46,1,0,0,0,0.0,0.0,0.09,0.07,0.0,0.0,0.0,1,41630.0
13,9,8,0,0,0.0,0.0,1.0,0.0,0.25,0.0,0.0,1,92479.0
22,9,265,254,1,0.0,0.0,1.0,0.0,0.02,0.0,0.0,0,51235.0
12,5,0,0,0,1.0,1.0,0.14,0.05,0.0,1.0,1.0,1,53004.0
22,9,298,279,1,0.0,0.08,1.0,0.0,0.07,0.0,0.0,0,73184.0
46,9,105,143,0,0.0,0.0,0.25,0.5,0.0,0.0,0.0,0,9834.0
11,9,112,45,0,0.0,0.0,1.0,0.0,0.0,0.0,0.0,0,25475.0
46,4,0,0,0,0.0,0.0,1.0,0.0,0.0,0.0,0.0,1,104615.0
22,9,217,337,1,0.0,0.0,1.0,0.0,0.05,0.0,0.0,0,76759.0
46,5,0,0,0,1.0,1.0,0.11,0.06,0.0,1.0,1.0,1,52483.0
22,9,207,314,1,0.0,0.0,1.0,0.0,0.14,0.0,0.0,0,105915.0
22,9,289,6329,1,0.0,0.0,1.0,0.0,0.0,0.0,0.0,0,37302.0
22,9,317,2313,1,0.0,0.0,1.0,0.0,0.05,0.0,0.0,0,31443.0
22,9,54540,8314,1,0.0,0.0,1.0,0.0,0.0,0.0,0.0,0,66446.0
22,1,0,0,0,0.0,0.0,0.05,0.06,0.0,0.0,0.0,1,118904.0
28,5,0,0,0,1.0,1.0,0.17,0.05,0.0,1.0,1.0,1,123093.0
22,9,317,1927,1,0.0,0.0,1.0,0.0,0.03,0.0,0.0,0,23730.0
51,9,1232,335,1,0.0,0.0,1.0,0.0,0.01,0.0,0.0,0,100476.0
22,9,222,10707,1,0.0,0.0,1.0,0.0,0.0,0.0,0.0,0,4219.0
22,9,223,1761,1,0.0,0.0,1.0,0.0,0.0,0.0,0.0,0,121891.0
22,9,234,11334,1,0.0,0.0,1.0,0.0,0.05,0.0,0.0,0,4600.0
22,5,0,0,0,1.0,1.0,0.37,0.08,0.0,1.0,1.0,1,21857.0
46,5,0,0,0,1.0,1.0,0.01,0.08,0.0,1.0,1.0,1,119315.0
51,9,879,332,1,0.0,0.0,1.0,0.0,0.0,0.0,0.0,0,97348.0
22,9,234,6084,1,0.0,0.0,1.0,0.0,0.0,0.0,0.0,0,69424.0
9,2,0,0,0,0.0,0.0,0.04,0.06,0.0,0.0,0.0,1,115262.0
22,9,214,7407,1,0.0,0.0,1.0,0.0,0.01,0.0,0.0,0,51545.0
22,9,202,277,1,0.0,0.0,1.0,0.0,0.02,0.0,0.0,0,32007.0
13,9,8,0,0,0.0,0.0,1.0,0.0,0.25,0.0,0.0,1,114484.0
22,9,207,770,1,0.0,0.0,1.0,0.0,0.0,0.0,0.0,0,49241.0
22,9,198,776,1,0.0,0.0,1.0,0.0,0.0,0.0,0.0,0,92116.0
22,9,54540,8314,1,0.0,0.0,1.0,0.0,0.0,0.0,0.0,0,118255.0
22,9,233,6329,1,0.0,0.0,1.0,0.0,0.0,0.0,0.0,0,54412.0
11,9,34,0,0,0.0,0.0,1.0,0.0,0.0,0.0,0.0,0,86935.0
11,9,42,46,0,0.0,0.0,1.0,0.0,0.0,0.0,0.0,0,113029.0
22,9,320,484,1,0.0,0.0,1.0,0.0,0.0,0.0,0.0,0,61849.0
22,9,324,4041,1,0.0,0.0,1.0,0.0,0.02,0.0,0.0,0,12345.0
46,5,0,0,0,1.0,1.0,0.01,0.06,0.0,1.0,1.0,1,75228.0
25,5,0,0,0,1.0,1.0,0.06,0.06,0.0,1.0,1.0,1,99748.0
51,9,748,331,1,0.0,0.0,1.0,0.0,0.02,0.0,0.0,0,35284.0
46,5,0,0,0,1.0,1.0,0.05,0.07,0.0,1.0,1.0,1,47043.0
22,9,171,409,1,0.0,0.0,1.0,0.0,0.01,0.03,0.01,0,79991.0
25,1,0,0,0,0.0,0.0,0.13,0.06,0.0,0.0,0.0,1,101607.0
22,9,243,3932,1,0.0,0.0,1.0,0.0,0.03,0.0,0.0,0,108594.0
11,9,43,67,0,0.0,0.0,1.0,0.0,0.0,0.0,0.0,0,76981.0
6,5,0,0,0,1.0,1.0,0.0,0.08,0.0,1.0,1.0,1,50398.0
26,1,0,0,0,0.0,0.0,0.01,0.07,0.0,0.0,0.0,1,32646.0
11,9,43,70,0,0.0,0.0,1.0,0.0,0.0,0.0,0.0,0,84443.0
46,5,0,0,0,1.0,1.0,0.05,0.06,0.0,1.0,1.0,1,48193.0
22,9,293,1840,1,0.0,0.0,1.0,0.0,0.04,0.0,0.0,0,94324.0
22,9,221,998,1,0.17,0.17,1.0,0.0,0.0,0.0,0.0,0,10645.0
11,9,45,45,0,0.0,0.0,1.0,0.0,0.0,0.0,0.0,0,69948.0
32,5,0,0,0,1.0,1.0,0.03,0.06,0.0,1.0,1.0,1,50320.0
22,1,0,0,0,0.0,0.0,1.0,0.0,0.11,0.0,0.0,0,105091.0
46,5,0,0,0,1.0,1.0,0.07,0.07,0.0,1.0,1.0,1,123929.0
51,9,750,338,1,0.0,0.0,1.0,0.0,0.01,0.0,0.0,0,19593.0
32,5,0,0,0,1.0,1.0,0.09,0.07,0.0,1.0,1.0,1,39912.0
41,9,146,105,0,0.0,0.0,0.5,0.5,0.0,0.0,0.0,0,92305.0
55,5,0,0,0,1.0,1.0,0.03,0.06,0.0,1.0,1.0,1,39904.0
56,1,0,0,0,0.0,0.0,0.04,0.07,0.0,0.0,0.0,1,116095.0
51,9,11509,1399,1,0.0,0.0,1.0,0.0,0.01,0.0,0.0,0,90255.0
22,1,0,0,0,0.0,0.0,0.03,0.06,0.0,0.0,0.0,1,74222.0
51,9,679,329,1,0.0,0.0,1.0,0.0,0.01,0.0,0.0,0,55320.0
22,9,314,4085,1,0.0,0.0,1.0,0.0,0.02,0.0,0.0,0,98543.0
22,9,222,2826,1,0.0,0.0,1.0,0.0,0.02,0.0,0.0,0,47383.0
51,9,1101,338,1,0.0,0.0,1.0,0.0,0.0,0.0,0.0,0,20490.0
46,9,1,0,0,0.0,0.0,0.38,0.12,0.0,0.05,0.0,1,57551.0
11,9,42,42,0,0.0,0.0,1.0,0.0,0.0,0.0,0.0,0,17012.0
18,9,232,768,1,0.0,0.0,1.0,0.0,0.0,0.0,0.0,0,90701.0
13,9,8,0,0,0.0,0.0,1.0,0.0,0.52,0.0,0.0,1,29950.0
5,5,0,0,0,1.0,1.0,0.13,0.06,0.0,1.0,1.0,1,79251.0
22,1,0,0,0,0.0,0.0,1.0,0.0,0.38,0.0,0.0,0,42215.0
60,9,123,0,0,0.0,0.0,0.2,0.4,0.0,0.0,0.0,0,34692.0
46,5,0,0,0,1.0,1.0,0.04,0.08,0.0,1.0,1.0,1,45654.0
22,9,295,36055,1,0.25,0.25,1.0,0.0,0.0,0.0,0.0,0,55932.0
22,1,0,0,0,0.0,0.0,1.0,0.0,0.11,0.0,0.0,0,20709.0
14,9,1032,0,0,0.0,0.0,1.0,0.0,0.0,0.0,0.0,0,7772.0
22,9,293,2257,1,0.0,0.0,1.0,0.0,0.03,0.0,0.0,0,117474.0
37,5,0,0,0,1.0,1.0,0.03,0.06,0.0,1.0,1.0,1,84657.0
53,5,0,0,0,1.0,1.0,0.05,0.06,0.0,1.0,1.0,1,110588.0
13,9,8,0,0,0.0,0.0,1.0,0.0,0.5,0.0,0.0,1,8240.0
46,5,0,0,0,1.0,1.0,0.18,0.1,0.0,1.0,1.0,1,106731.0
22,9,200,253,1,0.0,0.0,1.0,0.0,0.01,0.0,0.0,0,14121.0
46,5,0,0,0,1.0,1.0,0.07,0.06,0.0,1.0,1.0,1,22224.0
22,9,282,326,1,0.0,0.0,1.0,0.0,0.0,0.0,0.0,0,92744.0
46,5,0,0,0,1.0,1.0,0.21,0.09,0.0,1.0,1.0,1,90218.0
57,9,104,2124,1,0.0,0.0,1.0,0.0,0.0,0.0,0.0,0,93005.0
57,5,0,0,0,1.0,1.0,0.27,0.06,0.0,1.0,1.0,1,36086.0
46,5,0,0,0,1.0,1.0,0.09,0.09,0.0,1.0,1.0,1,5687.0
51,9,1034,329,1,0.0,0.0,1.0,0.0,0.02,0.0,0.0,0,61572.0
41,9,516,4,0,0.0,0.0,1.0,0.0,0.0,0.0,0.0,0,72088.0
13,9,8,0,0,0.0,0.0,1.0,0.0,0.5,0.0,0.0,1,77038.0
22,9,293,2325,1,0.0,0.0,1.0,0.0,0.01,0.0,0.0,0,2128.0
34,5,0,0,0,1.0,1.0,0.01,0.06,0.0,1.0,1.0,1,29644.0
22,9,233,1380,1,0.0,0.0,1.0,0.0,0.0,0.0,0.0,0,82448.0
11,9,43,130,0,0.0,0.0,1.0,0.01,0.0,0.0,0.0,0,32453.0
38,5,0,0,0,1.0,1.0,0.11,0.06,0.0,1.0,1.0,1,48751.0
17,5,0,0,0,1.0,1.0,0.24,0.1,0.06,0.98,0.91,1,59945.0
52,5,0,0,0,1.0,1.0,0.12,0.05,0.0,1.0,1.0,1,49362.0
11,9,34,0,0,0.0,0.0,1.0,0.0,0.06,0.0,0.0,0,20851.0
22,9,349,16411,1,0.0,0.0,1.0,0.0,0.02,0.0,0.0,0,81513.0
17,5,0,0,0,1.0,1.0,0.05,0.07,0.0,1.0,1.0,1,113358.0
46,9,105,146,0,0.0,0.0,0.14,0.29,0.0,0.0,0.0,0,41503.0
22,9,144,9524,1,0.0,0.0,1.0,0.0,0.04,0.0,0.0,0,64838.0
51,9,1274,390,1,0.0,0.0,1.0,0.0,0.02,0.0,0.02,0,25418.0
9,5,0,0,0,1.0,1.0,0.02,0.07,0.0,1.0,1.0,1,770.0
14,9,1032,0,0,0.0,0.0,1.0,0.0,0.0,0.02,0.0,0,112189.0
19,9,1470,0,1,0.0,0.0,1.0,0.0,0.0,0.71,0.75,0,114473.0
22,9,335,327,1,0.0,0.0,1.0,0.0,0.02,0.0,0.0,0,63163.0
19,9,383,0,1,0.0,0.0,1.0,0.0,0.0,0.01,0.01,0,8391.0
46,5,0,0,0,1.0,1.0,0.05,0.06,0.0,1.0,1.0,1,23760.0
13,9,8,0,0,0.0,0.0,1.0,0.0,0.52,0.0,0.0,1,63120.0
22,1,0,0,0,0.0,0.0,1.0,0.0,0.17,0.0,0.0,0,20404.0
17,5,0,0,0,1.0,1.0,0.07,0.06,0.0,1.0,1.0,1,108228.0
46,5,0,0,0,1.0,1.0,0.04,0.06,0.0,1.0,1.0,1,98920.0
22,9,202,6479,1,0.0,0.0,1.0,0.0,0.0,0.0,0.0,0,46037.0
21,5,0,0,0,1.0,1.0,0.03,0.07,0.0,1.0,1.0,1,61114.0
46,5,0,0,0,1.0,1.0,0.06,0.06,0.0,1.0,1.0,1,120461.0
22,9,198,1204,1,0.0,0.0,1.0,0.0,0.05,0.0,0.0,0,85173.0
19,5,0,0,0,1.0,1.0,0.03,0.06,0.0,1.0,1.0,1,19854.0
46,9,1,0,0,0.0,0.0,0.86,0.29,0.0,0.0,0.0,1,94896.0
13,9,8,0,0,0.0,0.0,1.0,0.0,0.52,0.0,0.0,1,47114.0
46,5,0,0,0,1.0,1.0,0.02,0.07,0.0,1.0,1.0,1,56945.0
22,2,0,0,1,0.0,0.0,1.0,0.0,0.0,0.0,0.0,0,61729.0
22,9,245,846,1,0.0,0.0,1.0,0.0,0.0,0.0,0.0,0,123258.0
51,9,106574,377,1,0.0,0.0,1.0,0.0,0.01,0.0,0.0,0,39142.0
22,1,0,0,0,0.0,0.0,1.0,0.0,0.18,0.0,0.0,0,52731.0
22,9,54540,8314,1,0.0,0.0,1.0,0.0,0.0,0.0,0.0,0,71105.0
46,5,0,0,0,1.0,1.0,0.08,0.06,0.0,1.0,1.0,1,103187.0
22,9,212,2606,1,0.0,0.0,1.0,0.0,0.0,0.0,0.0,0,115030.0
46,4,0,0,0,0.0,0.0,1.0,0.0,0.0,0.0,0.0,1,28309.0
41,9,8325,0,1,0.04,0.0,0.04,0.43,0.0,0.01,0.0,0,92078.0
22,5,0,0,0,0.5,0.4,1.0,0.0,0.02,0.01,0.01,0,20521.0
22,9,325,503,1,0.0,0.0,1.0,0.0,0.02,0.0,0.0,0,2725.0
13,9,8,0,0,0.0,0.0,1.0,0.0,0.55,0.0,0.0,1,39311.0
4,5,0,0,0,1.0,1.0,0.01,0.07,0.0,1.0,1.0,1,81423.0
57,2,126,179,0,0.0,0.0,1.0,0.0,0.0,0.05,0.05,0,18080.0
14,9,1032,0,0,0.0,0.0,1.0,0.0,0.0,0.0,0.0,0,74585.0
46,5,0,0,0,1.0,1.0,0.04,0.05,0.0,1.0,1.0,1,68805.0
41,9,146,105,0,0.0,0.0,1.0,0.0,0.0,0.0,0.0,0,110023.0
22,1,0,0,0,0.0,0.0,0.06,0.06,0.0,0.0,0.0,1,104398.0
56,5,0,0,0,1.0,1.0,0.09,0.05,0.0,1.0,1.0,1,110815.0
27,5,0,0,0,1.0,1.0,0.2,0.06,0.0,1.0,1.0,1,116882.0
51,9,960,328,1,0.0,0.0,1.0,0.0,0.03,0.0,0.0,0,107136.0
46,9,105,147,0,0.0,0.0,0.14,0.29,0.0,0.0,0.0,0,74099.0
19,9,19,0,1,0.0,0.0,1.0,0.0,0.03,0.0,0.0,0,60387.0
46,9,1,0,0,0.0,0.0,0.08,0.1,0.0,0.0,0.0,1,118426.0
22,9,332,25078,1,0.0,0.0,1.0,0.0,0.0,0.03,0.03,0,39759.0
33,5,0,0,0,1.0,1.0,0.05,0.05,0.0,1.0,1.0,1,50735.0
19,9,26408,0,1,0.0,0.0,1.0,0.0,0.0,0.0,0.0,0,13496.0
57,5,0,0,0,1.0,1.0,0.25,0.07,0.0,1.0,1.0,1,59259.0
22,9,303,1540,1,0.0,0.0,1.0,0.0,0.0,0.0,0.0,0,110335.0
22,9,189,296,1,0.0,0.0,1.0,0.0,0.04,0.0,0.0,0,37052.0
46,5,0,0,0,1.0,1.0,0.1,0.06,0.0,1.0,1.0,1,12842.0
49,4,0,0,0,0.0,0.0,1.0,0.0,0.0,0.0,0.0,1,94600.0
25,5,0,0,0,1.0,1.0,0.03,0.06,0.0,1.0,1.0,1,100702.0
51,2,0,0,0,0.0,0.0,0.02,0.07,0.0,0.0,0.0,1,110720.0
11,9,45,114,0,0.0,0.0,1.0,0.0,0.0,0.0,0.0,0,67463.0
39,5,0,0,0,1.0,1.0,0.07,0.06,0.0,1.0,1.0,1,30564.0
46,5,0,0,0,1.0,1.0,0.08,0.06,0.0,1.0,1.0,1,37747.0
46,9,105,147,0,0.0,0.0,0.22,0.22,0.0,0.0,0.0,0,107666.0
26,5,0,0,0,1.0,1.0,0.01,0.07,0.0,1.0,1.0,1,52162.0
22,9,248,801,1,0.0,0.0,1.0,0.0,0.0,0.0,0.0,0,76278.0
57,9,113,4070,1,0.0,0.0,1.0,0.0,0.0,0.0,0.0,0,100767.0
17,5,0,0,0,1.0,1.0,0.54,0.15,0.0,1.0,1.0,1,51085.0
6,1,0,0,0,0.0,0.0,0.08,0.06,0.0,0.0,0.0,1,12385.0
22,9,197,4941,1,0.0,0.0,1.0,0.0,0.02,0.0,0.01,0,58068.0
43,1,0,0,0,0.0,0.0,0.04,0.06,0.0,0.0,0.0,1,84421.0
22,9,322,1938,1,0.0,0.0,1.0,0.0,0.06,0.0,0.0,0,124264.0
51,9,855,332,1,0.0,0.0,1.0,0.0,0.02,0.01,0.01,0,22180.0
22,1,0,0,0,0.0,0.0,1.0,0.0,0.18,0.0,0.0,0,68409.0
22,9,249,933,1,0.0,0.0,1.0,0.0,0.0,0.0,0.0,0,14538.0
27,5,0,0,0,1.0,1.0,0.19,0.07,0.0,1.0,1.0,1,30547.0
22,9,246,255,1,0.0,0.0,1.0,0.0,0.11,0.0,0.0,0,77605.0
19,5,0,0,0,1.0,1.0,0.08,0.05,0.0,1.0,1.0,1,119940.0
13,9,8,0,0,0.0,0.0,1.0,0.0,0.5,0.0,0.0,1,25353.0
41,1,0,0,0,0.07,0.0,0.0,1.0,0.0,0.04,0.0,1,115271.0
46,9,1,0,0,0.0,0.0,0.83,0.11,0.0,0.03,0.0,1,76521.0
33,5,0,0,0,1.0,1.0,0.03,0.06,0.0,1.0,1.0,1,89011.0
64,5,0,0,0,1.0,1.0,0.01,0.06,0.0,1.0,1.0,1,109870.0
46,4,1,0,0,0.0,0.0,1.0,0.0,0.0,0.0,0.0,1,24530.0
13,9,30,0,0,0.0,0.0,0.5,1.0,0.0,0.0,0.0,0,86814.0
34,5,0,0,0,1.0,1.0,0.02,0.07,0.0,1.0,1.0,1,109925.0
46,5,0,0,0,1.0,1.0,0.02,0.07,0.0,1.0,1.0,1,91146.0
11,9,44,130,0,0.0,0.0,1.0,0.0,0.0,0.0,0.0,0,12789.0
22,9,220,294,1,0.0,0.0,1.0,0.0,0.0,0.0,0.0,0,19088.0
46,5,0,0,0,1.0,1.0,0.02,0.06,0.0,1.0,1.0,1,98382.0
22,9,266,5627,1,0.0,0.0,1.0,0.0,0.0,0.0,0.0,0,2344.0
22,9,202,424,1,0.0,0.0,1.0,0.0,0.02,0.0,0.0,0,111965.0
22,9,206,1037,1,0.0,0.0,1.0,0.0,0.02,0.0,0.01,0,14406.0
14,9,30,0,0,0.0,0.0,1.0,0.0,0.0,0.0,0.0,0,18809.0
46,5,0,0,0,1.0,1.0,0.12,0.06,0.0,1.0,1.0,1,48130.0
37,5,0,0,0,1.0,1.0,0.13,0.08,0.0,1.0,1.0,1,94104.0
22,9,239,1423,1,0.0,0.0,1.0,0.0,0.0,0.0,0.0,0,16355.0
46,5,0,0,0,1.0,1.0,0.62,0.23,0.0,1.0,1.0,1,109139.0
22,9,333,185,1,0.0,0.0,1.0,0.0,0.03,0.0,0.0,0,29938.0
22,9,187,1330,1,0.0,0.0,1.0,0.0,0.07,0.0,0.01,0,22862.0
22,9,287,20502,1,0.0,0.0,1.0,0.0,0.02,0.0,0.01,0,23516.0
22,9,179,7137,1,0.0,0.0,1.0,0.0,0.07,0.0,0.0,0,97207.0
51,9,1430,336,1,0.0,0.0,0.5,1.0,0.0,0.0,0.0,0,16829.0
38,5,0,0,0,1.0,1.0,0.12,0.06,0.0,1.0,1.0,1,12568.0
51,9,1056,334,1,0.0,0.0,1.0,0.0,0.02,0.0,0.0,0,24993.0
11,9,32,92,0,0.0,0.0,1.0,0.0,0.01,0.0,0.0,0,55480.0
11,9,44,74,0,0.0,0.0,1.0,0.0,0.0,0.0,0.0,0,122188.0
11,9,42,130,0,0.0,0.0,1.0,0.01,0.0,0.0,0.0,0,30744.0
13,9,18,0,0,0.0,0.0,1.0,0.0,0.25,0.0,0.0,1,118745.0
46,5,0,0,0,1.0,1.0,0.08,0.06,0.0,1.0,1.0,1,12644.0
22,9,343,16123,1,0.0,0.0,1.0,0.0,0.03,0.0,0.0,0,13434.0
22,9,218,310,1,0.0,0.0,1.0,0.0,0.06,0.0,0.0,0,35644.0
22,9,292,1489,1,0.0,0.0,1.0,0.0,0.04,0.0,0.0,0,30654.0
22,9,234,3222,1,0.0,0.0,1.0,0.0,0.0,0.0,0.0,0,104799.0
13,9,18,0,0,0.0,0.0,1.0,0.0,0.26,0.0,0.0,1,105732.0
19,9,59,0,0,0.0,0.0,1.0,0.0,0.0,0.0,0.0,0,88794.0
20,5,0,0,0,1.0,1.0,0.01,0.07,0.0,1.0,1.0,1,122465.0
2,1,0,0,0,0.0,0.0,0.05,0.06,0.0,0.0,0.0,1,64441.0
28,5,0,0,0,1.0,1.0,0.28,0.05,0.0,1.0,1.0,1,67459.0
53,5,0,0,0,1.0,1.0,0.01,0.07,0.0,1.0,1.0,1,2005.0
41,1,0,0,0,0.08,0.0,0.0,1.0,0.0,0.06,0.0,1,11514.0
13,9,8,0,0,0.0,0.0,1.0,0.0,0.5,0.0,0.0,1,25007.0
55,5,0,0,0,1.0,1.0,0.08,0.06,0.0,1.0,1.0,1,11438.0
19,9,491,0,0,0.0,0.0,1.0,0.0,0.0,0.0,0.0,0,79633.0
22,9,230,667,1,0.0,0.0,1.0,0.0,0.0,0.0,0.0,0,61996.0
11,9,129,45,0,0.0,0.0,1.0,0.01,0.0,0.0,0.0,0,10238.0
22,5,0,0,0,0.2,0.17,1.0,0.0,0.0,0.01,0.01,0,56333.0
46,4,1,0,0,0.0,0.0,1.0,0.0,0.0,0.0,0.0,1,118087.0
22,9,328,2701,1,0.25,0.17,1.0,0.0,0.04,0.25,0.0,0,24429.0
46,1,0,0,0,0.0,0.0,0.1,0.07,0.0,0.0,0.0,1,33500.0
22,5,0,0,0,1.0,1.0,0.02,0.05,0.0,1.0,1.0,1,79252.0
22,9,227,2507,1,0.0,0.0,1.0,0.0,0.0,0.0,0.0,0,92427.0
51,9,2305,328,1,0.0,0.0,1.0,0.0,0.02,0.0,0.0,0,61897.0
51,9,1627,332,1,0.0,0.0,1.0,0.0,0.01,0.0,0.0,0,105270.0
22,9,293,595,1,0.0,0.0,1.0,0.0,0.0,0.0,0.0,0,114538.0
11,9,44,145,0,0.0,0.0,1.0,0.0,0.0,0.0,0.0,0,64924.0
19,5,0,0,0,1.0,1.0,0.21,0.11,0.0,1.0,1.0,1,30444.0
14,9,1032,0,0,0.0,0.0,1.0,0.0,0.0,0.29,0.0,0,98272.0
22,9,308,1018,1,0.0,0.0,1.0,0.0,0.01,0.0,0.0,0,23964.0
22,9,243,7783,1,0.0,0.0,1.0,0.0,0.0,0.0,0.0,0,27920.0
51,9,712,330,1,0.0,0.0,1.0,0.0,0.01,0.0,0.0,0,96458.0
22,9,303,2507,1,0.0,0.0,1.0,0.0,0.0,0.0,0.0,0,43145.0
13,9,8,0,0,0.0,0.0,1.0,0.0,0.25,0.0,0.0,1,121447.0
22,9,258,6418,1,0.0,0.0,1.0,0.0,0.0,0.0,0.0,0,122525.0
41,9,516,4,0,0.0,0.0,1.0,0.0,0.0,0.0,0.0,0,92316.0
27,5,0,0,0,1.0,1.0,0.16,0.07,0.0,1.0,1.0,1,63653.0
46,4,0,0,0,0.0,0.0,1.0,0.0,0.0,0.0,0.0,1,1057.0
51,9,598,333,1,0.0,0.0,1.0,0.0,0.01,0.0,0.0,0,33350.0
11,9,45,83,0,0.0,0.0,1.0,0.0,0.0,0.0,0.0,0,22917.0
19,9,1556,0,1,0.0,0.0,1.0,0.0,0.0,0.0,0.01,0,92035.0
24,1,0,0,0,0.0,0.0,0.06,0.09,0.0,0.0,0.0,1,50111.0
11,9,44,44,0,0.0,0.0,1.0,0.0,0.0,0.0,0.0,0,111083.0
6,5,0,0,0,1.0,1.0,0.02,0.05,0.0,1.0,1.0,1,99344.0
22,9,245,336,1,0.0,0.0,1.0,0.0,0.01,0.0,0.0,0,30601.0
11,9,44,70,0,0.0,0.0,1.0,0.0,0.0,0.0,0.0,0,31163.0
61,5,0,0,0,1.0,1.0,0.13,0.06,0.0,1.0,1.0,1,77299.0
22,9,54540,8314,1,0.0,0.0,1.0,0.0,0.0,0.0,0.0,0,115402.0
41,9,146,105,0,0.0,0.0,0.67,0.67,0.0,0.0,0.0,0,22646.0
19,9,1766,0,0,0.0,0.0,1.0,0.0,0.0,0.0,0.0,0,53036.0
46,5,0,0,0,1.0,1.0,0.03,0.07,0.0,1.0,1.0,1,9567.0
22,9,306,1898,1,0.0,0.0,1.0,0.0,0.04,0.0,0.0,0,111605.0
24,1,0,0,0,0.0,0.0,0.11,0.07,0.0,0.0,0.0,1,56700.0
22,9,292,1745,1,0.0,0.0,1.0,0.0,0.02,0.0,0.0,0,86483.0
57,5,0,0,0,1.0,1.0,0.1,0.06,0.0,1.0,1.0,1,105821.0
46,5,0,0,0,1.0,1.0,0.5,0.33,0.0,1.0,1.0,1,67401.0
46,4,1,0,0,0.0,0.0,1.0,0.0,0.0,0.0,0.0,1,83490.0
14,9,30,0,0,0.0,0.0,1.0,0.0,0.0,0.0,0.0,0,76054.0
13,9,8,0,0,0.0,0.0,1.0,0.0,0.51,0.0,0.0,1,36463.0
11,9,45,75,0,0.0,0.0,1.0,0.0,0.0,0.0,0.0,0,24757.0
58,5,0,0,0,1.0,1.0,0.06,0.05,0.0,1.0,1.0,1,76666.0
46,5,0,0,0,1.0,1.0,0.08,0.07,0.0,1.0,1.0,1,125642.0
51,9,922,330,1,0.0,0.0,1.0,0.0,0.01,0.02,0.01,0,44246.0
64,5,0,0,0,1.0,1.0,0.07,0.07,0.0,1.0,1.0,1,4412.0
11,9,44,70,0,0.0,0.0,1.0,0.0,0.0,0.0,0.0,0,109186.0
22,9,200,7139,1,0.0,0.0,1.0,0.0,0.04,0.0,0.0,0,27168.0
11,9,44,129,0,0.0,0.0,1.0,0.0,0.0,0.0,0.0,0,56020.0
22,9,314,2289,1,0.0,0.0,1.0,0.0,0.0,0.0,0.0,0,96391.0
11,9,46,72,0,0.0,0.0,1.0,0.0,0.0,0.0,0.0,0,35787.0
57,5,0,0,0,1.0,1.0,1.0,0.0,0.0,0.95,0.92,1,31477.0
22,9,320,952,1,0.0,0.0,1.0,0.0,0.02,0.0,0.0,0,116466.0
55,1,0,0,0,0.0,0.0,0.11,0.05,0.0,0.0,0.0,1,112931.0
22,9,292,2367,1,0.0,0.0,1.0,0.0,0.06,0.0,0.0,0,7096.0
11,9,45,74,0,0.0,0.0,1.0,0.0,0.0,0.0,0.0,0,74907.0
30,5,0,0,0,1.0,1.0,0.01,0.09,0.0,1.0,1.0,1,85740.0
3,5,0,0,0,1.0,1.0,0.04,0.07,0.0,1.0,1.0,1,117492.0
22,9,266,7782,1,0.0,0.0,1.0,0.0,0.02,0.0,0.0,0,49012.0
13,9,8,0,0,0.0,0.0,1.0,0.0,0.26,0.0,0.0,1,91786.0
46,5,0,0,0,1.0,1.0,0.15,0.05,0.0,1.0,1.0,1,92786.0
11,9,44,133,0,0.0,0.0,1.0,0.01,0.0,0.0,0.0,0,37446.0
22,9,252,2416,1,0.0,0.0,1.0,0.0,0.02,0.0,0.0,0,16656.0
22,9,54540,8314,1,0.0,0.0,1.0,0.0,0.0,0.0,0.0,0,114300.0
22,9,295,1397,1,0.0,0.0,1.0,0.0,0.02,0.0,0.0,0,13175.0
24,5,0,0,0,1.0,1.0,0.02,0.06,0.0,1.0,1.0,1,111589.0
13,9,8,0,0,0.0,0.0,1.0,0.0,0.5,0.0,0.0,1,35919.0
38,5,0,0,0,1.0,1.0,0.03,0.07,0.0,1.0,1.0,1,42848.0
22,9,214,4749,1,0.0,0.0,1.0,0.0,0.02,0.0,0.0,0,99754.0
13,9,8,0,0,0.0,0.0,1.0,0.0,0.51,0.0,0.0,1,65925.0
57,9,158,226,0,0.0,0.0,1.0,0.0,0.0,0.0,0.0,0,69396.0
51,9,813,334,1,0.0,0.0,1.0,0.0,0.0,0.0,0.0,0,82278.0
46,5,0,0,0,1.0,1.0,0.1,0.07,0.0,1.0,1.0,1,125884.0
19,9,35,0,0,0.0,0.0,1.0,0.0,0.22,0.94,0.0,0,67913.0
22,9,223,391,1,0.0,0.0,1.0,0.0,0.05,0.0,0.0,0,25948.0
22,9,243,269,1,0.0,0.0,1.0,0.0,0.0,0.0,0.0,0,42870.0
41,9,516,4,0,0.0,0.0,1.0,0.0,0.0,0.0,0.0,0,38187.0
41,9,146,105,0,0.0,0.0,1.0,0.0,0.0,0.0,0.0,0,48705.0
51,9,861,326,1,0.0,0.0,1.0,0.0,0.02,0.0,0.0,0,1828.0
11,9,42,42,0,0.0,0.0,1.0,0.0,0.0,0.0,0.0,0,19332.0
19,9,151,0,1,0.0,0.0,1.0,0.0,0.04,0.0,0.0,0,38934.0
22,9,305,432,1,0.0,0.0,1.0,0.0,0.1,0.0,0.0,0,67776.0
62,5,0,0,0,1.0,1.0,0.08,0.05,0.0,1.0,1.0,1,109340.0
22,9,306,2507,1,0.0,0.0,1.0,0.0,0.0,0.0,0.0,0,122699.0
22,9,248,1374,1,0.0,0.0,1.0,0.0,0.0,0.0,0.0,0,3383.0
13,9,18,0,0,0.0,0.0,1.0,0.0,1.0,0.0,0.0,1,65147.0
41,9,147,105,0,0.0,0.0,1.0,0.0,0.0,0.0,0.0,0,23744.0
22,9,224,3970,1,0.0,0.0,1.0,0.0,0.03,0.0,0.0,0,15986.0
22,9,317,1322,1,0.0,0.0,1.0,0.0,0.01,0.0,0.0,0,61184.0
17,5,0,0,0,1.0,1.0,1.0,0.0,0.0,1.0,1.0,1,35693.0
19,9,35195,0,0,0.0,0.0,1.0,0.0,0.0,0.0,0.0,0,114677.0
51,9,109,409,1,0.0,0.0,1.0,0.0,0.01,0.0,0.0,0,48568.0
22,9,307,2119,1,0.0,0.0,1.0,0.0,0.04,0.0,0.0,0,66332.0
17,5,0,0,0,1.0,1.0,0.28,0.06,0.0,1.0,1.0,1,56428.0
26,4,0,0,0,0.0,0.0,1.0,0.0,0.0,0.0,0.0,1,93941.0
17,5,0,0,0,1.0,1.0,0.04,0.07,0.0,1.0,1.0,1,108445.0
57,5,0,0,0,1.0,1.0,0.24,0.06,0.0,1.0,1.0,1,123223.0
46,5,0,0,0,1.0,1.0,0.14,0.06,0.0,1.0,1.0,1,116236.0
22,9,331,3185,1,0.0,0.0,1.0,0.0,0.0,0.0,0.0,0,13894.0
51,9,646,333,1,0.0,0.0,1.0,0.0,0.02,0.0,0.0,0,95704.0
41,4,1,0,0,0.0,0.0,1.0,0.0,0.0,0.0,0.0,1,27293.0
13,9,8,0,0,0.0,0.0,1.0,0.0,0.51,0.0,0.0,1,84582.0
57,9,5830,122343,1,0.0,0.0,1.0,0.0,0.0,0.56,0.29,0,7258.0
11,9,45,125,0,0.0,0.0,1.0,0.0,0.0,0.0,0.0,0,14002.0
22,9,356,282,1,0.0,0.0,1.0,0.0,0.0,0.0,0.0,0,14275.0
41,9,146,105,0,0.0,0.0,1.0,0.0,0.0,0.0,0.0,0,118544.0
11,9,44,44,0,0.0,0.0,1.0,0.0,0.0,0.0,0.0,0,51496.0
19,9,192,0,1,0.0,0.0,1.0,0.0,0.0,0.0,0.0,0,40967.0
22,9,243,1479,1,0.0,0.0,1.0,0.0,0.0,0.0,0.0,0,92364.0
11,9,45,129,0,0.0,0.0,1.0,0.0,0.0,0.0,0.0,0,57092.0
18,5,0,0,0,1.0,1.0,0.04,0.06,0.0,1.0,1.0,1,44905.0
19,9,334,0,1,0.0,0.0,1.0,0.0,0.16,0.0,0.0,0,25023.0
3,5,0,0,0,1.0,1.0,0.04,0.05,0.0,1.0,1.0,1,25704.0
22,5,0,0,0,1.0,1.0,0.09,0.05,0.0,1.0,1.0,1,68058.0
46,5,0,0,0,1.0,1.0,0.1,0.06,0.0,1.0,1.0,1,122822.0
22,9,232,550,1,0.0,0.0,1.0,0.0,0.0,0.0,0.0,0,88198.0
46,4,0,0,0,0.0,0.0,1.0,0.0,0.0,0.0,0.0,1,72642.0
46,4,0,0,0,0.0,0.0,1.0,0.0,0.0,0.0,0.0,1,61594.0
51,9,3149,332,1,0.0,0.0,1.0,0.0,0.0,0.0,0.0,0,69384.0
22,9,320,852,1,0.0,0.0,1.0,0.0,0.04,0.0,0.0,0,24997.0
22,9,242,2445,1,0.0,0.0,1.0,0.0,0.0,0.0,0.0,0,63574.0
46,5,0,0,0,1.0,1.0,0.09,0.05,0.0,1.0,1.0,1,49906.0
22,5,0,0,0,1.0,1.0,0.13,0.06,0.0,1.0,1.0,1,85292.0
46,5,0,0,0,1.0,1.0,0.02,0.06,0.0,1.0,1.0,1,56720.0
22,9,229,2135,1,0.0,0.0,1.0,0.0,0.05,0.0,0.0,0,7318.0
22,9,317,6329,1,0.0,0.03,1.0,0.0,0.0,0.0,0.0,0,21804.0
41,9,147,105,0,0.0,0.0,1.0,0.0,0.0,0.0,0.0,0,92173.0
22,9,245,5251,1,0.0,0.0,1.0,0.0,0.02,0.0,0.0,0,111708.0
22,1,0,0,0,0.0,0.0,1.0,0.0,0.16,0.0,0.0,0,12833.0
51,9,1038,334,1,0.0,0.0,1.0,0.0,0.01,0.0,0.0,0,116809.0
57,5,0,0,0,1.0,1.0,0.14,0.09,0.0,1.0,1.0,1,92243.0
11,9,44,81,0,0.0,0.0,1.0,0.0,0.0,0.0,0.0,0,56689.0
41,4,1,0,0,0.0,0.0,1.0,0.0,0.0,0.0,0.0,1,6947.0
22,9,344,4438,1,0.0,0.0,1.0,0.0,0.02,0.0,0.0,0,47596.0
46,5,0,0,0,1.0,1.0,0.08,0.06,0.0,1.0,1.0,1,2454.0
22,9,234,17623,1,0.0,0.0,1.0,0.0,0.0,0.0,0.0,0,34251.0
22,9,246,2005,1,0.0,0.0,1.0,0.0,0.06,0.0,0.0,0,35139.0
51,9,11726,327,1,0.0,0.0,1.0,0.0,0.01,0.0,0.0,0,67226.0
61,5,0,0,0,1.0,1.0,0.11,0.06,0.0,1.0,1.0,1,75076.0
46,1,0,0,0,0.0,0.0,0.06,0.06,0.0,0.0,0.0,1,102642.0
11,9,46,134,0,0.0,0.0,1.0,0.0,0.0,0.0,0.0,0,12165.0
46,5,0,0,0,1.0,1.0,0.03,0.06,0.0,1.0,1.0,1,124441.0
22,9,198,6707,1,0.0,0.05,1.0,0.0,0.02,0.0,0.0,0,64754.0
19,9,373,0,1,0.0,0.0,1.0,0.0,0.04,0.0,0.0,0,113446.0
51,9,1727,331,1,0.0,0.0,1.0,0.0,0.01,0.0,0.01,0,41288.0
51,5,0,0,0,1.0,1.0,0.0,0.06,0.0,1.0,1.0,1,48732.0
22,9,196,260,1,0.0,0.0,1.0,0.0,0.07,0.0,0.01,0,68395.0
19,9,1010,0,0,0.0,0.0,1.0,0.0,0.0,0.0,0.0,0,74318.0
11,9,46,128,0,0.0,0.0,1.0,0.0,0.01,0.0,0.0,0,11009.0
18,5,0,0,0,1.0,1.0,0.23,0.05,0.0,1.0,1.0,1,20930.0
22,9,293,128,1,0.0,0.0,1.0,0.0,0.05,0.0,0.0,0,13160.0
22,1,0,0,0,0.0,0.0,1.0,0.0,0.17,0.0,0.0,0,73662.0
37,5,0,0,0,1.0,1.0,0.08,0.06,0.0,1.0,1.0,1,92773.0
13,9,8,0,0,0.0,0.0,1.0,0.0,0.51,0.0,0.0,1,101557.0
22,9,198,2004,1,0.0,0.0,1.0,0.0,0.04,0.0,0.0,0,4549.0
22,9,54540,8314,1,0.0,0.0,1.0,0.0,0.0,0.01,0.01,0,75737.0
22,9,251,2679,1,0.0,0.0,1.0,0.0,0.0,0.0,0.0,0,110572.0
51,9,1004,481,1,0.0,0.0,1.0,0.0,0.0,0.01,0.0,0,81268.0
22,9,343,3062,1,0.0,0.0,1.0,0.0,0.0,0.0,0.0,0,118004.0
27,5,0,0,0,1.0,1.0,0.17,0.05,0.0,1.0,1.0,1,9521.0
14,9,1032,0,0,0.0,0.0,1.0,0.0,0.0,0.0,0.0,0,24427.0
46,4,0,0,0,0.0,0.0,0.01,0.5,0.0,0.0,0.0,1,63752.0
0,4,1010,6365,1,0.0,0.0,1.0,0.0,0.0,0.12,0.29,0,94727.0
22,9,313,313,1,0.0,0.0,1.0,0.0,0.0,0.0,0.0,0,101844.0
22,9,202,693,1,0.0,0.0,1.0,0.0,0.05,0.0,0.0,0,35141.0
46,4,0,0,0,0.0,0.0,1.0,0.0,0.0,0.0,0.0,1,121673.0
19,9,425,0,0,0.0,0.0,1.0,0.0,0.0,0.0,0.0,0,53224.0
19,5,0,0,0,1.0,1.0,0.08,0.06,0.0,1.0,1.0,1,36868.0
13,9,8,0,0,0.0,0.0,1.0,0.0,0.25,0.0,0.0,1,71779.0
57,5,0,0,0,1.0,1.0,0.23,0.05,0.0,1.0,1.0,1,462.0
22,9,218,928,1,0.0,0.0,1.0,0.0,0.01,0.0,0.0,0,9182.0
48,5,0,0,0,1.0,1.0,0.03,0.06,0.0,1.0,1.0,1,13080.0
57,5,0,0,0,1.0,1.0,0.1,0.06,0.0,1.0,1.0,1,55258.0
41,9,147,105,0,0.0,0.0,1.0,0.0,0.0,0.0,0.0,0,73494.0
46,1,0,0,0,0.0,0.0,0.04,0.06,0.0,0.0,0.0,1,109418.0
46,5,0,0,0,1.0,1.0,0.01,0.09,0.0,1.0,1.0,1,70696.0
46,5,0,0,0,1.0,1.0,0.03,0.06,0.0,1.0,1.0,1,109266.0
51,9,3036,329,1,0.0,0.0,1.0,0.0,0.03,0.0,0.0,0,107756.0
56,1,0,0,0,0.0,0.0,0.01,0.07,0.0,0.0,0.0,1,113216.0
22,9,245,784,1,0.0,0.0,1.0,0.0,0.0,0.0,0.0,0,54117.0
46,1,0,0,0,0.01,0.0,0.01,1.0,0.0,0.0,0.0,1,45411.0
41,9,5,0,0,0.0,0.0,1.0,0.0,0.0,0.0,0.0,1,67334.0
11,9,45,45,0,0.0,0.0,1.0,0.0,0.0,0.0,0.0,0,35412.0
25,5,0,0,0,1.0,1.0,0.04,0.05,0.0,1.0,1.0,1,70098.0
22,9,322,11200,1,0.0,0.04,1.0,0.0,0.0,0.0,0.0,0,125832.0
51,9,999,330,1,0.0,0.0,1.0,0.0,0.01,0.0,0.0,0,88883.0
21,1,0,0,0,0.0,0.0,0.03,0.06,0.0,0.0,0.0,1,7041.0
51,9,2780,336,1,0.0,0.0,1.0,0.0,0.0,0.0,0.0,0,73709.0
19,9,749,0,0,0.0,0.0,1.0,0.0,0.0,0.55,0.0,0,2092.0
22,9,54540,8314,1,0.0,0.0,1.0,0.0,0.0,0.0,0.0,0,42946.0
22,9,258,508,1,0.0,0.0,1.0,0.0,0.01,0.01,0.0,0,103615.0
46,9,28,0,0,0.01,0.0,0.99,0.02,0.0,0.0,0.0,1,105280.0
22,1,0,0,0,0.0,0.0,1.0,0.0,0.16,0.0,0.0,0,91090.0
46,1,0,0,0,0.0,0.0,0.06,0.06,0.0,0.0,0.0,1,52110.0
22,9,262,128,1,0.0,0.0,1.0,0.0,0.01,0.0,0.0,0,35795.0
22,9,229,534,1,0.0,0.0,1.0,0.0,0.01,0.0,0.0,0,79396.0
11,9,46,46,0,0.0,0.0,0.4,0.4,0.0,0.0,0.0,0,106876.0
22,1,0,0,0,0.0,0.0,1.0,0.0,0.15,0.0,0.0,0,121148.0
22,9,313,11759,1,0.0,0.0,1.0,0.0,0.02,0.0,0.0,0,12360.0
22,9,236,16120,1,0.0,0.0,1.0,0.0,0.04,0.0,0.0,0,76522.0
22,9,317,379,1,0.0,0.0,1.0,0.0,0.01,0.0,0.0,0,5284.0
19,9,334,0,1,0.0,0.0,1.0,0.0,0.21,0.0,0.0,0,92959.0
10,1,0,0,0,0.0,0.0,0.07,0.07,0.0,0.0,0.0,1,17305.0
22,9,262,7299,1,0.0,0.0,1.0,0.0,0.02,0.0,0.0,0,70938.0
14,9,1032,0,0,0.0,0.0,1.0,0.0,0.0,0.0,0.0,0,103092.0
38,5,0,0,0,1.0,1.0,0.02,0.08,0.0,1.0,1.0,1,41521.0
11,9,45,102,0,0.0,0.0,1.0,0.0,0.0,0.0,0.0,0,18952.0
37,1,0,0,0,0.0,0.0,0.5,1.0,0.0,0.0,0.0,1,8424.0
22,9,172,1138,1,0.0,0.1,1.0,0.0,0.02,0.0,0.0,0,5889.0
46,5,0,0,0,1.0,1.0,0.07,0.06,0.0,1.0,1.0,1,17764.0
46,1,0,0,0,0.0,0.0,1.0,0.0,1.0,0.0,0.0,1,93411.0
11,9,46,46,0,0.0,0.0,1.0,0.0,0.0,0.0,0.0,0,103009.0
28,5,0,0,0,1.0,1.0,0.06,0.06,0.0,1.0,1.0,1,14396.0
46,1,0,0,0,0.0,0.0,0.06,0.07,0.0,0.0,0.0,1,125002.0
5,5,0,0,0,1.0,1.0,0.4,0.12,0.0,1.0,1.0,1,48630.0
46,9,28,0,0,0.0,0.0,1.0,0.0,0.0,0.01,0.0,1,28943.0
22,9,297,8422,1,0.0,0.0,1.0,0.0,0.0,0.0,0.0,0,17503.0
46,5,0,0,0,1.0,1.0,0.07,0.1,0.0,1.0,1.0,1,38245.0
22,9,285,7755,1,0.0,0.0,1.0,0.0,0.02,0.0,0.0,0,117459.0
46,1,0,0,0,0.0,0.0,0.07,0.06,0.0,0.0,0.0,1,10551.0
38,5,0,0,0,1.0,1.0,0.01,0.07,0.0,1.0,1.0,1,7554.0
11,9,46,114,0,0.0,0.0,1.0,0.0,0.0,0.0,0.0,0,2856.0
41,9,147,105,0,0.0,0.0,1.0,0.0,0.0,0.0,0.0,0,49891.0
22,9,207,553,1,0.0,0.0,1.0,0.0,0.08,0.0,0.08,0,109914.0
51,5,0,0,0,1.0,0.33,1.0,0.0,0.02,0.99,0.48,1,61826.0
56,5,0,0,0,1.0,1.0,0.1,0.06,0.0,1.0,1.0,1,37684.0
19,9,854,0,0,0.0,0.0,1.0,0.0,0.0,0.0,0.0,0,43870.0
5,5,0,0,0,1.0,1.0,0.02,0.06,0.0,1.0,1.0,1,119988.0
22,9,269,7634,1,0.0,0.17,1.0,0.0,0.03,0.0,0.0,0,51499.0
22,9,239,3233,1,0.0,0.0,1.0,0.0,0.0,0.0,0.0,0,59093.0
3,5,0,0,0,1.0,1.0,0.01,0.06,0.0,1.0,1.0,1,106058.0
32,5,0,0,0,1.0,1.0,0.06,0.05,0.0,1.0,1.0,1,77425.0
22,9,210,736,1,0.0,0.0,1.0,0.0,0.03,0.04,0.0,0,51037.0
55,5,0,0,0,1.0,1.0,0.05,0.06,0.0,1.0,1.0,1,42646.0
51,9,919,285,1,0.0,0.0,1.0,0.0,0.01,0.0,0.0,0,42133.0
21,5,0,0,0,1.0,1.0,0.03,0.06,0.0,1.0,1.0,1,49236.0
22,9,251,870,1,0.0,0.0,1.0,0.0,0.0,0.0,0.0,0,3892.0
25,1,0,0,0,0.0,0.0,0.02,0.06,0.0,0.0,0.0,1,98198.0
14,9,520,0,0,0.0,0.0,1.0,0.0,0.0,0.0,0.0,0,84960.0
46,5,0,0,0,1.0,1.0,0.06,0.08,0.0,1.0,1.0,1,87180.0
22,9,191,20165,1,0.0,0.0,1.0,0.0,0.01,0.0,0.0,0,42266.0
33,5,0,0,0,1.0,1.0,0.03,0.06,0.0,1.0,1.0,1,10682.0
22,9,342,753,1,0.0,0.0,1.0,0.0,0.0,0.0,0.0,0,21549.0
6,5,0,0,0,1.0,1.0,0.07,0.06,0.0,1.0,1.0,1,77409.0
22,9,263,279,1,0.0,0.0,1.0,0.0,0.0,0.0,0.0,0,13719.0
14,9,1032,0,0,0.0,0.0,1.0,0.0,0.0,0.31,0.0,0,20055.0
22,9,257,2555,1,0.0,0.0,1.0,0.0,0.0,0.0,0.0,0,3952.0
11,9,36,0,0,0.0,0.0,1.0,0.0,0.04,0.0,0.0,0,2363.0
46,5,0,0,0,1.0,1.0,0.14,0.05,0.0,1.0,1.0,1,52892.0
2,5,0,0,0,1.0,1.0,0.04,0.06,0.0,1.0,1.0,1,110045.0
55,5,0,0,0,1.0,1.0,0.13,0.08,0.0,1.0,1.0,1,25776.0
46,5,0,0,0,1.0,1.0,0.15,0.07,0.0,1.0,1.0,1,12377.0
46,1,0,0,0,0.1,0.0,0.01,1.0,0.0,0.07,0.0,1,27468.0
32,5,0,0,0,1.0,1.0,0.1,0.06,0.0,1.0,1.0,1,74144.0
22,9,303,3761,1,0.0,0.0,1.0,0.0,0.04,0.0,0.0,0,72175.0
51,9,723,336,1,0.0,0.0,1.0,0.0,0.01,0.0,0.0,0,117903.0
46,5,0,0,0,1.0,1.0,0.06,0.05,0.0,1.0,1.0,1,86192.0
10,5,0,0,0,1.0,1.0,0.29,0.43,0.0,1.0,1.0,1,80950.0
3,9,14,37,1,0.0,0.0,1.0,0.0,0.0,0.0,0.0,0,58368.0
38,5,0,0,0,1.0,1.0,0.03,0.06,0.0,1.0,1.0,1,82314.0
46,5,0,0,0,1.0,1.0,0.12,0.07,0.0,1.0,1.0,1,2403.0
34,5,0,0,0,1.0,1.0,0.02,0.06,0.0,1.0,1.0,1,112326.0
53,5,0,0,0,1.0,1.0,0.25,0.05,0.0,1.0,1.0,1,103444.0
11,9,36,0,0,0.0,0.0,1.0,0.0,0.01,0.0,0.0,0,88728.0
19,9,12,0,1,0.0,0.0,1.0,0.0,0.18,0.02,0.0,0,81400.0
61,5,0,0,0,1.0,1.0,0.12,0.06,0.0,1.0,1.0,1,44131.0
22,9,448,549,1,0.0,0.0,1.0,0.0,0.05,0.0,0.0,0,7707.0
41,1,0,0,0,0.08,0.0,0.0,0.95,0.0,0.08,0.0,1,73308.0
17,9,8,223,0,0.0,0.0,1.0,0.0,0.0,0.0,0.0,0,35121.0
13,9,8,0,0,0.0,0.0,1.0,0.0,0.51,0.0,0.0,1,41960.0
19,5,0,0,0,1.0,1.0,0.22,0.44,0.0,1.0,1.0,1,68406.0
19,9,1339,0,1,0.0,0.0,0.67,0.67,0.0,0.0,0.0,0,36334.0
46,1,0,0,0,0.0,0.0,1.0,0.0,1.0,0.0,0.0,1,54057.0
17,2,0,0,0,0.0,0.0,0.07,0.06,0.0,0.0,0.0,1,10372.0
51,9,1041,330,1,0.0,0.0,1.0,0.0,0.0,0.0,0.01,0,53498.0
18,9,1435,4152,1,0.0,0.0,1.0,0.0,0.0,0.0,0.0,0,106176.0
22,9,325,270,1,0.0,0.0,1.0,0.0,0.0,0.0,0.0,0,74183.0
46,5,0,0,0,1.0,1.0,0.06,0.04,0.0,1.0,1.0,1,34413.0
46,4,0,0,0,0.0,0.0,0.06,0.52,0.0,0.01,0.0,1,26080.0
22,9,220,2432,1,0.0,0.0,1.0,0.0,0.04,0.0,0.0,0,10964.0
22,9,271,3200,1,0.0,0.0,1.0,0.0,0.01,0.0,0.0,0,6072.0
3,5,0,0,0,1.0,1.0,0.09,0.05,0.0,1.0,1.0,1,14972.0
16,5,0,0,0,1.0,1.0,0.07,0.06,0.0,1.0,1.0,1,68959.0
22,9,207,19950,1,0.0,0.0,1.0,0.0,0.01,0.0,0.0,0,16386.0
51,9,2276,335,1,0.0,0.0,1.0,0.0,0.01,0.0,0.0,0,23082.0
46,5,0,0,0,1.0,1.0,0.07,0.06,0.0,1.0,1.0,1,69492.0
11,9,45,131,0,0.0,0.0,1.0,0.0,0.0,0.0,0.0,0,16617.0
11,9,46,46,0,0.0,0.0,1.0,0.0,0.0,0.0,0.0,0,29689.0
14,9,30,0,0,0.0,0.0,1.0,0.0,0.0,0.0,0.0,0,66872.0
4,5,0,0,0,1.0,1.0,0.07,0.07,0.0,1.0,1.0,1,81546.0
37,5,0,0,0,1.0,1.0,0.0,0.06,0.0,1.0,1.0,1,32929.0
46,5,0,0,0,1.0,1.0,0.05,0.05,0.0,1.0,1.0,1,45800.0
22,1,0,0,0,0.0,0.0,1.0,0.0,0.17,0.0,0.0,0,67712.0
22,9,290,2808,1,0.0,0.0,1.0,0.0,0.0,0.0,0.0,0,92785.0
51,9,950,330,1,0.0,0.0,1.0,0.0,0.0,0.0,0.0,0,46257.0
13,9,8,0,0,0.0,0.0,1.0,0.0,0.52,0.0,0.0,1,2196.0
19,9,12983,0,1,0.0,0.0,1.0,0.0,0.0,0.0,0.0,0,119506.0
22,9,231,5541,1,0.0,0.0,1.0,0.0,0.04,0.0,0.0,0,78042.0
41,9,3468,0,0,0.05,0.0,0.05,0.75,0.0,0.01,0.0,0,78205.0
46,1,0,0,0,0.0,0.0,0.05,0.06,0.0,0.0,0.0,1,115330.0
46,1,0,0,0,0.0,0.0,0.14,0.05,0.0,0.0,0.0,1,106526.0
22,1,0,0,0,0.0,0.0,1.0,0.0,0.13,0.0,0.0,0,105527.0
22,9,225,1675,1,0.0,0.0,1.0,0.0,0.04,0.0,0.0,0,1805.0
57,9,562,9139,1,0.0,0.0,1.0,0.0,0.0,0.0,0.0,0,77945.0
22,9,233,1532,1,0.0,0.0,1.0,0.0,0.01,0.0,0.0,0,66030.0
22,9,308,897,1,0.0,0.0,1.0,0.0,0.04,0.0,0.0,0,23190.0
22,9,350,11239,1,0.0,0.0,1.0,0.0,0.04,0.0,0.0,0,27010.0
46,9,105,147,0,0.0,0.0,0.2,0.2,0.0,0.0,0.0,0,14675.0
46,10,0,0,0,1.0,1.0,1.0,0.0,0.0,0.97,1.0,1,106395.0
22,9,317,195,1,0.0,0.0,1.0,0.0,0.0,0.0,0.0,0,100893.0
22,9,305,895,1,0.0,0.0,1.0,0.0,0.03,0.0,0.0,0,75441.0
46,9,28,0,0,0.0,0.0,1.0,0.0,0.0,0.01,0.0,1,106978.0
46,5,0,0,0,1.0,1.0,0.07,0.06,0.0,1.0,1.0,1,122308.0
18,9,237,766,1,0.0,0.0,1.0,0.0,0.0,0.0,0.0,0,82710.0
22,9,303,8720,1,0.0,0.0,1.0,0.0,0.0,0.0,0.0,0,34151.0
46,5,0,0,0,1.0,1.0,0.03,0.05,0.0,1.0,1.0,1,6251.0
19,9,12241,0,1,0.0,0.0,1.0,0.0,0.02,0.0,0.0,0,63847.0
22,1,0,0,0,0.0,0.0,1.0,0.0,0.18,0.0,0.0,0,119656.0
14,9,1032,0,0,0.0,0.0,1.0,0.0,0.0,0.0,0.0,0,94155.0
22,9,255,3675,1,0.0,0.0,1.0,0.0,0.06,0.0,0.0,0,29451.0
15,5,0,0,0,1.0,1.0,0.04,0.06,0.0,1.0,1.0,1,84698.0
22,9,279,296,1,0.0,0.0,1.0,0.0,0.04,0.0,0.0,0,9123.0
22,9,208,418,1,0.0,0.0,1.0,0.0,0.03,0.0,0.0,0,71076.0
34,5,0,0,0,1.0,1.0,0.02,0.06,0.0,1.0,1.0,1,105431.0
22,9,289,455,1,0.0,0.0,1.0,0.0,0.04,0.0,0.0,0,63703.0
51,9,848,329,1,0.0,0.0,1.0,0.0,0.01,0.0,0.0,0,16537.0
2,5,0,0,0,1.0,1.0,0.05,0.06,0.0,1.0,1.0,1,47546.0
13,9,64,0,0,0.0,0.0,1.0,0.0,0.0,0.0,0.0,0,20640.0
46,1,0,0,0,0.04,0.0,0.0,1.0,0.0,0.04,0.0,1,72454.0
46,4,0,0,0,0.0,0.0,1.0,0.0,0.0,0.0,0.0,1,64335.0
51,9,2493,388,1,0.0,0.0,1.0,0.0,0.0,0.83,0.0,0,109482.0
13,9,8,0,0,0.0,0.0,1.0,0.0,0.25,0.0,0.0,1,123210.0
61,2,0,0,0,0.0,0.0,0.15,0.06,0.0,0.0,0.0,1,629.0
22,9,413,8801,1,0.0,0.0,1.0,0.0,0.0,0.0,0.0,0,13352.0
22,9,283,1099,1,0.0,0.0,1.0,0.0,0.02,0.0,0.0,0,42262.0
46,1,0,0,0,0.0,0.0,0.33,1.0,0.0,0.0,0.0,1,61162.0
22,9,228,2431,1,0.0,0.0,1.0,0.0,0.06,0.0,0.0,0,44848.0
57,5,0,0,0,0.83,1.0,0.33,0.83,0.0,1.0,1.0,1,36865.0
22,9,54540,8314,1,0.0,0.0,1.0,0.0,0.0,0.0,0.0,0,32889.0
22,9,195,765,1,0.0,0.0,1.0,0.0,0.0,0.0,0.0,0,58828.0
57,5,0,0,0,1.0,1.0,0.18,0.07,0.0,1.0,1.0,1,60593.0
22,9,189,8758,1,0.0,0.0,1.0,0.0,0.0,0.0,0.0,0,95603.0
46,9,1,0,0,0.0,0.0,0.37,0.09,0.0,0.16,0.0,1,91361.0
17,5,0,0,0,1.0,1.0,0.02,0.06,0.0,1.0,1.0,1,7146.0
50,5,0,0,0,1.0,1.0,0.09,0.06,0.0,1.0,1.0,1,66593.0
46,5,0,0,0,1.0,1.0,0.28,0.09,0.0,1.0,1.0,1,95174.0
25,5,0,0,0,1.0,1.0,0.06,0.06,0.0,1.0,1.0,1,13109.0
11,9,35,51,0,0.0,0.0,1.0,0.0,0.0,0.0,0.0,0,36380.0
22,1,0,0,0,0.0,0.0,1.0,0.0,0.19,0.0,0.0,0,123722.0
22,9,320,2874,1,0.0,0.0,1.0,0.0,0.02,0.0,0.0,0,32853.0
19,9,26,0,1,0.0,0.0,1.0,0.0,0.0,0.0,0.0,0,38617.0
14,9,1032,0,0,0.0,0.0,1.0,0.0,0.0,0.0,0.0,0,101035.0
22,9,194,796,1,0.0,0.0,1.0,0.0,0.0,0.0,0.0,0,117296.0
11,9,46,80,0,0.0,0.0,1.0,0.01,0.0,0.0,0.0,0,4889.0
51,9,1289,394,1,0.0,0.0,1.0,0.0,0.0,0.85,0.0,0,95835.0
46,9,1,0,0,0.0,0.0,0.27,0.13,0.0,0.16,0.0,1,101419.0
46,5,0,0,0,1.0,1.0,0.09,0.07,0.0,1.0,1.0,1,20392.0
22,9,333,1408,1,0.0,0.0,1.0,0.0,0.02,0.0,0.0,0,28531.0
17,5,0,0,0,1.0,1.0,0.17,0.08,0.0,1.0,1.0,1,39877.0
57,5,0,0,0,1.0,1.0,0.23,0.09,0.0,1.0,1.0,1,93813.0
46,5,0,0,0,1.0,1.0,0.02,0.07,0.0,1.0,1.0,1,48807.0
22,9,324,1875,1,0.0,0.0,1.0,0.0,0.0,0.0,0.0,0,68245.0
46,5,0,0,0,1.0,1.0,0.03,0.06,0.0,1.0,1.0,1,7706.0
13,9,18,0,0,0.0,0.0,1.0,0.0,1.0,0.0,0.0,1,6715.0
22,9,264,3687,1,0.0,0.0,1.0,0.0,0.07,0.0,0.0,0,113326.0
13,9,8,0,0,0.0,0.0,1.0,0.0,0.26,0.0,0.0,1,105771.0
51,9,1804,332,1,0.0,0.0,1.0,0.0,0.02,0.0,0.0,0,56809.0
25,5,0,0,0,1.0,1.0,0.03,0.07,0.0,1.0,1.0,1,123163.0
46,1,0,0,0,0.06,0.0,0.0,1.0,0.0,0.09,0.0,1,99354.0
30,5,0,0,0,1.0,1.0,0.02,0.06,0.0,1.0,1.0,1,58668.0
31,5,0,0,0,1.0,1.0,0.14,0.04,0.0,1.0,1.0,1,54441.0
13,9,8,0,0,0.0,0.0,1.0,0.0,0.26,0.5,0.0,1,124230.0
46,5,0,0,0,1.0,1.0,0.08,0.07,0.0,1.0,1.0,1,8187.0
2,5,0,0,0,1.0,1.0,0.03,0.06,0.0,1.0,1.0,1,84547.0
22,9,288,2025,1,0.0,0.0,1.0,0.0,0.02,0.0,0.0,0,100749.0
39,5,0,0,0,1.0,1.0,0.47,0.16,0.0,1.0,1.0,1,32093.0
46,9,105,0,0,0.0,0.0,1.0,0.0,0.0,0.0,0.0,0,58445.0
26,5,0,0,0,1.0,1.0,0.09,0.05,0.0,1.0,1.0,1,84795.0
11,9,45,136,0,0.0,0.0,0.99,0.03,0.0,0.0,0.0,0,27350.0
46,5,0,0,0,1.0,1.0,0.12,0.06,0.0,1.0,1.0,1,113701.0
22,9,241,33054,1,0.0,0.0,1.0,0.0,0.0,0.0,0.0,0,15276.0
22,5,0,0,0,1.0,1.0,0.17,0.33,0.0,1.0,1.0,1,103617.0
55,5,0,0,0,1.0,1.0,0.09,0.05,0.0,1.0,1.0,1,35922.0
51,9,1240,326,1,0.0,0.0,1.0,0.0,0.0,0.0,0.0,0,17341.0
22,9,342,568,1,0.0,0.0,1.0,0.0,0.03,0.0,0.0,0,70072.0
19,9,192,0,1,0.0,0.0,1.0,0.0,0.04,0.0,0.0,0,99317.0
22,9,204,2674,1,0.0,0.0,1.0,0.0,0.0,0.0,0.0,0,4348.0
11,9,76,43,0,0.0,0.0,1.0,0.0,0.0,0.0,0.0,0,121997.0
13,9,8,0,0,0.0,0.0,1.0,0.0,0.5,0.0,0.0,1,103863.0
11,9,44,44,0,0.0,0.0,1.0,0.0,0.0,0.0,0.0,0,101889.0
24,5,0,0,0,1.0,1.0,0.13,0.06,0.0,1.0,1.0,1,112907.0
5,5,0,0,0,1.0,1.0,0.1,0.06,0.0,1.0,1.0,1,70678.0
9,5,0,0,0,1.0,1.0,0.06,0.06,0.0,1.0,1.0,1,5781.0
46,5,0,0,0,1.0,1.0,0.15,0.06,0.0,1.0,1.0,1,103337.0
46,5,0,0,0,1.0,1.0,0.2,0.08,0.0,1.0,1.0,1,28921.0
21,1,0,0,0,0.0,0.0,0.05,0.06,0.0,0.0,0.0,1,117264.0
22,9,301,3222,1,0.0,0.0,1.0,0.0,0.0,0.0,0.0,0,11206.0
46,4,0,0,0,0.0,0.0,1.0,0.0,0.0,0.0,0.0,1,78390.0
22,9,312,3222,1,0.0,0.0,1.0,0.0,0.0,0.0,0.0,0,4101.0
41,9,145,105,0,0.0,0.0,1.0,0.0,0.0,0.0,0.0,0,4627.0
51,9,729,333,1,0.0,0.0,1.0,0.0,0.02,0.0,0.0,0,15400.0
46,5,0,0,0,1.0,1.0,0.03,0.07,0.0,1.0,1.0,1,62084.0
14,9,1032,0,0,0.0,0.0,1.0,0.0,0.0,0.0,0.0,0,90800.0
22,9,210,564,1,0.0,0.0,1.0,0.0,0.02,0.0,0.0,0,31575.0
22,9,346,1969,1,0.0,0.0,1.0,0.0,0.0,0.0,0.0,0,122521.0
46,5,0,0,0,1.0,1.0,0.18,0.21,0.0,1.0,1.0,1,40879.0
51,9,12652,1435,1,0.0,0.0,1.0,0.0,0.01,0.0,0.0,0,117601.0
37,5,0,0,0,1.0,1.0,0.03,0.07,0.0,1.0,1.0,1,93947.0
46,5,0,0,0,1.0,1.0,0.04,0.06,0.0,1.0,1.0,1,36933.0
11,9,46,46,0,0.0,0.0,1.0,0.0,0.0,0.0,0.0,0,10593.0
11,9,44,127,0,0.0,0.0,1.0,0.01,0.0,0.0,0.0,0,53855.0
22,9,189,313,1,0.0,0.0,1.0,0.0,0.0,0.0,0.0,0,91147.0
22,9,306,1075,1,0.2,0.2,1.0,0.0,0.0,0.01,0.01,0,63063.0
11,9,46,132,0,0.0,0.0,1.0,0.01,0.0,0.0,0.0,0,110439.0
51,9,2033,333,1,0.0,0.0,1.0,0.0,0.02,0.0,0.0,0,67124.0
22,9,159,347,1,0.0,0.0,1.0,0.0,0.01,0.0,0.0,0,3529.0
46,5,0,0,0,1.0,1.0,0.03,0.06,0.0,1.0,1.0,1,15682.0
46,5,0,0,0,1.0,1.0,0.09,0.06,0.0,1.0,1.0,1,91462.0
13,9,8,0,0,0.0,0.0,1.0,0.0,0.6,0.0,0.0,1,116393.0
19,5,0,0,0,1.0,1.0,0.48,0.09,0.05,1.0,0.29,1,87415.0
38,5,0,0,0,1.0,1.0,0.16,0.08,0.0,1.0,1.0,1,94635.0
22,9,235,406,1,0.0,0.0,1.0,0.0,0.04,0.0,0.0,0,19899.0
18,9,1527,4152,1,0.0,0.0,1.0,0.0,0.0,0.0,0.0,0,95071.0
61,5,0,0,0,1.0,1.0,0.04,0.06,0.0,1.0,1.0,1,33532.0
22,9,255,1414,1,0.0,0.0,1.0,0.0,0.0,0.0,0.0,0,76882.0
22,1,0,0,0,0.0,0.0,1.0,0.0,0.04,0.0,0.01,0,93312.0
14,9,30,0,0,0.0,0.0,1.0,0.0,0.0,0.0,0.0,0,23672.0
51,9,3242,365,1,0.0,0.0,1.0,0.0,0.01,0.0,0.0,0,11104.0
46,5,0,0,0,1.0,1.0,0.08,0.06,0.0,1.0,1.0,1,76019.0
19,9,7422,0,0,0.0,0.0,0.86,0.29,0.05,0.0,0.0,0,31401.0
14,9,1032,0,0,0.0,0.0,1.0,0.0,0.0,0.0,0.0,0,7088.0
22,9,330,12277,1,0.0,0.0,1.0,0.0,0.0,0.0,0.0,0,35539.0
46,1,0,0,0,0.0,0.0,0.38,0.08,0.0,0.0,0.0,1,64027.0
13,9,8,0,0,0.0,0.0,1.0,0.0,0.5,0.0,0.0,1,60656.0
13,9,30,0,0,0.0,0.0,0.5,1.0,0.0,0.0,0.0,0,105245.0
22,9,433,8113,1,0.0,0.0,1.0,0.0,0.0,0.0,0.0,0,49218.0
14,9,1032,0,0,0.0,0.0,1.0,0.0,0.0,0.0,0.0,0,89596.0
22,9,54540,8314,1,0.0,0.0,1.0,0.0,0.0,0.0,0.0,0,53618.0
14,9,1032,0,0,0.0,0.0,1.0,0.0,0.0,0.01,0.0,0,20994.0
22,9,227,7707,1,0.0,0.0,1.0,0.0,0.03,0.0,0.0,0,109445.0
19,9,259,0,0,0.0,0.0,1.0,0.0,0.03,0.0,0.0,0,39906.0
22,9,297,324,1,0.0,0.0,1.0,0.0,0.02,0.0,0.0,0,21063.0
22,9,227,5131,1,0.0,0.0,1.0,0.0,0.05,0.0,0.0,0,11723.0
22,9,195,1947,1,0.0,0.0,1.0,0.0,0.05,0.0,0.0,0,21014.0
14,9,30,0,0,0.0,0.0,1.0,0.0,0.0,0.0,0.0,0,88885.0
11,9,45,45,0,0.0,0.0,1.0,0.0,0.0,0.0,0.0,0,35581.0
41,4,1,0,0,0.0,0.0,1.0,0.0,0.0,0.0,0.0,1,4522.0
41,4,0,0,0,0.0,0.0,1.0,0.0,0.0,0.0,0.0,1,42046.0
11,9,45,45,0,0.0,0.0,1.0,0.0,0.0,0.0,0.0,0,5712.0
22,9,221,10656,1,0.0,0.0,1.0,0.0,0.02,0.0,0.0,0,90753.0
46,1,0,0,0,0.0,0.0,0.04,1.0,0.0,0.0,0.0,1,107351.0
19,5,0,0,0,1.0,1.0,0.24,0.05,0.0,1.0,1.0,1,28918.0
26,1,0,0,0,0.0,0.0,0.01,0.06,0.0,0.0,0.0,1,39210.0
46,4,1,0,0,0.0,0.0,1.0,0.0,0.0,0.0,0.0,1,70275.0
22,9,246,269,1,0.0,0.0,1.0,0.0,0.0,0.0,0.0,0,123755.0
51,9,1015,278,1,0.0,0.0,1.0,0.0,0.03,0.01,0.0,0,79690.0
7,5,0,0,0,1.0,1.0,0.01,0.06,0.0,1.0,1.0,1,101779.0
11,9,45,71,0,0.0,0.0,1.0,0.0,0.0,0.0,0.0,0,74554.0
46,1,0,0,0,0.05,0.0,0.0,1.0,0.0,0.08,0.0,1,27008.0
11,9,44,70,0,0.0,0.0,1.0,0.0,0.0,0.0,0.0,0,106544.0
37,5,0,0,0,1.0,1.0,0.07,0.07,0.0,1.0,1.0,1,8960.0
22,9,200,654,1,0.0,0.0,1.0,0.0,0.03,0.0,0.0,0,84188.0
14,9,520,0,0,0.0,0.0,1.0,0.0,0.0,0.0,0.0,0,34987.0
22,9,306,5690,1,0.0,0.0,1.0,0.0,0.04,0.0,0.0,0,49333.0
15,5,0,0,0,1.0,1.0,0.14,0.06,0.0,1.0,1.0,1,93857.0
11,9,44,44,0,0.0,0.0,1.0,0.0,0.0,0.0,0.0,0,26964.0
46,5,0,0,0,1.0,1.0,0.08,0.06,0.0,1.0,1.0,1,11271.0
28,5,0,0,0,1.0,1.0,0.22,0.07,0.0,1.0,1.0,1,77473.0
22,9,142,20473,1,0.0,0.0,1.0,0.0,0.03,0.0,0.0,0,53733.0
11,9,44,79,0,0.0,0.0,0.99,0.01,0.0,0.0,0.0,0,4842.0
46,5,0,0,0,1.0,1.0,0.2,0.09,0.0,1.0,1.0,1,60740.0
51,9,1119,325,1,0.0,0.0,1.0,0.0,0.0,0.0,0.0,0,107417.0
51,9,670,331,1,0.0,0.0,1.0,0.0,0.06,0.0,0.0,0,6280.0
36,1,0,0,0,0.0,0.0,0.15,0.07,0.0,0.0,0.0,1,31748.0
26,5,0,0,0,1.0,1.0,0.05,0.06,0.0,1.0,1.0,1,34137.0
41,9,146,105,0,0.0,0.0,1.0,0.0,0.0,0.0,0.0,0,102045.0
17,9,10,371,0,0.0,0.0,1.0,0.0,0.2,0.0,0.0,0,103341.0
22,9,337,398,1,0.0,0.0,1.0,0.0,0.0,0.0,0.0,0,68280.0
44,9,92,6380,1,0.0,0.0,1.0,0.0,0.0,0.01,0.5,0,84341.0
22,1,0,0,0,0.0,0.0,1.0,0.0,0.31,0.0,0.0,0,6443.0
57,9,140,2166,1,0.0,0.0,1.0,0.0,1.0,0.0,0.0,0,76640.0
22,9,311,1960,1,0.0,0.0,1.0,0.0,0.0,0.0,0.0,0,70122.0
2,5,0,0,0,1.0,1.0,0.09,0.05,0.0,1.0,1.0,1,88894.0
22,9,246,1791,1,0.0,0.0,1.0,0.0,0.05,0.0,0.0,0,57986.0
11,9,44,44,0,0.0,0.0,1.0,0.0,0.0,0.0,0.0,0,98899.0
22,9,54540,8314,1,0.0,0.0,1.0,0.0,0.0,0.02,0.02,0,49492.0
51,9,1174,329,1,0.0,0.0,1.0,0.0,0.0,0.0,0.0,0,11362.0
22,9,327,434,1,0.0,0.0,1.0,0.0,0.0,0.0,0.0,0,82833.0
22,9,231,676,1,0.0,0.0,1.0,0.0,0.03,0.0,0.0,0,13875.0
62,1,0,0,0,0.0,0.0,0.08,0.07,0.0,0.0,0.0,1,99670.0
57,5,0,0,0,1.0,1.0,0.02,0.05,0.0,1.0,1.0,1,321.0
22,9,363,3370,1,0.0,0.0,1.0,0.0,0.03,0.0,0.0,0,96031.0
41,1,0,0,0,0.21,0.0,0.0,1.0,0.0,0.23,0.0,1,61970.0
22,9,346,5859,1,0.0,0.0,1.0,0.0,0.03,0.0,0.0,0,5531.0
13,9,8,0,0,0.0,0.0,1.0,0.0,0.5,0.0,0.0,1,15593.0
46,5,0,0,0,1.0,1.0,0.03,0.06,0.0,1.0,1.0,1,27812.0
46,9,1,0,0,0.0,0.0,0.12,0.08,0.0,0.0,0.0,1,53378.0
46,1,0,0,0,0.0,0.0,0.08,0.06,0.0,0.0,0.0,1,9085.0
22,9,209,1695,1,0.0,0.0,1.0,0.0,0.0,0.0,0.0,0,45931.0
18,9,247,774,1,0.0,0.0,1.0,0.0,0.0,0.0,0.0,0,106399.0
22,9,294,997,1,0.25,0.25,1.0,0.0,0.0,0.0,0.0,0,2058.0
3,9,10,38,0,0.0,0.0,0.5,1.0,0.0,0.02,0.0,0,34348.0
22,9,219,962,1,0.0,0.0,1.0,0.0,0.05,0.0,0.0,0,75735.0
51,9,1874,401,1,0.0,0.0,1.0,0.0,0.01,0.0,0.0,0,49184.0
46,5,0,0,0,1.0,1.0,0.06,0.06,0.0,1.0,1.0,1,51704.0
46,5,0,0,0,1.0,1.0,0.01,0.08,0.0,1.0,1.0,1,115027.0
11,9,44,134,0,0.0,0.0,1.0,0.0,0.0,0.0,0.0,0,53939.0
46,5,0,0,0,1.0,1.0,0.04,0.06,0.0,1.0,1.0,1,8557.0
22,9,305,11750,1,0.0,0.0,1.0,0.0,0.0,0.0,0.0,0,30039.0
11,9,42,67,0,0.0,0.0,0.99,0.01,0.0,0.0,0.0,0,103692.0
51,9,1416,335,1,0.0,0.0,1.0,0.0,0.02,0.0,0.0,0,26610.0
11,9,42,42,0,0.0,0.0,1.0,0.0,0.0,0.0,0.0,0,91306.0
41,4,1,0,0,0.0,0.0,1.0,0.0,0.0,0.0,0.0,1,107041.0
17,2,0,0,0,0.0,0.0,0.03,0.06,0.0,0.0,0.0,1,119943.0
22,9,212,498,1,0.0,0.0,1.0,0.0,0.04,0.0,0.0,0,47337.0
46,9,28,0,0,0.0,0.0,1.0,0.0,0.0,0.0,0.0,1,83169.0
22,9,187,6267,1,0.0,0.0,1.0,0.0,0.0,0.0,0.0,0,114807.0
52,5,0,0,0,1.0,1.0,0.09,0.06,0.0,1.0,1.0,1,31514.0
17,5,0,0,0,1.0,1.0,0.25,0.08,0.0,1.0,1.0,1,9307.0
11,9,132,45,0,0.0,0.0,1.0,0.01,0.0,0.0,0.0,0,67044.0
41,9,1,0,0,0.0,0.0,0.2,0.6,0.0,0.0,0.0,1,26400.0
51,9,842,334,1,0.0,0.0,1.0,0.0,0.02,0.01,0.01,0,1532.0
22,9,369,840,1,0.0,0.0,1.0,0.0,0.0,0.0,0.0,0,35463.0
46,5,0,0,0,1.0,1.0,0.03,0.06,0.0,1.0,1.0,1,108777.0
18,2,0,0,0,0.0,0.0,0.07,0.06,0.0,0.0,0.0,1,118071.0
6,5,0,0,0,1.0,1.0,0.07,0.05,0.0,1.0,1.0,1,2473.0
22,7,174,0,1,1.0,1.0,1.0,0.0,0.02,0.02,0.0,0,71754.0
22,1,0,0,0,0.0,0.0,1.0,0.0,0.16,0.0,0.0,0,1697.0
46,5,0,0,0,1.0,1.0,0.09,0.06,0.0,1.0,1.0,1,83152.0
19,1,0,0,0,0.0,0.0,0.05,0.06,0.0,0.0,0.0,1,80589.0
19,9,832,0,1,0.0,0.0,1.0,0.0,0.04,0.0,0.02,0,84151.0
11,9,45,78,0,0.0,0.0,0.99,0.02,0.0,0.0,0.0,0,94657.0
46,5,0,0,0,1.0,1.0,0.11,0.05,0.0,1.0,1.0,1,38781.0
27,5,0,0,0,1.0,1.0,0.01,0.06,0.0,1.0,1.0,1,40598.0
19,9,194,0,1,0.0,0.0,1.0,0.0,0.03,0.01,0.01,0,98953.0
46,5,0,0,0,1.0,1.0,0.14,0.06,0.0,1.0,1.0,1,7029.0
22,9,317,1039,1,0.0,0.0,1.0,0.0,0.02,0.0,0.0,0,16194.0
22,5,0,0,0,1.0,1.0,0.01,0.07,0.0,1.0,1.0,1,74878.0
19,9,740,0,0,0.0,0.0,1.0,0.0,0.0,0.0,0.0,0,112225.0
46,10,0,0,0,1.0,1.0,1.0,0.0,0.0,0.92,1.0,1,101656.0
19,9,383,0,1,0.0,0.0,1.0,0.0,0.04,0.0,0.0,0,86767.0
51,9,1179,337,1,0.0,0.0,1.0,0.0,0.01,0.0,0.0,0,94367.0
19,9,172,0,1,0.0,0.0,1.0,0.0,0.0,0.4,0.0,0,3733.0
22,9,229,9257,1,0.0,0.0,1.0,0.0,0.0,0.0,0.0,0,81904.0
46,9,105,147,0,0.0,0.0,1.0,0.0,0.0,0.0,0.0,0,32846.0
46,5,0,0,0,1.0,1.0,0.07,0.07,0.0,1.0,1.0,1,12927.0
46,5,0,0,0,1.0,1.0,0.07,0.07,0.0,1.0,1.0,1,36829.0
11,9,45,134,0,0.0,0.0,1.0,0.0,0.0,0.0,0.0,0,83944.0
22,9,356,2254,1,0.0,0.0,1.0,0.0,0.04,0.0,0.0,0,36438.0
3,1,0,0,0,0.0,0.0,0.01,0.07,0.0,0.0,0.0,1,93113.0
19,9,748,0,0,0.0,0.0,1.0,0.0,0.07,0.0,0.0,0,64104.0
11,9,44,44,0,0.0,0.0,1.0,0.0,0.0,0.0,0.0,0,27222.0
41,1,0,0,0,0.09,0.0,0.0,1.0,0.0,0.11,0.0,1,24506.0
57,9,141,1310,1,0.0,0.0,1.0,0.0,0.0,0.0,0.0,0,21141.0
19,0,0,0,0,0.0,0.0,1.0,0.0,0.02,0.0,0.0,0,64654.0
46,5,0,0,0,1.0,1.0,0.02,0.06,0.0,1.0,1.0,1,5011.0
17,5,0,0,0,1.0,1.0,0.08,0.07,0.0,1.0,1.0,1,30993.0
22,9,282,3868,1,0.0,0.0,1.0,0.0,0.01,0.0,0.0,0,89084.0
46,5,0,0,0,1.0,1.0,0.04,0.07,0.0,1.0,1.0,1,42817.0
22,9,222,3423,1,0.0,0.0,1.0,0.0,0.04,0.01,0.01,0,76851.0
22,9,294,1815,1,0.0,0.0,1.0,0.0,0.06,0.0,0.0,0,42439.0
57,5,0,0,0,1.0,1.0,0.25,0.07,0.0,0.99,0.96,1,923.0
22,9,200,17733,1,0.0,0.0,1.0,0.0,0.0,0.0,0.0,0,79063.0
46,5,0,0,0,1.0,1.0,0.01,0.07,0.0,1.0,1.0,1,48753.0
51,9,766,366,1,0.0,0.0,1.0,0.0,0.0,0.0,0.0,0,26276.0
22,9,208,2531,1,0.0,0.0,1.0,0.0,0.0,0.0,0.0,0,64203.0
11,9,45,125,0,0.0,0.0,1.0,0.0,0.0,0.0,0.0,0,75346.0
22,9,308,5872,1,0.0,0.0,1.0,0.0,0.02,0.0,0.0,0,5464.0
41,9,147,0,0,0.0,0.0,1.0,0.0,0.0,0.0,0.0,0,105102.0
22,9,54540,8314,1,0.0,0.0,1.0,0.0,0.0,0.01,0.01,0,51868.0
46,9,1,0,0,0.0,0.0,0.47,0.1,0.0,0.05,0.0,1,7870.0
51,9,944,330,1,0.0,0.0,1.0,0.0,0.01,0.0,0.0,0,204.0
22,9,257,874,1,0.0,0.0,1.0,0.0,0.01,0.0,0.0,0,71752.0
46,1,0,0,0,0.0,0.0,0.04,0.06,0.0,0.0,0.0,1,109800.0
2,5,0,0,0,1.0,1.0,0.07,0.07,0.0,1.0,1.0,1,20603.0
46,9,1,0,0,0.0,0.0,0.17,0.1,0.0,0.0,0.0,1,78720.0
51,9,1223,330,1,0.0,0.0,1.0,0.0,0.01,0.0,0.0,0,33825.0
22,9,236,331,1,0.0,0.54,1.0,0.0,0.02,0.0,0.0,0,51506.0
22,9,211,306,1,0.25,0.04,1.0,0.0,0.06,0.25,0.0,0,83769.0
21,5,0,0,0,1.0,1.0,0.05,0.06,0.0,1.0,1.0,1,96266.0
41,9,1,0,0,0.0,0.0,0.1,0.5,0.0,0.0,0.0,1,57182.0
51,9,912,332,1,0.0,0.0,0.5,1.0,0.0,0.0,0.0,0,75777.0
19,9,1470,0,1,0.0,0.0,1.0,0.0,0.03,0.0,0.22,0,10630.0
22,1,0,0,0,0.0,0.0,1.0,0.0,0.0,0.0,0.0,0,122564.0
22,9,245,10128,1,0.0,0.0,1.0,0.0,0.01,0.0,0.0,0,93064.0
22,9,214,5790,1,0.0,0.0,1.0,0.0,0.0,0.0,0.0,0,115588.0
17,5,0,0,0,1.0,1.0,0.29,0.1,0.0,1.0,1.0,1,53273.0
11,9,42,42,0,0.0,0.0,1.0,0.0,0.0,0.0,0.0,0,47732.0
22,9,269,16143,1,0.0,0.0,1.0,0.0,0.04,0.0,0.0,0,90822.0
46,9,28,0,0,0.0,0.0,1.0,0.0,0.0,0.09,0.0,1,122902.0
19,9,6932,0,1,0.0,0.0,1.0,0.0,0.03,0.0,0.0,0,109630.0
46,9,1,0,0,0.0,0.0,1.0,0.0,0.0,0.03,0.0,1,88252.0
22,5,0,0,0,0.5,0.4,1.0,0.0,0.03,0.08,0.0,0,11711.0
11,9,43,109,0,0.0,0.0,0.5,1.0,0.01,0.0,0.0,0,4304.0
11,9,45,140,0,0.0,0.0,1.0,0.0,0.0,0.0,0.0,0,18888.0
22,9,241,795,1,0.0,0.0,1.0,0.0,0.0,0.0,0.0,0,7192.0
11,9,44,132,0,0.0,0.0,1.0,0.0,0.0,0.0,0.0,0,44509.0
46,5,0,0,0,1.0,1.0,0.07,0.05,0.0,1.0,1.0,1,98311.0
46,5,0,0,0,1.0,1.0,0.09,0.05,0.0,1.0,1.0,1,25355.0
46,5,0,0,0,1.0,1.0,0.11,0.06,0.0,1.0,1.0,1,94088.0
22,9,327,4024,1,0.0,0.0,1.0,0.0,0.07,0.0,0.0,0,37444.0
27,4,1,0,0,0.0,0.0,1.0,0.0,0.0,0.0,0.0,1,38807.0
22,9,206,11795,1,0.0,0.0,1.0,0.0,0.02,0.0,0.0,0,121331.0
3,9,10,39,0,0.0,0.0,1.0,0.0,0.0,0.0,0.0,0,84716.0
22,9,258,2366,1,0.0,0.0,1.0,0.0,0.01,0.01,0.0,0,33586.0
46,1,0,0,0,0.0,0.0,1.0,0.0,0.0,0.0,0.0,1,26214.0
51,9,2857,330,1,0.0,0.0,1.0,0.0,0.02,0.0,0.0,0,85981.0
46,1,0,0,0,0.0,0.0,0.5,1.0,0.0,0.0,0.0,1,3661.0
41,9,1,0,0,0.0,0.0,0.02,0.21,0.0,0.0,0.0,1,88930.0
22,9,301,1619,1,0.0,0.0,1.0,0.0,0.05,0.0,0.0,0,105329.0
8,5,0,0,0,1.0,1.0,0.01,0.07,0.0,1.0,1.0,1,29452.0
46,5,0,0,0,1.0,1.0,0.24,0.06,0.0,1.0,1.0,1,76842.0
22,5,0,0,0,1.0,1.0,0.02,0.06,0.0,1.0,1.0,1,103873.0
19,9,4763,0,1,0.0,0.0,1.0,0.0,0.0,0.36,0.0,0,123615.0
14,9,1032,0,0,0.0,0.0,1.0,0.0,0.0,0.26,0.0,0,35728.0
11,9,33,95,0,0.0,0.0,1.0,0.0,0.0,0.0,0.0,0,17377.0
22,9,208,589,1,0.0,0.0,1.0,0.0,0.01,0.0,0.01,0,88200.0
11,9,44,129,0,0.0,0.0,0.99,0.01,0.0,0.0,0.0,0,31573.0
46,5,0,0,0,1.0,1.0,0.03,0.06,0.0,1.0,1.0,1,54008.0
22,9,293,1335,1,0.0,0.0,1.0,0.0,0.05,0.0,0.0,0,119984.0
46,5,0,0,0,1.0,1.0,0.07,0.14,0.0,1.0,1.0,1,14649.0
39,5,0,0,0,1.0,1.0,0.04,0.09,0.0,1.0,1.0,1,59193.0
22,9,223,465,1,0.0,0.0,1.0,0.0,0.03,0.0,0.0,0,45875.0
51,9,2032,328,1,0.0,0.0,1.0,0.0,0.0,0.0,0.0,0,104577.0
28,5,0,0,0,1.0,1.0,0.16,0.04,0.0,1.0,1.0,1,39750.0
34,5,0,0,0,1.0,1.0,0.02,0.07,0.0,1.0,1.0,1,27886.0
46,5,0,0,0,1.0,1.0,0.07,0.22,0.0,1.0,1.0,1,76304.0
22,9,309,3048,1,0.0,0.0,1.0,0.0,0.05,0.0,0.01,0,88649.0
14,9,520,0,0,0.0,0.0,1.0,0.0,0.0,0.0,0.0,0,19588.0
22,9,220,2446,1,0.0,0.0,1.0,0.0,0.0,0.0,0.0,0,81244.0
44,5,0,0,0,1.0,1.0,0.02,0.06,0.0,1.0,1.0,1,90542.0
46,5,0,0,0,1.0,1.0,0.01,0.06,0.0,1.0,1.0,1,16329.0
22,9,301,1565,1,0.0,0.0,1.0,0.0,0.03,0.0,0.0,0,12007.0
56,5,0,0,0,1.0,1.0,0.01,0.06,0.0,1.0,1.0,1,108708.0
22,9,207,2429,1,0.0,0.0,1.0,0.0,0.16,0.0,0.0,0,24728.0
22,9,303,1555,1,0.0,0.0,1.0,0.0,0.03,0.0,0.0,0,87016.0
22,9,303,1365,1,0.0,0.0,1.0,0.0,0.04,0.0,0.0,0,61833.0
22,9,233,710,1,0.0,0.0,1.0,0.0,0.02,0.0,0.0,0,4105.0
22,9,199,4729,1,0.0,0.0,1.0,0.0,0.02,0.0,0.0,0,57074.0
22,9,219,5310,1,0.0,0.0,1.0,0.0,0.02,0.0,0.0,0,123119.0
28,5,0,0,0,1.0,1.0,0.13,0.06,0.0,1.0,1.0,1,34489.0
22,9,318,3767,1,0.0,0.0,1.0,0.0,0.03,0.0,0.0,0,8765.0
51,9,646,333,1,0.0,0.0,1.0,0.0,0.0,0.0,0.0,0,117376.0
22,9,187,6731,1,0.0,0.0,1.0,0.0,0.02,0.0,0.0,0,82835.0
57,5,0,0,0,1.0,1.0,0.21,0.07,0.0,1.0,1.0,1,118683.0
51,9,1518,342,1,0.0,0.0,1.0,0.0,0.02,0.0,0.0,0,69568.0
3,5,0,0,0,1.0,1.0,0.01,0.06,0.0,1.0,1.0,1,70244.0
26,5,0,0,0,1.0,1.0,0.06,0.05,0.0,1.0,1.0,1,212.0
19,9,2890,0,1,0.0,0.0,1.0,0.0,0.0,0.0,0.0,0,115345.0
22,9,181,3319,1,0.0,0.0,1.0,0.0,0.04,0.0,0.0,0,117272.0
41,9,147,0,0,0.0,0.0,0.2,0.6,0.0,0.0,0.0,0,57217.0
22,9,325,999,1,0.0,0.0,1.0,0.0,0.05,0.0,0.01,0,45725.0
46,5,0,0,0,1.0,1.0,0.06,0.06,0.0,1.0,1.0,1,104752.0
11,9,44,44,0,0.0,0.0,1.0,0.0,0.0,0.0,0.0,0,71657.0
46,5,0,0,0,1.0,1.0,0.01,0.07,0.0,1.0,1.0,1,29014.0
41,9,146,105,0,0.0,0.0,0.5,0.5,0.0,0.0,0.0,0,24763.0
20,5,0,0,0,1.0,1.0,0.07,0.06,0.0,1.0,1.0,1,80758.0
19,9,854,0,0,0.0,0.0,1.0,0.0,0.03,0.0,0.0,0,74551.0
46,5,0,0,0,1.0,1.0,0.06,0.06,0.0,1.0,1.0,1,57741.0
22,9,228,3420,1,0.0,0.0,1.0,0.0,0.0,0.0,0.0,0,23233.0
22,9,261,2711,1,0.0,0.0,1.0,0.0,0.0,0.0,0.0,0,76127.0
38,1,0,0,0,0.0,0.0,0.01,0.07,0.0,0.0,0.0,1,103354.0
11,9,88,42,0,0.0,0.0,1.0,0.0,0.0,0.0,0.0,0,104310.0
22,9,224,309,1,0.0,0.0,1.0,0.0,0.16,0.0,0.0,0,104078.0
17,5,0,0,0,1.0,1.0,0.28,0.12,0.0,1.0,1.0,1,58373.0
22,9,234,608,1,0.0,0.0,1.0,0.0,0.06,0.0,0.0,0,68621.0
11,9,43,112,0,0.0,0.0,1.0,0.01,0.0,0.0,0.0,0,20386.0
22,9,288,597,1,0.0,0.0,1.0,0.0,0.01,0.0,0.0,0,116376.0
11,9,45,132,0,0.0,0.0,1.0,0.0,0.0,0.0,0.0,0,82150.0
41,9,147,105,0,0.0,0.0,1.0,0.0,0.0,0.0,0.0,0,2306.0
11,9,44,75,0,0.0,0.0,1.0,0.0,0.0,0.0,0.0,0,108291.0
13,9,30,0,0,0.0,0.0,0.33,1.0,0.0,0.0,0.0,0,98279.0
13,9,8,0,0,0.0,0.0,1.0,0.0,0.52,0.0,0.0,1,73794.0
58,5,0,0,0,1.0,1.0,0.07,0.06,0.0,1.0,1.0,1,65335.0
13,9,30,0,0,0.0,0.0,0.12,0.38,0.0,0.0,0.0,0,68427.0
54,5,0,0,0,1.0,1.0,0.04,0.07,0.0,1.0,1.0,1,97570.0
22,9,308,3222,1,0.0,0.0,1.0,0.0,0.0,0.0,0.0,0,20609.0
26,5,0,0,0,1.0,1.0,0.12,0.05,0.0,1.0,1.0,1,30815.0
22,5,0,0,0,1.0,1.0,0.36,0.09,0.0,1.0,1.0,1,102660.0
22,9,196,14123,1,0.0,0.0,1.0,0.0,0.04,0.0,0.0,0,3499.0
22,9,299,475,1,0.0,0.0,1.0,0.0,0.06,0.0,0.0,0,46306.0
32,5,0,0,0,1.0,1.0,0.05,0.08,0.0,1.0,1.0,1,109443.0
22,1,0,0,0,0.0,0.0,1.0,0.0,0.13,0.0,0.0,0,52141.0
22,9,221,9534,1,0.0,0.0,1.0,0.0,0.02,0.0,0.0,0,109309.0
19,9,7233,0,1,0.0,0.0,1.0,0.0,0.04,0.0,0.02,0,93102.0
46,5,0,0,0,1.0,1.0,0.01,0.07,0.0,1.0,1.0,1,55942.0
22,9,240,633,1,0.0,0.0,1.0,0.0,0.03,0.0,0.0,0,123141.0
29,5,0,0,0,1.0,1.0,0.02,0.06,0.0,1.0,1.0,1,67538.0
46,5,0,0,0,1.0,1.0,0.03,0.07,0.0,1.0,1.0,1,53071.0
46,5,0,0,0,1.0,1.0,0.09,0.04,0.0,0.98,1.0,1,114388.0
36,5,0,0,0,1.0,1.0,0.04,0.06,0.0,1.0,1.0,1,12578.0
22,9,207,267,1,0.0,0.0,1.0,0.0,0.0,0.0,0.0,0,39536.0
12,5,0,0,0,1.0,1.0,0.06,0.05,0.0,1.0,1.0,1,97805.0
11,9,44,73,0,0.0,0.0,1.0,0.0,0.0,0.0,0.0,0,87039.0
10,5,0,0,0,1.0,1.0,0.08,0.05,0.0,1.0,1.0,1,26729.0
60,9,78,0,0,0.0,0.0,0.24,0.08,0.0,0.0,0.0,0,110451.0
22,9,301,2507,1,0.0,0.0,1.0,0.0,0.0,0.0,0.0,0,93325.0
57,9,117,11796,1,0.0,0.0,1.0,0.0,0.0,0.0,0.0,0,81239.0
46,4,1,0,0,0.0,0.0,1.0,0.0,0.0,0.0,0.0,1,114591.0
46,5,0,0,0,1.0,1.0,0.03,0.06,0.0,1.0,1.0,1,49627.0
22,9,281,7355,1,0.0,0.0,1.0,0.0,0.0,0.0,0.0,0,123744.0
22,9,347,1699,1,0.0,0.0,1.0,0.0,0.05,0.0,0.0,0,120708.0
22,1,0,0,0,0.0,0.0,1.0,0.0,0.08,0.0,0.0,0,14298.0
22,1,0,0,0,0.0,0.0,1.0,0.0,0.18,0.0,0.01,0,114879.0
22,9,311,27640,1,0.0,0.0,1.0,0.0,0.0,0.0,0.0,0,33330.0
11,9,33,93,0,0.0,0.0,1.0,0.0,0.0,0.0,0.0,0,12523.0
11,9,45,135,0,0.0,0.0,1.0,0.0,0.0,0.0,0.0,0,95289.0
22,9,335,1242,1,0.0,0.0,1.0,0.0,0.02,0.0,0.0,0,51707.0
22,9,210,777,1,0.0,0.0,1.0,0.0,0.0,0.0,0.0,0,19161.0
22,5,0,0,0,1.0,1.0,1.0,0.0,0.0,1.0,1.0,1,2375.0
22,9,224,324,1,0.0,0.0,1.0,0.0,0.01,0.0,0.0,0,116889.0
22,9,226,396,1,0.0,0.0,1.0,0.0,0.0,0.0,0.0,0,97339.0
11,9,45,138,0,0.0,0.0,0.99,0.03,0.0,0.0,0.0,0,46023.0
11,9,46,76,0,0.0,0.0,1.0,0.0,0.0,0.0,0.0,0,16340.0
41,9,147,0,0,0.0,0.0,0.2,0.6,0.0,0.0,0.0,0,40681.0
22,5,0,0,0,1.0,1.0,0.33,0.67,0.0,1.0,1.0,1,108256.0
41,1,0,0,0,0.06,0.0,0.0,1.0,0.0,0.08,0.0,1,118619.0
22,9,225,556,1,0.0,0.0,1.0,0.0,0.04,0.0,0.0,0,106730.0
31,5,0,0,0,1.0,1.0,0.12,0.06,0.0,1.0,1.0,1,89312.0
17,5,0,0,0,1.0,1.0,0.27,0.06,0.0,1.0,1.0,1,92141.0
22,1,0,0,0,0.0,0.0,1.0,0.0,0.08,0.0,0.0,0,74443.0
11,9,43,109,0,0.0,0.0,1.0,0.0,0.0,0.0,0.0,0,54420.0
57,6,82,2374,1,1.0,1.0,1.0,0.0,0.0,0.68,0.2,0,21127.0
5,5,0,0,0,1.0,1.0,0.16,0.05,0.0,1.0,1.0,1,84574.0
22,9,318,947,1,0.0,0.0,1.0,0.0,0.02,0.06,0.01,0,92430.0
64,5,0,0,0,1.0,1.0,0.02,0.08,0.0,1.0,1.0,1,114878.0
57,5,0,0,0,1.0,1.0,0.06,0.06,0.0,1.0,1.0,1,120073.0
32,5,0,0,0,1.0,1.0,0.02,0.05,0.0,1.0,1.0,1,8623.0
46,5,0,0,0,0.04,1.0,0.0,1.0,0.0,0.06,1.0,1,103403.0
25,5,0,0,0,1.0,1.0,0.03,0.06,0.0,1.0,1.0,1,42107.0
46,5,0,0,0,1.0,1.0,0.05,0.05,0.0,0.93,1.0,1,22440.0
46,5,0,0,0,1.0,1.0,0.08,0.05,0.0,1.0,1.0,1,58732.0
7,5,0,0,0,1.0,1.0,0.17,0.05,0.0,1.0,1.0,1,86330.0
46,5,0,0,0,1.0,1.0,0.05,0.06,0.0,1.0,1.0,1,123365.0
29,5,0,0,0,1.0,1.0,0.12,0.08,0.0,1.0,1.0,1,58387.0
15,5,0,0,0,1.0,1.0,0.14,0.06,0.0,1.0,1.0,1,50758.0
19,9,641,0,1,0.0,0.0,1.0,0.0,0.0,0.01,0.02,0,3777.0
46,1,0,0,0,0.0,0.0,0.09,0.07,0.0,0.0,0.0,1,20560.0
22,9,265,1030,1,0.0,0.0,1.0,0.0,0.02,0.0,0.0,0,45054.0
51,9,801,284,1,0.0,0.0,1.0,0.0,0.02,0.0,0.0,0,56862.0
19,9,12,0,1,0.0,0.0,1.0,0.0,0.03,0.0,0.0,0,73488.0
22,9,249,1678,1,0.0,0.0,1.0,0.0,0.0,0.0,0.0,0,31670.0
21,5,0,0,0,1.0,1.0,0.08,0.05,0.0,1.0,1.0,1,82292.0
46,9,1,4,0,0.0,0.0,0.26,0.13,0.0,0.16,0.0,1,42670.0
22,9,171,3609,1,0.0,0.25,1.0,0.0,0.01,0.0,0.0,0,91723.0
41,9,147,105,0,0.0,0.0,1.0,0.0,0.0,0.0,0.0,0,3950.0
22,5,0,0,0,1.0,1.0,0.52,0.08,0.0,1.0,1.0,1,109883.0
34,5,0,0,0,1.0,1.0,0.18,0.05,0.0,1.0,1.0,1,3658.0
46,5,0,0,0,1.0,1.0,0.08,0.05,0.0,1.0,1.0,1,1367.0
13,9,30,0,0,0.0,0.0,1.0,0.0,0.0,0.0,0.0,0,48504.0
46,1,0,0,0,0.08,0.0,0.01,1.0,0.0,0.03,0.0,1,95529.0
14,9,520,0,0,0.0,0.0,1.0,0.0,0.0,0.0,0.0,0,68039.0
16,5,0,0,0,1.0,1.0,0.28,0.07,0.0,1.0,1.0,1,28557.0
22,9,240,289,1,0.0,0.0,1.0,0.0,0.05,0.0,0.0,0,54521.0
22,9,247,21385,1,0.33,0.28,1.0,0.0,0.05,0.07,0.0,0,123081.0
22,9,326,18864,1,0.0,0.0,1.0,0.0,0.0,0.0,0.0,0,45921.0
14,9,1032,0,0,0.0,0.0,1.0,0.0,0.0,0.02,0.0,0,117946.0
60,9,181,0,0,0.0,0.0,0.5,1.0,0.0,0.0,0.0,0,23147.0
22,9,328,382,1,0.0,0.0,1.0,0.0,0.0,0.0,0.0,0,108725.0
51,9,3337,331,1,0.0,0.0,1.0,0.0,0.02,0.0,0.0,0,62139.0
22,9,289,16639,1,0.0,0.0,1.0,0.0,0.04,0.0,0.0,0,17932.0
22,9,233,19796,1,0.0,0.0,1.0,0.0,0.02,0.0,0.01,0,23836.0
13,9,8,0,0,0.0,0.0,1.0,0.0,0.54,0.0,0.0,1,16059.0
51,9,1033,337,1,0.0,0.0,1.0,0.0,0.01,0.0,0.0,0,33639.0
22,9,226,626,1,0.0,0.0,1.0,0.0,0.0,0.0,0.0,0,80326.0
51,9,2073,328,1,0.0,0.0,1.0,0.0,0.01,0.0,0.0,0,124248.0
46,5,0,0,0,1.0,1.0,0.05,0.08,0.0,1.0,1.0,1,58825.0
63,1,0,0,0,0.0,0.0,0.01,0.09,0.0,0.0,0.0,1,52982.0
26,1,0,0,0,0.0,0.0,0.07,0.07,0.0,0.0,0.0,1,26855.0
46,4,1,0,0,0.0,0.0,1.0,0.0,0.0,0.0,0.0,1,119084.0
22,1,0,0,0,0.0,0.0,1.0,0.0,0.0,0.0,0.0,0,11961.0
46,5,0,0,0,1.0,1.0,0.05,0.06,0.0,1.0,1.0,1,13414.0
51,9,1753,485,1,0.0,0.0,1.0,0.0,0.0,0.0,0.0,0,107131.0
22,9,305,3222,1,0.0,0.0,1.0,0.0,0.0,0.0,0.0,0,72082.0
14,9,520,0,0,0.0,0.0,1.0,0.0,0.0,0.0,0.0,0,6736.0
22,9,54540,8314,1,0.0,0.0,1.0,0.0,0.0,0.0,0.0,0,90430.0
22,9,213,1750,1,0.0,0.0,1.0,0.0,0.01,0.0,0.0,0,124155.0
44,9,38,130,1,0.0,0.0,1.0,0.0,0.29,0.0,0.0,0,74018.0
22,9,290,762,1,0.0,0.0,1.0,0.0,0.0,0.0,0.0,0,23383.0
46,5,0,0,0,1.0,1.0,0.3,0.06,0.0,1.0,1.0,1,37866.0
51,9,743,371,1,0.0,0.0,1.0,0.0,0.01,0.0,0.0,0,74030.0
46,5,0,0,0,1.0,1.0,0.08,0.06,0.0,1.0,1.0,1,13121.0
26,5,0,0,0,1.0,1.0,0.16,0.05,0.0,1.0,1.0,1,104871.0
17,2,0,0,0,0.0,0.0,0.01,0.07,0.0,0.0,0.0,1,19063.0
46,1,0,0,0,0.01,0.0,0.01,1.0,0.0,0.0,0.0,1,111728.0
51,9,1093,329,1,0.0,0.0,1.0,0.0,0.0,0.0,0.0,0,95284.0
15,5,0,0,0,1.0,1.0,0.15,0.06,0.0,1.0,1.0,1,44807.0
18,9,694,2077,1,0.0,0.0,1.0,0.0,0.0,0.0,0.0,0,2602.0
19,9,567,0,1,0.0,0.0,1.0,0.0,0.03,0.0,0.0,0,10858.0
19,9,7940,0,1,0.0,0.0,1.0,0.0,0.0,0.49,0.0,0,110333.0
46,5,0,0,0,1.0,1.0,0.01,0.06,0.0,1.0,1.0,1,124128.0
22,5,0,0,0,0.5,0.5,1.0,0.0,0.01,0.01,0.01,0,100343.0
41,9,7940,0,1,0.1,0.0,0.1,0.4,0.0,0.02,0.0,0,115168.0
46,9,28,0,0,0.0,0.0,1.0,0.0,0.0,0.0,0.0,1,29884.0
54,5,0,0,0,1.0,1.0,0.05,0.06,0.0,1.0,1.0,1,110040.0
22,9,196,259,1,0.0,0.0,1.0,0.0,0.0,0.0,0.0,0,60007.0
11,9,45,137,0,0.0,0.0,1.0,0.0,0.0,0.0,0.0,0,122110.0
46,5,0,0,0,1.0,1.0,0.13,0.05,0.0,1.0,1.0,1,715.0
46,5,0,0,0,1.0,1.0,0.03,0.05,0.0,1.0,1.0,1,114383.0
63,1,0,0,0,0.0,0.0,0.09,0.06,0.0,0.0,0.0,1,61180.0
46,5,0,0,0,1.0,1.0,0.13,0.05,0.0,1.0,1.0,1,49007.0
51,9,739,431,1,0.0,0.0,1.0,0.0,0.01,0.02,0.0,0,60080.0
22,9,289,4672,1,0.0,0.0,1.0,0.0,0.02,0.0,0.0,0,114984.0
11,9,43,43,0,0.0,0.0,1.0,0.0,0.0,0.0,0.0,0,90298.0
22,6,289,8760,1,0.05,0.03,1.0,0.0,0.05,0.05,0.0,0,7301.0
41,9,147,105,0,0.0,0.0,0.5,0.5,0.0,0.0,0.0,0,10262.0
46,1,0,0,0,0.0,0.0,0.06,0.06,0.0,0.0,0.0,1,7348.0
22,9,276,1725,1,0.0,0.0,1.0,0.0,0.0,0.0,0.0,0,3063.0
22,5,0,0,0,1.0,0.94,0.52,0.07,0.0,1.0,1.0,1,28897.0
22,9,346,245,1,0.0,0.0,1.0,0.0,0.01,0.0,0.0,0,77678.0
22,1,0,0,0,0.0,0.0,1.0,0.0,0.0,0.0,0.0,0,72479.0
52,5,0,0,0,1.0,1.0,0.03,0.06,0.0,1.0,1.0,1,41265.0
62,1,0,0,0,0.0,0.0,0.07,0.06,0.0,0.0,0.0,1,7743.0
22,1,0,0,0,0.0,0.0,1.0,0.0,0.06,0.0,0.0,0,115825.0
51,9,908,364,1,0.0,0.0,1.0,0.0,0.0,0.0,0.0,0,87498.0
46,4,1,0,0,0.0,0.0,1.0,0.0,0.0,0.0,0.0,1,60041.0
22,9,247,15065,1,0.0,0.0,1.0,0.0,0.0,0.0,0.0,0,112851.0
22,9,223,327,1,0.0,0.0,1.0,0.0,0.04,0.0,0.0,0,116263.0
46,1,0,0,0,0.0,0.0,0.05,0.08,0.0,0.0,0.0,1,89051.0
17,2,0,0,0,0.0,0.0,0.02,0.07,0.0,0.0,0.0,1,110278.0
22,9,214,3233,1,0.0,0.0,1.0,0.0,0.0,0.0,0.0,0,65952.0
22,5,0,0,0,1.0,1.0,0.09,0.05,0.0,1.0,1.0,1,6942.0
51,9,796,331,1,0.0,0.0,1.0,0.0,0.01,0.01,0.0,0,38114.0
22,9,227,1920,1,0.0,0.0,1.0,0.0,0.02,0.0,0.0,0,66727.0
22,9,307,2999,1,0.08,0.08,1.0,0.0,0.03,0.01,0.0,0,101596.0
46,5,0,0,0,1.0,1.0,0.02,0.06,0.0,1.0,1.0,1,103274.0
22,5,0,0,0,0.83,1.0,0.83,0.33,0.0,1.0,1.0,1,34123.0
22,9,328,10613,1,0.0,0.0,1.0,0.0,0.07,0.0,0.0,0,22884.0
14,9,1480,0,0,0.0,0.0,1.0,0.0,0.07,0.0,0.0,0,73972.0
10,5,0,0,0,1.0,1.0,0.03,0.06,0.0,1.0,1.0,1,105858.0
46,1,0,0,0,0.06,0.0,0.0,1.0,0.0,0.08,0.0,1,52868.0
22,9,222,1558,1,0.0,0.0,1.0,0.0,0.05,0.0,0.0,0,104495.0
22,9,157,15174,1,0.0,0.0,1.0,0.0,0.02,0.0,0.01,0,99394.0
19,5,0,0,0,1.0,1.0,0.29,0.29,0.0,1.0,1.0,1,33071.0
22,9,210,1759,1,0.0,0.0,1.0,0.0,0.04,0.0,0.0,0,15633.0
57,5,0,0,0,1.0,1.0,0.26,0.17,0.0,1.0,1.0,1,2342.0
11,9,45,72,0,0.0,0.0,1.0,0.0,0.0,0.0,0.0,0,122531.0
19,9,259,0,1,0.0,0.0,1.0,0.0,0.12,0.0,0.0,0,101480.0
46,5,0,0,0,1.0,1.0,0.07,0.07,0.0,1.0,1.0,1,66122.0
11,9,44,84,0,0.0,0.0,1.0,0.01,0.0,0.0,0.0,0,13483.0
22,9,229,1266,1,0.0,0.0,1.0,0.0,0.02,0.0,0.0,0,83305.0
22,9,228,13210,1,0.0,0.0,1.0,0.0,0.0,0.0,0.0,0,115081.0
41,9,516,4,0,0.0,0.0,1.0,0.0,0.0,0.0,0.0,0,37395.0
22,9,181,5721,1,0.0,0.0,1.0,0.0,0.0,0.0,0.0,0,71766.0
22,9,280,3332,1,0.0,0.0,1.0,0.0,0.07,0.0,0.0,0,539.0
4,5,0,0,0,1.0,1.0,0.07,0.05,0.0,0.99,1.0,1,44451.0
46,5,0,0,0,1.0,1.0,0.08,0.17,0.0,1.0,1.0,1,29365.0
19,9,832,0,1,0.0,0.0,1.0,0.0,0.0,0.02,0.02,0,29570.0
19,1,0,0,0,0.07,0.0,0.03,0.97,0.0,0.08,0.0,1,110216.0
22,9,298,1422,1,0.0,0.0,1.0,0.0,0.0,0.0,0.0,0,10146.0
22,9,291,17637,1,0.0,0.0,1.0,0.0,0.03,0.0,0.0,0,36677.0
36,5,0,0,0,1.0,1.0,0.0,0.06,0.0,1.0,1.0,1,88484.0
19,9,7940,0,0,0.0,0.0,1.0,0.0,0.0,0.47,0.0,0,18357.0
57,5,0,0,0,1.0,1.0,0.2,0.11,0.07,0.98,0.9,1,67852.0
9,5,0,0,0,1.0,1.0,0.07,0.06,0.0,1.0,1.0,1,122600.0
41,9,145,105,0,0.0,0.0,1.0,0.0,0.0,0.0,0.0,0,118070.0
22,9,232,1380,1,0.0,0.0,1.0,0.0,0.0,0.0,0.0,0,10853.0
22,9,319,2365,1,0.0,0.0,1.0,0.0,0.02,0.0,0.0,0,115038.0
41,9,516,4,0,0.0,0.0,1.0,0.0,0.0,0.0,0.0,0,82041.0
19,9,11376,0,1,0.0,0.0,1.0,0.0,0.0,0.01,0.03,0,11486.0
51,9,942,374,1,0.0,0.0,1.0,0.0,0.02,0.0,0.0,0,12284.0
22,9,298,518,1,0.0,0.0,1.0,0.0,0.02,0.02,0.01,0,66811.0
41,9,147,0,0,0.0,0.0,0.33,0.67,0.0,0.0,0.0,0,83896.0
22,9,241,255,1,0.0,0.0,1.0,0.0,0.05,0.0,0.0,0,108341.0
22,9,160,44023,1,0.0,0.0,1.0,0.0,0.0,0.0,0.0,0,55992.0
46,5,0,0,0,1.0,1.0,0.08,0.05,0.0,0.99,1.0,1,1621.0
22,9,188,12446,1,0.0,0.0,1.0,0.0,0.04,0.0,0.0,0,115180.0
22,9,254,26928,1,0.0,0.0,1.0,0.0,0.0,0.0,0.0,0,58203.0
22,9,325,644,1,0.0,0.0,1.0,0.0,0.02,0.0,0.0,0,7138.0
13,9,8,0,0,0.0,0.0,1.0,0.0,0.25,0.0,0.0,1,77073.0
46,1,0,0,0,0.09,0.0,0.0,1.0,0.0,0.07,0.0,1,1645.0
4,1,0,0,0,0.0,0.0,0.02,0.08,0.0,0.0,0.0,1,41758.0
39,5,0,0,0,1.0,1.0,0.06,0.07,0.0,1.0,1.0,1,373.0
22,9,299,11783,1,0.0,0.0,1.0,0.0,0.01,0.0,0.0,0,11827.0
22,1,0,0,0,0.0,0.0,1.0,0.0,0.18,0.0,0.0,0,19578.0
51,9,1175,332,1,0.0,0.0,1.0,0.0,0.01,0.0,0.0,0,16854.0
22,1,0,0,0,0.0,0.0,1.0,0.0,0.23,0.0,0.0,0,29805.0
18,9,1524,4152,1,0.0,0.0,1.0,0.0,0.0,0.0,0.0,0,113677.0
22,9,316,274,1,0.0,0.0,1.0,0.0,0.0,0.0,0.0,0,30650.0
11,9,43,43,0,0.0,0.0,1.0,0.0,0.0,0.0,0.0,0,99685.0
41,9,516,4,0,0.0,0.0,1.0,0.0,0.0,0.0,0.0,0,102561.0
51,9,914,329,1,0.0,0.0,1.0,0.0,0.0,0.0,0.0,0,93852.0
46,5,0,0,0,1.0,1.0,0.02,0.07,0.0,1.0,1.0,1,27946.0
11,9,43,126,0,0.0,0.0,1.0,0.0,0.0,0.0,0.0,0,25724.0
46,5,0,0,0,1.0,1.0,0.09,0.06,0.0,1.0,1.0,1,49896.0
22,9,306,1075,1,0.0,0.0,1.0,0.0,0.0,0.0,0.0,0,49937.0
57,5,0,0,0,1.0,1.0,0.05,0.06,0.0,1.0,1.0,1,38834.0
11,9,44,132,0,0.0,0.0,1.0,0.0,0.0,0.0,0.0,0,13728.0
46,1,0,0,0,0.0,0.0,1.0,0.0,1.0,0.0,0.0,1,10994.0
22,9,216,1074,1,0.0,0.0,1.0,0.0,0.03,0.0,0.0,0,94120.0
22,9,342,9284,1,0.0,0.0,1.0,0.0,0.03,0.01,0.0,0,67419.0
13,9,18,0,0,0.0,0.0,1.0,0.0,0.25,0.0,0.0,1,50700.0
22,9,294,2750,1,0.0,0.0,1.0,0.0,0.04,0.0,0.01,0,36807.0
41,9,145,105,0,0.0,0.0,1.0,0.0,0.0,0.0,0.0,0,42119.0
38,5,0,0,0,1.0,1.0,0.12,0.05,0.0,1.0,1.0,1,92487.0
22,1,0,0,0,0.0,0.0,1.0,0.0,0.21,0.0,0.0,0,116921.0
22,9,217,6297,1,0.0,0.0,1.0,0.0,0.02,0.0,0.0,0,39527.0
46,5,0,0,0,1.0,1.0,0.23,0.09,0.0,1.0,1.0,1,56329.0
22,9,217,1856,1,0.0,0.0,1.0,0.0,0.0,0.0,0.0,0,42051.0
19,9,1030,0,1,0.0,0.0,1.0,0.0,0.0,0.0,0.0,0,62132.0
41,1,0,0,0,0.14,0.0,0.0,1.0,0.0,0.21,0.0,1,95543.0
22,9,348,716,1,0.0,0.0,1.0,0.0,0.0,0.0,0.0,0,77572.0
14,9,520,0,0,0.0,0.0,1.0,0.0,0.0,0.0,0.0,0,83205.0
22,9,323,1028,1,0.0,0.0,1.0,0.0,0.0,0.0,0.0,0,84775.0
22,9,309,909,1,0.0,0.0,1.0,0.0,0.02,0.0,0.0,0,67014.0
51,9,126,237,1,0.0,0.0,1.0,0.0,0.02,0.0,0.0,0,11273.0
46,5,0,0,0,1.0,1.0,0.11,0.06,0.0,1.0,1.0,1,125213.0
22,9,248,1270,1,0.0,0.0,1.0,0.0,0.0,0.0,0.0,0,44854.0
22,9,290,1268,1,0.0,0.0,1.0,0.0,0.02,0.0,0.0,0,64512.0
19,9,12241,0,0,0.0,0.0,1.0,0.0,0.04,0.0,0.0,0,100967.0
22,9,212,313,1,0.0,0.0,1.0,0.0,0.0,0.0,0.0,0,11765.0
46,1,0,0,0,0.06,0.0,0.0,1.0,0.0,0.05,0.0,1,108636.0
22,9,228,2524,1,0.0,0.0,1.0,0.0,0.0,0.0,0.0,0,51402.0
22,9,176,460,1,0.0,0.0,1.0,0.0,0.01,0.0,0.0,0,12952.0
46,9,28,0,0,0.0,0.0,1.0,0.0,0.0,0.0,0.0,1,41725.0
22,9,151,8719,1,0.0,0.0,1.0,0.0,0.02,0.0,0.0,0,69126.0
57,5,0,0,0,0.95,1.0,0.32,0.18,0.0,1.0,1.0,1,92539.0
22,9,211,339,1,0.0,0.0,1.0,0.0,0.0,0.01,0.01,0,22357.0
13,9,8,0,0,0.0,0.0,1.0,0.0,0.27,0.0,0.0,1,87625.0
21,1,0,0,0,0.0,0.0,0.05,0.06,0.0,0.0,0.0,1,74708.0
11,9,42,42,0,0.0,0.0,1.0,0.0,0.0,0.0,0.0,0,85729.0
46,5,0,0,0,1.0,1.0,0.02,0.06,0.0,1.0,1.0,1,65954.0
22,9,215,22675,1,0.0,0.0,1.0,0.0,0.04,0.0,0.0,0,121925.0
11,9,45,150,0,0.0,0.0,1.0,0.0,0.0,0.0,0.0,0,78674.0
19,9,59,0,1,0.0,0.0,1.0,0.0,0.02,0.0,0.0,0,54399.0
22,5,0,0,0,1.0,1.0,0.24,0.08,0.0,1.0,1.0,1,63852.0
46,5,0,0,0,1.0,1.0,0.11,0.05,0.0,1.0,1.0,1,111709.0
46,5,0,0,0,1.0,1.0,0.0,0.07,0.0,1.0,1.0,1,44975.0
22,9,216,1484,1,0.0,0.0,1.0,0.0,0.0,0.0,0.0,0,24734.0
22,9,231,2350,1,0.0,0.0,1.0,0.0,0.03,0.0,0.0,0,54590.0
22,1,0,0,0,0.0,0.0,1.0,0.0,0.15,0.0,0.0,0,27588.0
11,9,33,93,0,0.0,0.0,1.0,0.0,0.01,0.0,0.0,0,53095.0
19,9,1692,0,1,0.0,0.0,1.0,0.0,0.0,0.93,0.88,0,27166.0
11,9,44,44,0,0.0,0.0,1.0,0.0,0.0,0.0,0.0,0,10129.0
41,9,113,0,0,0.0,0.0,0.9,0.2,0.0,0.0,0.0,0,77827.0
22,9,208,1069,1,0.0,0.0,1.0,0.0,0.05,0.0,0.0,0,48213.0
11,9,46,122,0,0.0,0.0,0.99,0.02,0.0,0.0,0.0,0,24701.0
25,5,0,0,0,1.0,1.0,0.19,0.05,0.0,1.0,1.0,1,115514.0
2,5,0,0,0,1.0,1.0,0.03,0.06,0.0,1.0,1.0,1,14559.0
22,9,244,457,1,0.0,0.0,1.0,0.0,0.01,0.0,0.0,0,52838.0
49,5,0,0,0,1.0,1.0,0.4,0.8,0.0,1.0,1.0,1,89489.0
22,9,221,321,1,0.0,0.0,1.0,0.0,0.0,0.0,0.0,0,48049.0
46,1,0,0,0,0.0,0.0,1.0,0.0,0.0,0.0,0.0,1,42567.0
19,9,567,0,0,0.0,0.0,1.0,0.0,0.0,0.0,0.0,0,114931.0
22,9,343,5856,1,0.0,0.0,1.0,0.0,0.01,0.0,0.0,0,79004.0
46,5,0,0,0,1.0,1.0,0.11,0.05,0.0,1.0,1.0,1,103731.0
19,9,641,0,1,0.0,0.0,1.0,0.0,0.03,0.0,0.0,0,108450.0
22,9,190,8654,1,0.0,0.0,1.0,0.0,0.05,0.01,0.0,0,664.0
22,9,284,500,1,0.0,0.0,1.0,0.0,0.0,0.0,0.0,0,12773.0
46,5,0,0,0,1.0,1.0,0.03,0.06,0.0,1.0,1.0,1,45763.0
22,9,296,1295,1,0.0,0.0,1.0,0.0,0.01,0.01,0.01,0,18215.0
2,1,0,0,0,0.0,0.0,0.06,0.06,0.0,0.0,0.0,1,121827.0
26,5,0,0,0,1.0,1.0,0.01,0.05,0.0,1.0,1.0,1,41162.0
51,9,1272,281,1,0.0,0.0,1.0,0.0,0.01,0.0,0.0,0,33987.0
32,5,0,0,0,1.0,1.0,0.07,0.05,0.0,1.0,1.0,1,112027.0
22,1,0,0,0,0.0,0.0,1.0,0.0,0.12,0.0,0.0,0,23703.0
22,9,217,768,1,0.0,0.0,1.0,0.0,0.0,0.0,0.0,0,71598.0
52,5,0,0,0,1.0,1.0,0.04,0.06,0.0,1.0,1.0,1,58223.0
22,9,54540,8314,1,0.0,0.0,1.0,0.0,0.0,0.0,0.0,0,105580.0
19,9,16115,0,0,0.0,0.0,1.0,0.0,0.02,0.0,0.0,0,116954.0
14,9,520,0,0,0.0,0.0,1.0,0.0,0.0,0.0,0.0,0,44817.0
51,9,925,335,1,0.0,0.0,1.0,0.0,0.01,0.0,0.0,0,114385.0
22,9,205,728,1,0.0,0.0,1.0,0.0,0.0,0.0,0.0,0,64505.0
22,9,192,60,1,0.0,0.0,1.0,0.0,0.05,0.0,0.0,0,73377.0
6,5,0,0,0,1.0,1.0,0.09,0.06,0.0,1.0,1.0,1,27209.0
22,9,336,1282,1,0.0,0.0,1.0,0.0,0.05,0.0,0.0,0,2319.0
55,5,0,0,0,1.0,1.0,0.09,0.06,0.0,1.0,1.0,1,66617.0
30,5,0,0,0,1.0,1.0,0.04,0.07,0.0,1.0,1.0,1,45232.0
22,5,0,0,0,1.0,1.0,0.01,0.06,0.0,1.0,1.0,1,18168.0
11,9,46,46,0,0.0,0.0,1.0,0.0,0.0,0.0,0.0,0,63679.0
22,9,308,2688,1,0.0,0.0,1.0,0.0,0.0,0.0,0.0,0,18029.0
41,1,0,0,0,0.14,0.0,0.0,1.0,0.0,0.04,0.0,1,15095.0
46,5,0,0,0,1.0,1.0,0.02,0.1,0.0,1.0,1.0,1,120869.0
22,9,252,640,1,0.0,0.0,1.0,0.0,0.02,0.0,0.0,0,18386.0
22,9,215,1459,1,0.0,0.0,1.0,0.0,0.03,0.0,0.0,0,63651.0
26,5,0,0,0,1.0,1.0,0.02,0.06,0.0,1.0,1.0,1,62590.0
22,9,260,312,1,0.0,0.0,1.0,0.0,0.0,0.0,0.0,0,76314.0
5,5,0,0,0,1.0,1.0,0.04,0.06,0.0,1.0,1.0,1,1489.0
46,9,1,0,0,0.0,0.0,0.27,0.14,0.0,0.0,0.0,1,10038.0
51,9,1213,402,1,0.0,0.0,1.0,0.0,0.01,0.16,0.0,0,107015.0
22,9,319,1147,1,0.0,0.0,1.0,0.0,0.07,0.0,0.0,0,81648.0
22,9,199,619,1,0.0,0.0,1.0,0.0,0.01,0.0,0.0,0,92396.0
7,5,0,0,0,1.0,1.0,0.16,0.05,0.0,1.0,1.0,1,50001.0
46,5,0,0,0,1.0,1.0,0.03,0.06,0.0,1.0,1.0,1,30083.0
20,5,0,0,0,1.0,1.0,0.07,0.05,0.0,1.0,1.0,1,73124.0
22,9,209,290,1,0.0,0.0,1.0,0.0,0.02,0.0,0.0,0,38511.0
46,5,0,0,0,1.0,1.0,0.07,0.06,0.0,1.0,1.0,1,13274.0
46,5,0,0,0,1.0,1.0,0.15,0.06,0.0,1.0,1.0,1,116947.0
22,9,216,1487,1,0.0,0.0,1.0,0.0,0.01,0.0,0.0,0,75533.0
22,9,208,1248,1,0.0,0.0,1.0,0.0,0.05,0.0,0.0,0,123548.0
52,1,0,0,0,0.0,0.0,0.07,0.07,0.0,0.0,0.0,1,80150.0
22,9,214,1400,1,0.0,0.0,1.0,0.0,0.04,0.0,0.0,0,69051.0
51,9,1435,325,1,0.0,0.0,1.0,0.0,0.03,0.0,0.0,0,108862.0
22,9,301,2181,1,0.0,0.0,1.0,0.0,0.01,0.0,0.0,0,123001.0
51,9,1019,335,1,0.0,0.0,1.0,0.0,0.02,0.01,0.02,0,49827.0
22,9,306,3222,1,0.0,0.0,1.0,0.0,0.0,0.0,0.0,0,115900.0
22,9,219,2816,1,0.0,0.0,1.0,0.0,0.0,0.0,0.0,0,110558.0
51,9,1020,333,1,0.0,0.0,1.0,0.0,0.0,0.0,0.0,0,110874.0
19,9,1874,0,0,0.0,0.0,1.0,0.0,0.0,0.87,0.0,0,95024.0
19,5,0,0,0,1.0,1.0,0.24,0.07,0.0,1.0,1.0,1,81801.0
11,9,42,71,0,0.0,0.0,1.0,0.01,0.0,0.0,0.0,0,57161.0
34,5,0,0,0,1.0,1.0,0.15,0.05,0.0,1.0,1.0,1,36242.0
13,9,8,0,0,0.0,0.0,1.0,0.0,0.51,0.0,0.0,1,50033.0
22,9,303,516,1,0.0,0.0,1.0,0.0,0.02,0.0,0.0,0,57600.0
22,9,205,1651,1,0.0,0.0,1.0,0.0,0.0,0.0,0.0,0,11879.0
22,9,229,2039,1,0.0,0.0,1.0,0.0,0.01,0.0,0.0,0,41028.0
51,9,1668,283,1,0.0,0.0,1.0,0.0,0.02,0.0,0.0,0,53307.0
19,9,6062,0,1,0.0,0.0,1.0,0.0,0.0,0.0,0.0,0,43987.0
22,9,206,2769,1,0.0,0.0,1.0,0.0,0.0,0.0,0.0,0,64362.0
17,9,7,363,0,0.0,0.0,1.0,0.0,0.11,0.0,0.0,0,8260.0
22,9,278,6546,1,0.0,0.0,1.0,0.0,0.03,0.0,0.0,0,637.0
22,9,327,7757,1,0.0,0.0,1.0,0.0,0.05,0.0,0.0,0,45792.0
51,5,0,0,0,1.0,1.0,0.02,0.06,0.0,1.0,1.0,1,26137.0
11,9,44,135,0,0.0,0.0,1.0,0.0,0.0,0.0,0.0,0,22331.0
46,5,0,0,0,0.99,1.0,0.07,0.07,0.0,1.0,1.0,1,66112.0
22,9,270,691,1,0.0,0.0,1.0,0.0,0.04,0.0,0.0,0,61726.0
7,5,0,0,0,1.0,1.0,0.07,0.06,0.0,1.0,1.0,1,30610.0
22,9,290,3501,1,0.0,0.0,1.0,0.0,0.03,0.0,0.0,0,58767.0
22,9,309,3925,1,0.0,0.0,1.0,0.0,0.03,0.0,0.0,0,53595.0
22,9,280,2446,1,0.0,0.0,1.0,0.0,0.0,0.0,0.0,0,56002.0
51,9,968,341,1,0.0,0.0,1.0,0.0,0.02,0.0,0.01,0,72938.0
19,9,4316,0,0,0.0,0.0,1.0,0.0,0.08,0.0,0.0,0,84323.0
22,9,288,370,1,0.0,0.0,1.0,0.0,0.0,0.0,0.0,0,120093.0
22,9,317,856,1,0.0,0.0,1.0,0.0,0.02,0.0,0.0,0,8545.0
14,9,1032,0,0,0.0,0.0,1.0,0.0,0.0,0.0,0.0,0,90532.0
46,5,0,0,0,1.0,1.0,0.09,0.06,0.0,1.0,1.0,1,56244.0
22,9,309,296,1,0.0,0.0,1.0,0.0,0.0,0.0,0.0,0,18352.0
46,5,0,0,0,1.0,1.0,0.16,0.06,0.0,1.0,1.0,1,27040.0
22,9,230,1273,1,0.0,0.0,1.0,0.0,0.05,0.0,0.0,0,85139.0
46,1,0,0,0,0.0,0.0,0.07,0.06,0.0,0.0,0.0,1,70983.0
3,5,0,0,0,1.0,1.0,0.04,0.06,0.0,1.0,1.0,1,13934.0
19,9,567,0,1,0.0,0.0,1.0,0.0,0.03,0.0,0.0,0,63398.0
46,9,105,146,0,0.0,0.0,0.5,1.0,0.0,0.0,0.0,0,123610.0
58,2,0,0,0,0.0,0.0,0.08,0.07,0.0,0.0,0.0,1,91628.0
46,5,0,0,0,1.0,1.0,0.12,0.05,0.0,1.0,1.0,1,81841.0
57,5,0,0,0,1.0,1.0,1.0,0.0,0.0,0.98,0.97,1,25126.0
22,9,216,2843,1,0.0,0.0,1.0,0.0,0.01,0.0,0.0,0,64157.0
22,9,187,316,1,0.0,0.0,1.0,0.0,0.0,0.0,0.0,0,98037.0
11,9,41,127,0,0.0,0.0,1.0,0.0,0.0,0.0,0.0,0,77576.0
46,5,0,0,0,1.0,1.0,0.04,0.06,0.0,1.0,1.0,1,120742.0
17,9,10,141,0,0.0,0.0,1.0,0.0,0.0,0.0,0.0,0,117497.0
51,9,2168,402,1,0.0,0.0,1.0,0.0,0.0,0.94,0.0,0,97231.0
4,5,0,0,0,1.0,1.0,0.01,0.07,0.0,1.0,1.0,1,25242.0
22,9,143,51823,1,0.0,0.0,1.0,0.0,0.0,0.0,0.0,0,10655.0
46,5,0,0,0,1.0,1.0,0.14,0.06,0.0,1.0,1.0,1,47124.0
25,5,0,0,0,1.0,1.0,0.07,0.06,0.0,1.0,1.0,1,115139.0
22,1,0,0,0,0.0,0.0,1.0,0.0,0.07,0.0,0.07,0,74980.0
22,9,338,4544,1,0.0,0.0,1.0,0.0,0.09,0.0,0.0,0,76977.0
51,9,1304,330,1,0.0,0.0,1.0,0.0,0.02,0.0,0.0,0,19638.0
22,9,230,1380,1,0.0,0.0,1.0,0.0,0.0,0.0,0.0,0,1635.0
22,9,296,351,1,0.0,0.0,1.0,0.0,0.02,0.0,0.0,0,106248.0
32,5,0,0,0,1.0,1.0,0.01,0.06,0.0,1.0,1.0,1,14940.0
51,9,1237,335,1,0.0,0.0,1.0,0.0,0.0,0.0,0.0,0,82774.0
51,9,2553,397,1,0.0,0.0,1.0,0.0,0.0,0.0,0.0,0,86062.0
5,1,0,0,0,0.0,0.0,0.05,0.06,0.0,0.0,0.0,1,107163.0
51,9,1817,329,1,0.0,0.0,1.0,0.0,0.0,0.0,0.0,0,119925.0
22,9,306,450,1,0.0,0.0,1.0,0.0,0.02,0.0,0.0,0,7306.0
2,1,0,0,0,0.0,0.0,0.18,0.05,0.0,0.0,0.0,1,43201.0
5,5,0,0,0,1.0,1.0,0.14,0.06,0.0,1.0,1.0,1,46943.0
22,9,225,9921,1,0.0,0.0,1.0,0.0,0.05,0.0,0.0,0,87733.0
58,9,0,4,0,0.0,0.0,1.0,0.0,0.0,0.0,0.0,0,28852.0
22,9,221,1651,1,0.0,0.0,1.0,0.0,0.0,0.0,0.0,0,13532.0
22,9,295,2483,1,0.0,0.0,1.0,0.0,0.0,0.0,0.0,0,113468.0
13,9,8,0,0,0.0,0.0,1.0,0.0,0.51,0.0,0.0,1,46699.0
18,5,0,0,0,1.0,1.0,0.01,0.06,0.0,1.0,1.0,1,13847.0
22,9,201,2215,1,0.0,0.0,1.0,0.0,0.04,0.0,0.0,0,33729.0
57,5,0,0,0,1.0,1.0,0.33,0.05,0.0,1.0,1.0,1,57207.0
19,1,0,0,0,0.0,0.0,0.01,1.0,0.18,0.0,0.09,1,24730.0
6,5,0,0,0,1.0,1.0,0.13,0.04,0.0,1.0,1.0,1,101855.0
34,1,0,0,0,0.0,0.0,0.04,0.07,0.0,0.0,0.0,1,8981.0
6,5,0,0,0,1.0,1.0,0.07,0.05,0.0,1.0,1.0,1,37708.0
22,5,0,0,0,1.0,1.0,0.02,0.06,0.0,1.0,1.0,1,4049.0
22,9,212,14084,1,0.0,0.0,1.0,0.0,0.03,0.02,0.01,0,86394.0
51,9,771,362,1,0.0,0.0,1.0,0.0,0.0,0.0,0.0,0,29518.0
22,9,152,4218,1,0.0,0.0,1.0,0.0,0.09,0.05,0.04,0,47433.0
22,9,319,12573,1,0.0,0.0,1.0,0.0,0.01,0.0,0.0,0,57437.0
57,5,0,0,0,1.0,1.0,0.0,0.07,0.0,1.0,1.0,1,28741.0
19,9,383,0,0,0.0,0.0,1.0,0.0,0.0,0.0,0.0,0,106703.0
22,9,232,1752,1,0.0,0.0,1.0,0.0,0.04,0.0,0.0,0,70293.0
22,5,0,0,0,1.0,1.0,0.31,0.07,0.0,1.0,1.0,1,107232.0
22,9,168,3998,1,0.0,0.0,1.0,0.0,0.0,0.0,0.0,0,74425.0
22,9,229,182,1,0.0,0.0,1.0,0.0,0.0,0.0,0.0,0,24042.0
44,2,0,0,0,0.0,0.0,0.01,0.07,0.0,0.0,0.0,1,90131.0
41,9,146,105,0,0.0,0.0,0.5,0.5,0.0,0.0,0.0,0,17346.0
22,9,383,9712,1,0.0,0.0,1.0,0.0,0.03,0.0,0.0,0,100514.0
35,5,0,0,0,1.0,1.0,0.15,0.06,0.0,1.0,1.0,1,24567.0
51,9,2941,329,1,0.0,0.0,1.0,0.0,0.0,0.0,0.0,0,82608.0
46,5,0,0,0,1.0,1.0,0.02,0.06,0.0,1.0,1.0,1,121940.0
46,4,1,0,0,0.0,0.0,1.0,0.0,0.0,0.0,0.0,1,22798.0
46,1,0,0,0,0.0,0.0,0.02,1.0,0.0,0.0,0.0,1,11579.0
46,1,0,0,0,0.0,0.0,1.0,0.0,0.0,0.0,0.0,1,35840.0
15,5,0,0,0,1.0,1.0,0.83,0.11,0.0,1.0,1.0,1,26275.0
22,9,304,3222,1,0.0,0.0,1.0,0.0,0.0,0.0,0.0,0,34804.0
5,5,0,0,0,1.0,1.0,0.16,0.05,0.0,1.0,1.0,1,87897.0
13,9,8,0,0,0.0,0.0,1.0,0.0,0.5,0.0,0.0,1,97354.0
52,5,0,0,0,1.0,1.0,0.07,0.06,0.0,1.0,1.0,1,101605.0
22,9,213,10216,1,0.0,0.0,1.0,0.0,0.02,0.0,0.0,0,93471.0
51,9,1723,334,1,0.0,0.0,0.33,0.67,0.02,0.0,0.0,0,7629.0
22,9,201,492,1,0.0,0.02,1.0,0.0,0.0,0.0,0.0,0,27247.0
22,9,264,668,1,0.0,0.0,1.0,0.0,0.0,0.0,0.0,0,59626.0
13,9,8,0,0,0.0,0.0,1.0,0.0,0.51,0.0,0.0,1,40505.0
18,9,928,2720,1,0.0,0.0,1.0,0.0,0.0,0.0,0.0,0,111319.0
38,5,0,0,0,1.0,1.0,0.17,0.06,0.0,1.0,1.0,1,94615.0
36,1,0,0,0,0.0,0.0,0.09,0.07,0.0,0.0,0.0,1,8548.0
19,9,2194619,0,1,0.0,0.0,1.0,0.0,0.02,0.0,0.0,0,53161.0
62,5,0,0,0,1.0,1.0,0.0,0.07,0.0,1.0,1.0,1,125436.0
19,9,4539,0,0,0.0,0.0,1.0,0.0,0.02,0.0,0.0,0,58551.0
22,9,209,3918,1,0.0,0.0,1.0,0.0,0.01,0.0,0.0,0,32542.0
14,9,520,0,0,0.0,0.0,1.0,0.0,0.0,0.0,0.0,0,111086.0
19,9,567,0,1,0.0,0.0,1.0,0.0,0.03,0.0,0.0,0,79033.0
52,5,0,0,0,1.0,1.0,0.01,0.06,0.0,1.0,1.0,1,76038.0
46,5,0,0,0,1.0,1.0,0.03,0.06,0.0,1.0,1.0,1,105348.0
22,9,339,261,1,0.0,0.0,1.0,0.0,0.0,0.0,0.0,0,64228.0
22,9,368,200,1,0.0,0.0,1.0,0.0,0.02,0.0,0.0,0,5624.0
51,9,1052,339,1,0.0,0.0,1.0,0.0,0.01,0.0,0.0,0,56986.0
29,5,0,0,0,1.0,1.0,0.1,0.06,0.0,1.0,1.0,1,74598.0
46,1,0,0,0,0.0,0.0,0.12,0.06,0.0,0.0,0.0,1,44622.0
12,5,0,0,0,1.0,1.0,0.07,0.06,0.0,1.0,1.0,1,34260.0
13,9,8,0,0,0.0,0.0,1.0,0.0,0.25,0.0,0.0,1,69428.0
61,2,0,0,0,0.0,0.0,0.2,0.07,0.0,0.0,0.0,1,89207.0
22,9,219,424,1,0.0,0.0,1.0,0.0,0.0,0.0,0.0,0,111800.0
2,5,0,0,0,1.0,1.0,0.02,0.06,0.0,1.0,1.0,1,118272.0
22,9,308,11283,1,0.0,0.0,1.0,0.0,0.03,0.0,0.0,0,72647.0
12,5,0,0,0,1.0,1.0,0.05,0.06,0.0,1.0,1.0,1,70097.0
46,5,0,0,0,1.0,1.0,0.02,0.06,0.0,1.0,1.0,1,119341.0
46,9,105,0,0,0.0,0.0,1.0,0.0,0.0,0.0,0.0,0,103291.0
22,9,294,4123,1,0.0,0.0,1.0,0.0,0.02,0.0,0.0,0,28723.0
51,9,1239,368,1,0.0,0.0,1.0,0.0,0.0,0.0,0.0,0,70322.0
13,9,8,0,0,0.0,0.0,1.0,0.0,0.5,0.0,0.0,1,46316.0
46,5,0,0,0,1.0,1.0,0.05,0.05,0.0,1.0,1.0,1,31122.0
15,5,0,0,0,1.0,1.0,0.09,0.05,0.0,1.0,1.0,1,25107.0
22,9,260,2198,1,0.0,0.0,1.0,0.0,0.07,0.0,0.01,0,1775.0
46,9,28,0,0,0.0,0.0,1.0,0.0,0.0,0.02,0.0,1,110392.0
62,5,0,0,0,1.0,1.0,0.04,0.06,0.0,1.0,1.0,1,47464.0
41,9,146,105,0,0.0,0.0,0.2,0.6,0.0,0.0,0.0,0,54078.0
22,9,302,788,1,0.0,0.0,1.0,0.0,0.0,0.0,0.0,0,70876.0
46,1,0,0,0,0.0,0.0,1.0,0.0,1.0,0.0,0.0,1,58036.0
51,9,1658,522,1,0.0,0.0,1.0,0.0,0.01,0.0,0.0,0,36513.0
22,9,245,19314,1,0.0,0.0,1.0,0.0,0.0,0.0,0.0,0,105022.0
46,5,0,0,0,1.0,1.0,0.06,0.07,0.0,1.0,1.0,1,33601.0
13,9,8,0,0,0.0,0.0,1.0,0.0,0.52,0.0,0.0,1,60457.0
22,9,202,1449,1,0.0,0.0,1.0,0.0,0.01,0.0,0.0,0,106308.0
3,5,0,0,0,1.0,1.0,0.02,0.06,0.0,1.0,1.0,1,103770.0
46,9,1,0,0,0.0,0.0,0.92,0.02,0.0,0.0,0.0,1,63886.0
22,9,210,5265,1,0.0,0.0,1.0,0.0,0.05,0.0,0.0,0,54792.0
60,9,78,0,0,0.0,0.0,0.22,0.04,0.0,0.0,0.0,0,76952.0
19,5,0,0,0,1.0,1.0,0.25,0.05,0.0,1.0,1.0,1,38039.0
46,5,0,0,0,1.0,1.0,0.11,0.06,0.0,1.0,1.0,1,94830.0
19,5,0,0,0,1.0,1.0,0.18,0.09,0.0,1.0,1.0,1,116546.0
19,5,0,0,0,1.0,1.0,0.01,0.06,0.0,1.0,1.0,1,44539.0
46,4,0,0,0,0.0,0.0,1.0,0.0,0.0,0.0,0.0,1,31108.0
24,5,0,0,0,1.0,1.0,0.14,0.06,0.0,1.0,1.0,1,63058.0
64,5,0,0,0,1.0,1.0,0.06,0.05,0.0,1.0,1.0,1,32008.0
22,9,54540,8314,1,0.0,0.0,1.0,0.0,0.0,0.0,0.0,0,95065.0
22,9,217,2819,1,0.0,0.0,1.0,0.0,0.07,0.0,0.0,0,93366.0
22,9,54540,8314,1,0.0,0.0,1.0,0.0,0.0,0.0,0.0,0,63091.0
24,4,0,0,0,0.0,0.0,1.0,0.0,0.0,0.0,0.0,1,10134.0
57,5,0,0,0,1.0,1.0,0.02,0.07,0.0,1.0,1.0,1,45657.0
11,9,33,0,0,0.0,0.0,1.0,0.0,0.17,0.0,0.0,0,8662.0
13,9,8,0,0,0.0,0.0,1.0,0.0,0.26,0.0,0.0,1,125178.0
22,9,225,6943,1,0.0,0.0,1.0,0.0,0.01,0.0,0.0,0,20752.0
19,5,0,0,0,1.0,1.0,0.19,0.06,0.0,1.0,1.0,1,49150.0
19,9,491,0,1,0.0,0.0,1.0,0.0,0.02,0.0,0.0,0,83502.0
41,9,146,105,0,0.0,0.0,0.67,0.67,0.0,0.0,0.0,0,66457.0
6,5,0,0,0,0.99,1.0,0.13,0.08,0.0,1.0,1.0,1,9868.0
38,5,0,0,0,1.0,1.0,0.05,0.06,0.0,1.0,1.0,1,21371.0
7,5,0,0,0,1.0,1.0,0.09,0.05,0.0,1.0,1.0,1,60776.0
19,9,245,0,0,0.0,0.0,1.0,0.0,0.0,0.0,0.0,0,113361.0
14,9,1032,0,0,0.0,0.0,1.0,0.0,0.0,0.0,0.0,0,115240.0
3,5,0,0,0,1.0,1.0,0.07,0.04,0.0,1.0,1.0,1,51259.0
4,5,0,0,0,1.0,1.0,0.08,0.05,0.0,1.0,1.0,1,38828.0
22,9,253,1569,1,0.12,0.12,1.0,0.0,0.05,0.01,0.0,0,77318.0
4,5,0,0,0,1.0,1.0,0.1,0.05,0.0,1.0,1.0,1,89619.0
62,5,0,0,0,1.0,1.0,0.04,0.06,0.0,1.0,1.0,1,118383.0
7,5,0,0,0,1.0,1.0,0.07,0.06,0.0,1.0,1.0,1,110941.0
46,9,28,0,0,0.0,0.0,1.0,0.0,0.0,0.02,0.0,1,33807.0
11,9,35,95,0,0.0,0.0,1.0,0.0,0.0,0.0,0.0,0,2188.0
46,5,0,0,0,1.0,1.0,0.05,0.07,0.0,1.0,1.0,1,15812.0
58,5,0,0,0,0.5,0.5,1.0,0.0,0.0,0.16,0.16,1,73958.0
13,9,8,0,0,0.0,0.0,1.0,0.0,0.5,0.0,0.0,1,59226.0
13,9,8,0,0,0.0,0.0,1.0,0.0,0.27,0.0,0.0,1,12107.0
11,9,44,76,0,0.0,0.0,1.0,0.0,0.0,0.0,0.0,0,62457.0
22,9,146,13932,1,0.0,0.0,1.0,0.0,0.01,0.0,0.0,0,56983.0
11,9,42,42,0,0.0,0.0,1.0,0.0,0.0,0.0,0.0,0,18348.0
46,5,0,0,0,1.0,1.0,0.02,0.07,0.0,1.0,1.0,1,16681.0
22,9,307,1242,1,0.0,0.0,1.0,0.0,0.06,0.0,0.0,0,45308.0
60,9,181,0,0,0.0,0.0,0.5,1.0,0.0,0.0,0.0,0,28440.0
5,5,0,0,0,1.0,1.0,0.03,0.07,0.0,1.0,1.0,1,125762.0
51,9,1928,331,1,0.0,0.0,1.0,0.0,0.0,0.0,0.0,0,94406.0
22,9,300,915,1,0.0,0.0,1.0,0.0,0.0,0.0,0.0,0,81222.0
12,5,0,0,0,1.0,1.0,0.02,0.06,0.0,1.0,1.0,1,4324.0
46,9,28,0,0,0.0,0.0,1.0,0.0,0.0,0.0,0.0,1,112126.0
46,5,0,0,0,1.0,1.0,0.05,0.06,0.0,1.0,1.0,1,60566.0
22,9,294,10371,1,0.0,0.0,1.0,0.0,0.0,0.0,0.0,0,94401.0
22,9,291,790,1,0.0,0.0,1.0,0.0,0.0,0.01,0.01,0,36056.0
25,5,0,0,0,1.0,1.0,0.04,0.06,0.0,1.0,1.0,1,14401.0
22,9,308,331,1,0.0,0.0,1.0,0.0,0.0,0.0,0.0,0,49319.0
41,9,147,105,0,0.0,0.0,1.0,0.0,0.0,0.0,0.0,0,125215.0
22,9,292,2463,1,0.0,0.0,1.0,0.0,0.03,0.0,0.0,0,50259.0
46,1,0,0,0,0.0,0.0,0.5,1.0,0.0,0.0,0.0,1,101580.0
2,5,0,0,0,1.0,1.0,0.08,0.07,0.0,1.0,1.0,1,83039.0
13,9,18,0,0,0.0,0.0,1.0,0.0,0.25,0.0,0.0,1,54391.0
46,5,0,0,0,1.0,1.0,0.1,0.05,0.0,1.0,1.0,1,90970.0
51,9,1866,390,1,0.0,0.0,1.0,0.0,0.01,0.01,0.0,0,30816.0
46,5,0,0,0,1.0,1.0,0.03,0.07,0.0,1.0,1.0,1,31306.0
46,5,0,0,0,1.0,1.0,0.01,0.05,0.0,1.0,1.0,1,70606.0
11,9,33,88,0,0.0,0.0,1.0,0.0,0.0,0.0,0.0,0,48765.0
0,4,1603,8195,0,0.0,0.0,1.0,0.0,0.0,0.0,0.0,0,123170.0
46,5,0,0,0,1.0,1.0,0.04,0.06,0.0,1.0,1.0,1,108956.0
2,5,0,0,0,1.0,1.0,0.07,0.05,0.0,1.0,1.0,1,4709.0
64,1,0,0,0,0.0,0.0,0.08,0.06,0.0,0.0,0.0,1,48586.0
41,9,8325,0,1,0.07,0.0,0.07,0.13,0.0,0.02,0.0,0,111770.0
41,1,0,0,0,0.12,0.0,0.0,1.0,0.0,0.0,0.0,1,4504.0
20,5,0,0,0,1.0,1.0,0.08,0.07,0.0,1.0,1.0,1,11948.0
22,9,308,3567,1,0.0,0.0,1.0,0.0,0.0,0.0,0.0,0,40430.0
22,9,247,1122,1,0.0,0.0,1.0,0.0,0.02,0.0,0.01,0,96975.0
51,9,1377,278,1,0.0,0.0,1.0,0.0,0.0,0.0,0.0,0,53694.0
19,1,0,0,0,0.0,0.0,0.03,0.06,0.0,0.0,0.0,1,6827.0
22,9,232,280,1,0.0,0.0,1.0,0.0,0.0,0.0,0.0,0,37658.0
22,9,332,274,1,0.0,0.0,1.0,0.0,0.0,0.0,0.0,0,55597.0
22,9,253,128,1,0.0,0.0,1.0,0.0,0.02,0.0,0.0,0,60191.0
22,9,338,1135,1,0.0,0.0,1.0,0.0,0.07,0.0,0.01,0,32980.0
37,5,0,0,0,1.0,1.0,0.01,0.07,0.0,1.0,1.0,1,125390.0
41,1,0,0,0,0.06,0.0,0.0,1.0,0.0,0.08,0.0,1,65210.0
18,9,1504,4152,1,0.0,0.0,1.0,0.0,0.0,0.01,0.0,0,7493.0
46,9,1,0,0,0.0,0.0,1.0,0.0,0.0,0.0,0.0,1,90497.0
22,1,0,0,0,0.0,0.0,1.0,0.0,0.16,0.0,0.01,0,106037.0
22,9,317,3245,1,0.0,0.0,1.0,0.0,0.02,0.0,0.0,0,65617.0
13,9,30,0,0,0.0,0.0,0.11,0.33,0.0,0.0,0.0,0,93966.0
19,9,8173,0,1,0.0,0.0,1.0,0.0,0.02,0.0,0.0,0,99788.0
38,5,0,0,0,1.0,1.0,0.09,0.06,0.0,1.0,1.0,1,1839.0
30,5,0,0,0,1.0,1.0,0.0,0.06,0.0,1.0,1.0,1,12258.0
22,9,296,10441,1,0.0,0.0,1.0,0.0,0.05,0.0,0.0,0,101665.0
19,9,334,0,1,0.0,0.0,1.0,0.0,0.0,0.0,0.0,0,47323.0
63,5,0,0,0,1.0,1.0,0.09,0.06,0.0,1.0,1.0,1,27773.0
20,1,0,0,0,0.0,0.0,0.02,0.07,0.0,0.0,0.0,1,71123.0
22,9,330,23972,1,0.0,0.0,1.0,0.0,0.03,0.0,0.0,0,41156.0
51,9,1133,336,1,0.0,0.0,1.0,0.0,0.0,0.0,0.0,0,117727.0
22,9,196,585,1,0.0,0.0,1.0,0.0,0.0,0.0,0.0,0,41586.0
46,5,0,0,0,1.0,1.0,0.04,0.05,0.0,1.0,1.0,1,79451.0
11,9,45,72,0,0.0,0.0,1.0,0.0,0.0,0.0,0.0,0,83439.0
19,9,192,0,1,0.0,0.0,1.0,0.0,0.04,0.0,0.0,0,85732.0
22,9,235,2710,1,0.0,0.0,1.0,0.0,0.03,0.0,0.0,0,17152.0
64,5,0,0,0,1.0,1.0,0.01,0.06,0.0,1.0,1.0,1,23480.0
19,9,5135678,0,1,0.0,0.0,1.0,0.0,0.1,0.0,0.0,0,101283.0
57,9,115,6133,1,0.0,0.0,1.0,0.0,0.0,0.0,0.0,0,18966.0
54,5,0,0,0,1.0,1.0,0.01,0.07,0.0,1.0,1.0,1,35159.0
14,9,1480,0,0,0.0,0.0,1.0,0.0,0.53,0.0,0.0,0,28379.0
22,9,260,468,1,0.0,0.0,1.0,0.0,0.03,0.0,0.01,0,80026.0
22,9,255,380,1,0.0,0.0,1.0,0.0,0.0,0.0,0.0,0,107035.0
5,5,0,0,0,1.0,1.0,0.1,0.06,0.0,1.0,1.0,1,44621.0
22,9,259,80677,1,0.0,0.0,1.0,0.0,0.04,0.0,0.0,0,26267.0
52,5,0,0,0,1.0,1.0,0.07,0.06,0.0,1.0,1.0,1,95152.0
22,5,0,0,0,1.0,1.0,0.32,0.1,0.0,1.0,1.0,1,6460.0
3,1,0,0,0,0.0,0.0,0.12,0.07,0.0,0.0,0.0,1,115150.0
46,9,105,146,0,0.0,0.0,1.0,0.0,0.0,0.0,0.0,0,92866.0
51,9,1299,333,1,0.0,0.0,1.0,0.0,0.02,0.0,0.0,0,24971.0
63,5,0,0,0,1.0,1.0,0.02,0.06,0.0,1.0,1.0,1,100260.0
18,5,0,0,0,1.0,1.0,0.04,0.06,0.0,1.0,1.0,1,3509.0
22,9,194,622,1,0.0,0.0,1.0,0.0,0.0,0.0,0.0,0,44032.0
13,9,8,0,0,0.0,0.0,1.0,0.0,0.25,0.0,0.0,1,96992.0
22,1,0,0,0,0.0,0.0,1.0,0.0,0.12,0.0,0.0,0,101092.0
11,9,43,126,0,0.0,0.0,0.97,0.04,0.0,0.0,0.0,0,125145.0
22,9,343,6901,1,0.0,0.0,1.0,0.0,0.04,0.0,0.01,0,12325.0
14,9,520,0,0,0.0,0.0,1.0,0.0,0.0,0.0,0.0,0,21708.0
11,9,46,119,0,0.0,0.0,1.0,0.0,0.0,0.0,0.0,0,83850.0
22,9,195,10257,1,0.0,0.0,1.0,0.0,0.0,0.0,0.0,0,42830.0
41,1,0,0,0,0.1,0.0,0.0,1.0,0.0,0.15,0.0,1,33035.0
22,9,323,278,1,0.0,0.0,1.0,0.0,0.0,0.0,0.0,0,43067.0
46,1,0,0,0,0.0,0.0,0.03,0.07,0.0,0.0,0.0,1,26969.0
22,5,0,0,0,1.0,1.0,0.02,0.05,0.0,1.0,1.0,1,114025.0
11,9,44,132,0,0.0,0.0,1.0,0.0,0.0,0.0,0.0,0,6700.0
22,9,266,572,1,0.0,0.0,1.0,0.0,0.0,0.0,0.0,0,116747.0
51,9,1592,340,1,0.0,0.0,1.0,0.0,0.01,0.0,0.0,0,29567.0
51,9,2073,330,1,0.0,0.0,1.0,0.0,0.02,0.0,0.0,0,52215.0
11,9,45,45,0,0.0,0.0,0.99,0.01,0.0,0.0,0.0,0,55141.0
22,9,215,499,1,0.0,0.0,1.0,0.0,0.02,0.0,0.0,0,59766.0
30,5,0,0,0,1.0,1.0,0.06,0.06,0.0,1.0,1.0,1,78255.0
9,5,0,0,0,1.0,1.0,0.09,0.07,0.0,1.0,1.0,1,29299.0
22,9,364,471,1,0.0,0.0,1.0,0.0,0.0,0.0,0.0,0,14270.0
49,5,0,0,0,1.0,1.0,0.05,0.06,0.0,1.0,1.0,1,43530.0
11,9,44,94,0,0.0,0.0,1.0,0.0,0.02,0.0,0.0,0,90536.0
19,5,0,0,0,1.0,1.0,0.08,0.05,0.0,1.0,1.0,1,27690.0
41,1,0,0,0,0.09,0.0,0.0,1.0,0.0,0.09,0.0,1,119702.0
14,9,1032,0,0,0.0,0.0,1.0,0.0,0.0,0.0,0.0,0,1019.0
22,9,279,248,1,0.0,0.0,1.0,0.0,0.03,0.0,0.01,0,84295.0
22,9,351,9790,1,0.0,0.0,1.0,0.0,0.0,0.0,0.0,0,123301.0
22,9,272,269,1,0.0,0.0,1.0,0.0,0.0,0.0,0.0,0,70180.0
11,9,44,133,0,0.0,0.0,1.0,0.0,0.0,0.0,0.0,0,114069.0
22,9,318,12218,1,0.0,0.0,1.0,0.0,0.03,0.0,0.0,0,93994.0
46,5,0,0,0,1.0,1.0,0.03,0.06,0.0,1.0,1.0,1,46501.0
22,9,192,2430,1,0.0,0.0,1.0,0.0,0.0,0.0,0.0,0,123177.0
22,1,0,0,0,0.0,0.0,1.0,0.0,0.22,0.0,0.0,0,112414.0
22,9,210,8571,1,0.0,0.0,1.0,0.0,0.04,0.0,0.0,0,47055.0
22,5,0,0,0,0.5,0.5,1.0,0.0,0.05,0.06,0.01,0,117507.0
46,5,0,0,0,1.0,1.0,0.07,0.08,0.0,1.0,1.0,1,55542.0
53,5,0,0,0,1.0,1.0,0.22,0.05,0.0,1.0,1.0,1,112347.0
31,5,0,0,0,1.0,1.0,0.13,0.06,0.0,1.0,1.0,1,89377.0
46,5,0,0,0,1.0,1.0,0.03,0.06,0.0,1.0,1.0,1,49682.0
22,9,334,1135,1,0.0,0.0,1.0,0.0,0.0,0.0,0.0,0,108871.0
22,9,292,1168,1,0.0,0.0,1.0,0.0,0.01,0.0,0.0,0,109293.0
46,5,0,0,0,1.0,1.0,0.03,0.05,0.0,1.0,1.0,1,27190.0
40,9,48,48,0,0.0,0.0,1.0,0.0,0.0,0.0,0.0,0,82404.0
22,9,464,10134,1,0.0,0.0,1.0,0.0,0.09,0.0,0.0,0,20085.0
24,1,0,0,0,0.0,0.0,0.1,0.06,0.0,0.0,0.0,1,49093.0
22,9,270,1375,1,0.0,0.0,1.0,0.0,0.02,0.0,0.0,0,98028.0
14,9,30,0,0,0.0,0.0,1.0,0.0,0.0,0.0,0.0,0,52657.0
11,9,45,102,0,0.0,0.0,0.99,0.01,0.0,0.0,0.0,0,100149.0
22,9,313,248,1,0.0,0.0,1.0,0.0,0.02,0.0,0.01,0,5916.0
22,9,232,770,1,0.0,0.0,1.0,0.0,0.0,0.0,0.0,0,101560.0
22,9,231,6178,1,0.5,0.5,1.0,0.0,0.06,0.0,0.0,0,94346.0
22,9,188,171,1,0.0,0.0,1.0,0.0,0.04,0.0,0.0,0,54726.0
22,9,3745,4026,1,0.0,0.0,1.0,0.0,0.06,0.0,0.01,0,16109.0
14,9,520,0,0,0.0,0.0,1.0,0.0,0.0,0.0,0.0,0,57319.0
22,9,254,10118,1,0.0,0.0,1.0,0.0,0.0,0.0,0.0,0,106522.0
57,5,0,0,0,1.0,1.0,0.22,0.12,0.0,1.0,1.0,1,54265.0
63,5,0,0,0,1.0,1.0,0.01,0.06,0.0,1.0,1.0,1,42620.0
51,5,0,0,0,1.0,0.86,1.0,0.0,0.01,0.99,0.53,1,76061.0
2,5,0,0,0,1.0,1.0,0.06,0.06,0.0,1.0,1.0,1,32865.0
19,5,0,0,0,1.0,1.0,0.02,0.06,0.0,1.0,1.0,1,63731.0
22,9,317,767,1,0.0,0.0,1.0,0.0,0.02,0.0,0.0,0,120218.0
18,9,242,760,1,0.0,0.0,1.0,0.0,0.0,0.0,0.0,0,87452.0
22,9,298,256,1,0.0,0.0,1.0,0.0,0.0,0.0,0.0,0,56305.0
46,4,1,0,0,0.0,0.0,1.0,0.0,0.0,0.0,0.0,1,75604.0
46,5,0,0,0,1.0,1.0,0.0,0.05,0.0,0.98,1.0,1,32903.0
19,9,192,0,1,0.0,0.0,1.0,0.0,0.04,0.0,0.0,0,108935.0
46,5,0,0,0,1.0,1.0,0.02,0.09,0.0,1.0,1.0,1,61181.0
12,5,0,0,0,1.0,1.0,0.12,0.06,0.0,1.0,1.0,1,30128.0
51,9,1488,364,1,0.0,0.0,1.0,0.0,0.01,0.0,0.0,0,79914.0
19,9,3909,0,1,0.0,0.0,1.0,0.0,0.05,0.0,0.0,0,95277.0
22,9,226,1645,1,0.0,0.0,1.0,0.0,0.03,0.0,0.0,0,71163.0
11,9,45,131,0,0.0,0.0,1.0,0.0,0.01,0.0,0.0,0,54278.0
46,4,0,0,0,0.0,0.0,0.02,0.56,0.0,0.0,0.0,1,56222.0
46,1,0,0,0,0.0,0.0,0.04,0.06,0.0,0.0,0.0,1,54032.0
13,9,8,0,0,0.0,0.0,1.0,0.0,0.26,0.0,0.0,1,31349.0
22,9,206,3571,1,0.0,0.0,1.0,0.0,0.04,0.0,0.0,0,53964.0
13,9,8,0,0,0.0,0.0,1.0,0.0,0.51,0.0,0.0,1,10976.0
51,9,797,283,1,0.0,0.0,1.0,0.0,0.01,0.0,0.0,0,124770.0
2,5,0,0,0,1.0,1.0,0.1,0.05,0.0,1.0,1.0,1,12431.0
18,9,1268,2453,1,0.0,0.0,1.0,0.0,0.0,0.02,0.0,0,68455.0
26,5,0,0,0,1.0,1.0,0.02,0.06,0.0,1.0,1.0,1,48612.0
11,9,56,122,0,0.0,0.0,1.0,0.0,0.0,0.0,0.0,0,56540.0
26,5,0,0,0,1.0,1.0,0.05,0.06,0.0,1.0,1.0,1,21714.0
19,9,641,0,1,0.0,0.0,1.0,0.0,0.0,0.0,0.0,0,110757.0
19,9,14189,0,1,0.0,0.0,1.0,0.0,0.0,0.0,0.0,0,15480.0
46,5,0,0,0,1.0,1.0,0.04,0.06,0.0,1.0,1.0,1,25396.0
41,1,0,0,0,0.08,0.0,0.0,0.95,0.0,0.08,0.0,1,19796.0
14,9,1032,0,0,0.0,0.0,1.0,0.0,0.0,0.01,0.0,0,114165.0
19,9,7077,0,1,0.0,0.0,1.0,0.0,0.0,0.0,0.0,0,70218.0
22,9,241,9284,1,0.0,0.0,1.0,0.0,0.0,0.0,0.0,0,119176.0
22,1,0,0,0,0.0,0.0,1.0,0.0,0.16,0.0,0.0,0,24743.0
51,9,2536,406,1,0.0,0.0,1.0,0.0,0.0,0.0,0.0,0,11060.0
19,9,373,0,1,0.0,0.0,1.0,0.0,0.0,0.0,0.01,0,61089.0
22,9,378,364,1,0.0,0.0,1.0,0.0,0.22,0.0,0.0,0,34441.0
19,9,12165,0,1,0.0,0.0,1.0,0.0,0.02,0.0,0.0,0,120954.0
22,9,229,7219,1,0.0,0.0,1.0,0.0,0.0,0.0,0.0,0,68399.0
19,9,11,0,1,0.0,0.0,1.0,0.0,0.03,0.0,0.0,0,29326.0
22,9,193,15642,1,0.0,0.0,1.0,0.0,0.04,0.0,0.0,0,70338.0
38,5,0,0,0,1.0,1.0,0.1,0.06,0.0,1.0,1.0,1,98324.0
22,9,291,1396,1,0.0,0.0,1.0,0.0,0.0,0.0,0.0,0,99158.0
22,9,232,3434,1,0.0,0.0,1.0,0.0,0.04,0.0,0.0,0,35763.0
19,5,0,0,0,1.0,1.0,1.0,0.0,0.0,1.0,1.0,1,88315.0
11,9,44,133,0,0.0,0.0,1.0,0.0,0.0,0.0,0.0,0,30670.0
11,9,43,129,0,0.0,0.0,1.0,0.0,0.0,0.0,0.0,0,112586.0
13,9,8,0,0,0.0,0.0,1.0,0.0,0.5,0.0,0.0,1,72686.0
46,5,0,0,0,1.0,1.0,1.0,0.0,0.0,1.0,1.0,1,114459.0
19,9,641,0,1,0.0,0.0,1.0,0.0,0.0,0.0,0.0,0,44295.0
19,9,1139,0,1,0.0,0.0,1.0,0.0,0.0,0.66,0.75,0,7945.0
34,5,0,0,0,1.0,1.0,0.03,0.05,0.0,1.0,1.0,1,52983.0
51,9,1833,366,1,0.0,0.0,1.0,0.0,0.01,0.0,0.0,0,80178.0
46,5,0,0,0,1.0,1.0,0.04,0.06,0.0,1.0,1.0,1,39934.0
13,9,30,0,0,0.0,0.0,0.12,0.38,0.0,0.0,0.0,0,125251.0
22,9,203,283,1,0.0,0.0,1.0,0.0,0.02,0.0,0.0,0,64024.0
46,9,105,147,0,0.0,0.0,1.0,0.0,0.0,0.0,0.0,0,60607.0
46,4,0,0,0,0.0,0.0,1.0,0.0,0.0,0.0,0.0,1,44294.0
4,5,0,0,0,1.0,1.0,0.02,0.06,0.0,1.0,1.0,1,94438.0
22,9,239,620,1,0.0,0.0,1.0,0.0,0.05,0.0,0.0,0,52849.0
22,9,216,384,1,0.0,0.0,1.0,0.0,0.03,0.0,0.0,0,13487.0
46,5,0,0,0,1.0,1.0,0.02,0.07,0.0,1.0,1.0,1,84809.0
17,5,0,0,0,1.0,1.0,0.27,0.09,0.0,1.0,1.0,1,59330.0
41,9,147,105,0,0.0,0.0,1.0,0.0,0.0,0.0,0.0,0,119695.0
22,5,0,0,0,0.5,0.5,1.0,0.0,0.02,0.01,0.0,0,75298.0
21,5,0,0,0,1.0,1.0,0.06,0.06,0.0,1.0,1.0,1,78289.0
46,4,0,0,0,0.0,0.0,1.0,0.0,0.0,0.0,0.0,1,42077.0
13,9,8,0,0,0.0,0.0,1.0,0.0,0.5,0.0,0.0,1,100278.0
46,9,1,0,0,0.0,0.0,0.04,0.2,0.0,0.1,0.0,1,118970.0
22,9,321,956,1,0.0,0.0,1.0,0.0,0.06,0.0,0.0,0,84844.0
41,4,1,0,0,0.0,0.0,1.0,0.0,0.0,0.0,0.0,1,108668.0
22,9,54540,8314,1,0.0,0.0,1.0,0.0,0.0,0.0,0.0,0,12180.0
46,4,1,0,0,0.0,0.0,1.0,0.0,0.0,0.0,0.0,1,73573.0
22,9,280,471,1,0.0,0.0,1.0,0.0,0.05,0.0,0.0,0,117598.0
41,9,146,105,0,0.0,0.0,1.0,0.0,0.0,0.0,0.0,0,72207.0
51,9,1557,330,1,0.0,0.0,1.0,0.0,0.02,0.0,0.0,0,41267.0
11,9,45,74,0,0.0,0.0,1.0,0.0,0.0,0.0,0.0,0,109070.0
46,5,0,0,0,1.0,1.0,0.04,0.07,0.0,1.0,1.0,1,80187.0
13,9,8,0,0,0.0,0.0,1.0,0.0,0.25,0.0,0.0,1,44711.0
11,9,46,130,0,0.0,0.0,1.0,0.0,0.0,0.0,0.0,0,721.0
22,9,331,2518,1,0.0,0.0,1.0,0.0,0.02,0.0,0.0,0,66748.0
63,5,0,0,0,1.0,1.0,0.0,0.07,0.0,1.0,1.0,1,125116.0
46,5,0,0,0,1.0,1.0,0.03,0.05,0.0,1.0,1.0,1,31040.0
19,5,0,0,0,1.0,1.0,0.17,0.1,0.0,1.0,1.0,1,110976.0
24,5,0,0,0,1.0,1.0,0.1,0.06,0.0,1.0,1.0,1,8110.0
51,9,1046,330,1,0.0,0.0,1.0,0.0,0.12,0.0,0.0,0,105049.0
46,5,0,0,0,1.0,1.0,0.06,0.06,0.0,1.0,1.0,1,19585.0
46,9,215,0,0,0.0,0.0,1.0,0.0,0.0,0.0,0.0,0,17996.0
46,5,0,0,0,1.0,1.0,0.05,0.06,0.0,1.0,1.0,1,93434.0
22,9,262,13096,1,0.0,0.0,1.0,0.0,0.0,0.0,0.0,0,29368.0
46,5,0,0,0,1.0,1.0,0.03,0.06,0.0,1.0,1.0,1,26067.0
19,9,3834,0,1,0.0,0.0,1.0,0.0,0.0,0.21,0.0,0,17872.0
11,9,42,42,0,0.0,0.0,1.0,0.0,0.0,0.0,0.0,0,43655.0
19,9,641,0,1,0.0,0.0,1.0,0.0,0.04,0.0,0.0,0,85461.0
46,1,0,0,0,0.0,0.0,0.24,0.06,0.0,0.0,0.0,1,124880.0
11,9,44,119,0,0.0,0.0,1.0,0.0,0.0,0.0,0.0,0,80446.0
46,1,0,0,0,0.01,0.0,0.01,1.0,0.0,0.0,0.0,1,22819.0
11,9,68,0,0,0.0,0.0,1.0,0.0,0.0,0.0,0.0,0,24013.0
11,9,45,45,0,0.0,0.0,0.99,0.01,0.0,0.0,0.0,0,28475.0
57,9,1604,920608,1,0.0,0.0,1.0,0.0,0.0,0.0,0.0,0,59734.0
22,9,249,1706,1,0.0,0.0,1.0,0.0,0.02,0.0,0.0,0,80881.0
11,9,46,132,0,0.0,0.0,0.99,0.01,0.0,0.0,0.0,0,2888.0
46,5,0,0,0,1.0,1.0,0.05,0.06,0.0,1.0,1.0,1,85330.0
57,5,0,0,0,1.0,1.0,0.07,0.06,0.0,1.0,1.0,1,11164.0
41,9,516,4,0,0.0,0.0,1.0,0.0,0.0,0.0,0.0,0,27055.0
46,5,0,0,0,1.0,1.0,0.33,0.67,0.0,1.0,1.0,1,117581.0
46,5,0,0,0,1.0,1.0,0.26,0.07,0.0,1.0,1.0,1,125478.0
11,9,33,0,0,0.0,0.0,1.0,0.0,0.06,0.0,0.0,0,99955.0
22,9,222,602,1,0.0,0.0,1.0,0.0,0.0,0.0,0.0,0,29374.0
22,9,204,6356,1,0.0,0.0,1.0,0.0,0.0,0.0,0.0,0,66961.0
46,9,1,0,0,0.0,0.0,0.62,0.25,0.0,0.03,0.0,1,17651.0
19,5,0,0,0,1.0,1.0,0.14,0.05,0.0,1.0,1.0,1,92189.0
22,9,258,4302,1,0.0,0.0,1.0,0.0,0.06,0.0,0.06,0,476.0
4,5,0,0,0,1.0,1.0,0.03,0.06,0.0,1.0,1.0,1,875.0
7,5,0,0,0,1.0,1.0,0.02,0.07,0.0,1.0,1.0,1,13801.0
17,9,9,141,0,0.0,0.0,1.0,0.0,0.0,0.0,0.0,0,38945.0
22,9,167,4026,1,0.0,0.0,1.0,0.0,0.05,0.0,0.0,0,80450.0
11,9,42,42,0,0.0,0.0,1.0,0.0,0.0,0.0,0.0,0,67094.0
22,5,0,0,0,0.5,0.5,1.0,0.0,0.05,0.08,0.01,0,105228.0
22,9,160,447,1,0.0,0.0,1.0,0.0,0.0,0.0,0.0,0,82814.0
22,9,167,8157,1,0.0,0.0,1.0,0.0,0.01,0.0,0.0,0,64112.0
46,5,0,0,0,1.0,1.0,0.05,0.05,0.0,1.0,1.0,1,52134.0
46,5,0,0,0,1.0,1.0,0.02,0.06,0.0,1.0,1.0,1,22079.0
22,9,251,13356,1,0.0,0.0,1.0,0.0,0.0,0.0,0.0,0,66233.0
55,5,0,0,0,1.0,1.0,0.03,0.06,0.0,1.0,1.0,1,68365.0
22,9,192,1695,1,0.0,0.0,1.0,0.0,0.02,0.0,0.0,0,111870.0
22,9,308,14500,1,0.0,0.0,1.0,0.0,0.0,0.0,0.0,0,103525.0
46,5,0,0,0,1.0,1.0,0.21,0.06,0.0,1.0,1.0,1,109295.0
63,5,0,0,0,1.0,1.0,0.06,0.08,0.0,1.0,1.0,1,17158.0
22,9,293,398,1,0.2,0.18,1.0,0.0,0.0,0.01,0.01,0,40754.0
25,5,0,0,0,1.0,1.0,0.02,0.07,0.0,1.0,1.0,1,23474.0
41,9,146,105,0,0.0,0.0,0.5,0.5,0.0,0.0,0.0,0,84242.0
22,9,415,7270,1,0.0,0.0,1.0,0.0,0.0,0.0,0.0,0,52620.0
11,9,45,45,0,0.0,0.0,1.0,0.0,0.0,0.0,0.0,0,39245.0
22,1,0,0,0,0.0,0.0,1.0,0.0,0.04,0.0,0.01,0,57278.0
22,9,301,1305,1,0.0,0.0,1.0,0.0,0.07,0.0,0.0,0,108958.0
14,9,1032,0,0,0.0,0.0,1.0,0.0,0.0,0.0,0.0,0,122906.0
14,9,1032,0,0,0.0,0.0,1.0,0.0,0.0,0.0,0.0,0,89570.0
22,9,306,2239,1,0.0,0.0,1.0,0.0,0.0,0.0,0.0,0,46834.0
14,9,1032,0,0,0.0,0.0,1.0,0.0,0.0,0.0,0.0,0,38809.0
18,9,1043,2278,1,0.0,0.0,1.0,0.0,0.0,0.15,0.0,0,33810.0
46,5,0,0,0,1.0,1.0,0.06,0.07,0.0,1.0,1.0,1,90634.0
11,9,46,85,0,0.0,0.0,1.0,0.0,0.0,0.0,0.0,0,30211.0
22,9,378,928,1,0.0,0.0,1.0,0.0,0.0,0.0,0.0,0,65015.0
22,9,293,178,1,0.0,0.0,1.0,0.0,0.04,0.0,0.0,0,96066.0
46,5,0,0,0,1.0,1.0,0.12,0.06,0.0,1.0,1.0,1,917.0
22,9,315,515,1,0.0,0.0,1.0,0.0,0.0,0.0,0.0,0,30506.0
14,9,520,0,0,0.0,0.0,1.0,0.0,0.0,0.0,0.0,0,100863.0
22,9,374,409,1,0.0,0.0,1.0,0.0,0.0,0.0,0.0,0,106857.0
22,9,235,28405,1,0.0,0.0,1.0,0.0,0.03,0.0,0.0,0,125146.0
7,5,0,0,0,1.0,1.0,0.01,0.06,0.0,1.0,1.0,1,118362.0
5,5,0,0,0,1.0,1.0,0.02,0.07,0.0,1.0,1.0,1,35995.0
22,9,223,467,1,0.0,0.0,1.0,0.0,0.02,0.0,0.01,0,28167.0
46,5,0,0,0,1.0,1.0,0.09,0.05,0.0,1.0,1.0,1,30062.0
22,9,156,505,1,0.0,0.0,1.0,0.0,0.05,0.0,0.0,0,79228.0
22,9,343,4154,1,0.2,0.2,1.0,0.0,0.0,0.0,0.0,0,24369.0
22,9,295,16850,1,0.0,0.0,1.0,0.0,0.04,0.0,0.0,0,42851.0
49,5,0,0,0,1.0,1.0,0.05,0.05,0.0,1.0,1.0,1,76751.0
22,9,226,753,1,0.0,0.0,1.0,0.0,0.0,0.0,0.0,0,113457.0
57,5,0,0,0,1.0,1.0,0.06,0.07,0.0,1.0,1.0,1,49351.0
52,5,0,0,0,1.0,1.0,0.03,0.06,0.0,1.0,1.0,1,12898.0
56,5,0,0,0,1.0,1.0,0.11,0.07,0.0,1.0,1.0,1,103214.0
33,1,0,0,0,0.0,0.0,0.06,0.07,0.0,0.0,0.0,1,88783.0
46,9,1,0,0,0.0,0.0,0.11,0.17,0.0,0.03,0.0,1,32064.0
13,9,8,0,0,0.0,0.0,1.0,0.0,0.5,0.0,0.0,1,85853.0
46,5,0,0,0,1.0,1.0,0.03,0.07,0.0,1.0,1.0,1,44236.0
22,9,237,238,1,0.0,0.06,1.0,0.0,0.07,0.0,0.0,0,70352.0
22,9,287,3421,1,0.0,0.0,1.0,0.0,0.03,0.0,0.0,0,115729.0
62,5,0,0,0,1.0,1.0,0.11,0.06,0.0,1.0,1.0,1,124369.0
41,1,0,0,0,0.23,0.0,0.0,1.0,0.0,0.19,0.0,1,59565.0
22,9,328,356,1,0.0,0.0,1.0,0.0,0.01,0.0,0.0,0,35163.0
46,5,0,0,0,1.0,1.0,0.05,0.06,0.0,1.0,1.0,1,69344.0
22,1,0,0,0,0.0,0.0,1.0,0.0,0.32,0.0,0.01,0,56207.0
22,4,54540,8314,1,0.0,0.0,1.0,0.0,0.0,0.0,0.0,0,4540.0
19,9,4316,0,1,0.0,0.0,1.0,0.0,0.0,0.0,0.0,0,54357.0
46,5,0,0,0,1.0,1.0,0.02,0.06,0.0,0.8,1.0,1,105351.0
22,9,318,1342,1,0.0,0.0,1.0,0.0,0.03,0.0,0.0,0,47258.0
46,5,0,0,0,1.0,1.0,0.03,0.05,0.0,0.99,1.0,1,34923.0
46,9,207,0,0,0.0,0.0,1.0,0.0,0.0,0.0,0.0,0,5857.0
22,9,244,5061,1,0.0,0.0,1.0,0.0,0.0,0.0,0.0,0,78150.0
41,9,516,4,0,0.0,0.0,1.0,0.0,0.0,0.0,0.0,0,58839.0
13,9,30,0,0,0.0,0.0,0.33,1.0,0.0,0.0,0.0,0,20731.0
46,9,28,0,0,0.0,0.0,1.0,0.0,0.0,0.0,0.0,1,111963.0
38,1,0,0,0,0.0,0.0,0.13,0.07,0.0,0.0,0.0,1,91585.0
46,5,0,0,0,1.0,1.0,0.11,0.06,0.0,1.0,1.0,1,77513.0
11,9,43,131,0,0.0,0.0,1.0,0.01,0.0,0.0,0.0,0,121019.0
14,9,1032,0,0,0.0,0.0,1.0,0.0,0.0,0.0,0.0,0,16039.0
46,5,0,0,0,1.0,1.0,0.05,0.05,0.0,1.0,1.0,1,14305.0
19,5,0,0,0,0.98,1.0,0.33,0.07,0.0,1.0,1.0,1,8288.0
52,5,0,0,0,1.0,1.0,0.05,0.05,0.0,1.0,1.0,1,8379.0
22,9,292,2752,1,0.0,0.0,1.0,0.0,0.02,0.0,0.0,0,92986.0
6,5,0,0,0,1.0,1.0,0.03,0.08,0.0,1.0,1.0,1,2427.0
64,1,0,0,0,0.0,0.0,0.0,0.07,0.0,0.0,0.0,1,75523.0
13,9,8,0,0,0.0,0.0,1.0,0.0,0.5,0.0,0.0,1,54342.0
19,9,567,0,0,0.0,0.0,0.5,1.0,0.0,0.0,0.0,0,11372.0
46,5,0,0,0,1.0,1.0,0.06,0.06,0.0,1.0,1.0,1,114201.0
46,5,0,0,0,1.0,1.0,0.08,0.06,0.0,1.0,1.0,1,100536.0
11,9,45,81,0,0.0,0.0,1.0,0.01,0.0,0.0,0.0,0,3178.0
22,9,208,6271,1,0.0,0.0,1.0,0.0,0.01,0.0,0.0,0,111730.0
46,9,1,1,0,0.0,0.0,0.93,0.14,0.0,0.16,0.0,1,18604.0
22,9,249,1527,1,0.0,0.0,1.0,0.0,0.04,0.0,0.0,0,121370.0
14,9,1480,0,0,0.0,0.0,1.0,0.0,0.5,0.0,0.0,0,86774.0
46,1,0,0,0,0.0,0.0,0.02,0.07,0.0,0.0,0.0,1,81787.0
46,5,0,0,0,1.0,1.0,0.12,0.05,0.0,1.0,1.0,1,112137.0
22,9,336,12892,1,0.0,0.0,1.0,0.0,0.08,0.0,0.0,0,91812.0
22,1,0,0,0,0.0,0.0,1.0,0.0,0.23,0.0,0.0,0,84745.0
46,9,28,0,0,0.99,0.0,0.01,0.07,0.0,0.09,0.0,1,87772.0
22,9,309,103,1,0.0,0.0,1.0,0.0,0.05,0.0,0.0,0,97848.0
22,5,0,0,0,1.0,0.75,0.01,0.07,0.0,1.0,1.0,1,124257.0
13,9,18,0,0,0.0,0.0,0.5,1.0,0.26,0.0,0.0,1,12666.0
22,9,217,337,1,0.0,0.0,1.0,0.0,0.0,0.0,0.0,0,62725.0
22,9,302,396,1,0.0,0.0,1.0,0.0,0.0,0.0,0.0,0,38060.0
22,1,0,0,0,0.0,0.0,0.04,0.06,0.0,0.0,0.0,1,46133.0
51,9,1538,369,1,0.0,0.0,1.0,0.0,0.02,0.0,0.0,0,96448.0
61,5,0,0,0,1.0,1.0,0.13,0.05,0.0,1.0,1.0,1,76636.0
13,9,8,0,0,0.0,0.0,1.0,0.0,0.51,0.0,0.0,1,99065.0
19,9,0,5151385,0,0.0,0.0,1.0,0.0,0.0,0.0,0.0,0,24417.0
17,5,0,0,0,1.0,1.0,0.1,0.05,0.0,1.0,1.0,1,912.0
51,9,13552,1431,1,0.0,0.0,1.0,0.0,0.01,0.0,0.0,0,102168.0
46,4,0,0,0,0.0,0.0,1.0,0.0,0.0,0.0,0.0,1,112809.0
22,9,196,124,1,0.0,0.22,1.0,0.0,0.05,0.0,0.0,0,111875.0
22,9,311,248,1,0.0,0.0,1.0,0.0,0.0,0.0,0.0,0,73866.0
34,5,0,0,0,1.0,1.0,0.13,0.05,0.0,1.0,1.0,1,572.0
41,4,0,0,0,0.0,0.0,1.0,0.0,0.0,0.0,0.0,1,125069.0
51,9,2274,326,1,0.0,0.0,1.0,0.0,0.01,0.0,0.0,0,75436.0
46,5,0,0,0,1.0,1.0,0.12,0.06,0.0,1.0,1.0,1,93636.0
51,9,828,388,1,0.0,0.0,1.0,0.0,0.0,0.7,0.0,0,58115.0
22,9,348,1805,1,0.0,0.0,1.0,0.0,0.0,0.0,0.0,0,83717.0
11,9,44,127,0,0.0,0.0,0.99,0.03,0.0,0.0,0.0,0,1447.0
26,5,0,0,0,1.0,1.0,0.06,0.07,0.0,1.0,1.0,1,1009.0
22,9,247,2383,1,0.0,0.0,1.0,0.0,0.0,0.01,0.01,0,39037.0
22,9,237,3222,1,0.17,0.17,1.0,0.0,0.0,0.01,0.01,0,48926.0
19,9,334,0,1,0.0,0.0,1.0,0.0,0.15,0.0,0.0,0,31850.0
5,1,0,0,0,0.0,0.0,0.07,0.07,0.0,0.0,0.0,1,6889.0
2,5,0,0,0,1.0,1.0,0.08,0.06,0.0,1.0,1.0,1,96917.0
3,5,0,0,0,1.0,1.0,0.04,0.06,0.0,1.0,1.0,1,95764.0
22,9,331,2512,1,0.0,0.0,1.0,0.0,0.1,0.0,0.0,0,24411.0
22,9,280,1269,1,0.0,0.0,1.0,0.0,0.0,0.0,0.0,0,35223.0
46,5,0,0,0,1.0,1.0,0.06,0.05,0.0,1.0,1.0,1,23654.0
22,9,299,3260,1,0.0,0.0,1.0,0.0,0.04,0.0,0.01,0,105287.0
51,9,1153,328,1,0.0,0.0,1.0,0.0,0.01,0.02,0.0,0,65459.0
51,9,729,330,1,0.0,0.0,1.0,0.0,0.0,0.0,0.0,0,109720.0
57,5,0,0,0,1.0,1.0,0.1,0.06,0.0,1.0,1.0,1,96686.0
15,1,0,0,0,0.0,0.0,0.01,0.07,0.0,0.0,0.0,1,39241.0
46,5,0,0,0,1.0,1.0,0.05,0.08,0.0,1.0,1.0,1,80109.0
9,5,0,0,0,1.0,1.0,0.09,0.06,0.0,1.0,1.0,1,84832.0
11,9,45,71,0,0.0,0.0,1.0,0.0,0.0,0.0,0.0,0,80612.0
11,9,46,72,0,0.0,0.0,0.99,0.01,0.0,0.0,0.0,0,35105.0
51,9,2023,331,1,0.0,0.0,1.0,0.0,0.02,0.0,0.0,0,111643.0
22,1,0,0,0,0.0,0.0,0.04,0.07,0.0,0.0,0.0,1,87532.0
26,5,0,0,0,1.0,1.0,0.08,0.06,0.0,1.0,1.0,1,55954.0
22,9,195,1227,1,0.0,0.0,1.0,0.0,0.0,0.0,0.0,0,93128.0
22,9,54540,8314,1,0.0,0.0,1.0,0.0,0.0,0.0,0.0,0,79983.0
57,2,0,15,0,0.0,0.0,1.0,0.0,0.0,0.01,0.0,1,45068.0
31,5,0,0,0,1.0,1.0,0.1,0.06,0.0,1.0,1.0,1,32966.0
22,9,227,782,1,0.0,0.0,1.0,0.0,0.0,0.0,0.0,0,44254.0
34,5,0,0,0,1.0,1.0,0.08,0.07,0.0,1.0,1.0,1,32884.0
43,5,0,0,0,1.0,1.0,0.03,0.07,0.0,1.0,1.0,1,51033.0
2,5,0,0,0,1.0,1.0,0.02,0.05,0.0,1.0,1.0,1,62910.0
22,1,0,0,0,0.0,0.0,1.0,0.0,0.14,0.0,0.0,0,48759.0
51,9,883,330,1,0.0,0.0,1.0,0.0,0.0,0.0,0.0,0,64197.0
19,9,383,0,1,0.0,0.0,1.0,0.0,0.03,0.0,0.0,0,80663.0
13,9,8,0,0,0.0,0.0,1.0,0.0,0.5,0.0,0.0,1,85109.0
22,9,292,1491,1,0.0,0.0,1.0,0.0,0.0,0.0,0.0,0,113276.0
41,9,147,105,0,0.0,0.0,1.0,0.0,0.0,0.0,0.0,0,34525.0
22,9,312,3058,1,0.0,0.0,1.0,0.0,0.04,0.0,0.0,0,53827.0
46,5,0,0,0,1.0,1.0,0.03,0.06,0.0,1.0,1.0,1,104597.0
6,5,0,0,0,1.0,1.0,0.09,0.06,0.0,1.0,1.0,1,80715.0
22,9,178,171136,1,0.0,0.0,1.0,0.0,0.03,0.25,0.0,0,56434.0
46,5,0,0,0,1.0,1.0,0.06,0.06,0.0,1.0,1.0,1,110289.0
22,9,232,1035,1,0.0,0.0,1.0,0.0,0.0,0.0,0.0,0,99965.0
15,5,0,0,0,1.0,1.0,0.17,0.05,0.0,1.0,1.0,1,123443.0
22,9,287,420,1,0.0,0.0,1.0,0.0,0.0,0.0,0.0,0,14514.0
36,5,0,0,0,1.0,1.0,0.13,0.06,0.0,1.0,1.0,1,58765.0
46,9,105,146,0,0.0,0.0,1.0,0.0,0.0,0.0,0.0,0,97654.0
22,9,206,9152,1,0.0,0.0,1.0,0.0,0.0,0.0,0.0,0,107625.0
19,9,374,0,1,0.0,0.0,1.0,0.0,0.0,0.0,0.0,0,43675.0
22,9,221,2209,1,0.0,0.0,1.0,0.0,0.04,0.0,0.0,0,94699.0
57,5,0,0,0,1.0,1.0,0.31,0.07,0.15,0.96,0.69,1,115700.0
11,9,44,84,0,0.0,0.0,1.0,0.0,0.0,0.0,0.0,0,121557.0
19,5,0,0,0,1.0,1.0,0.25,0.5,0.0,1.0,1.0,1,40387.0
11,9,44,74,0,0.0,0.0,1.0,0.0,0.0,0.0,0.0,0,104209.0
51,9,1258,359,1,0.0,0.0,1.0,0.0,0.01,0.0,0.0,0,677.0
46,1,0,0,0,0.0,0.0,0.14,0.06,0.0,0.0,0.0,1,23613.0
22,9,293,4937,1,0.0,0.0,1.0,0.0,0.02,0.0,0.0,0,4530.0
41,9,3468,0,1,0.07,0.0,0.07,0.13,0.0,0.02,0.0,0,10612.0
36,5,0,0,0,1.0,1.0,0.01,0.07,0.0,1.0,1.0,1,62221.0
19,9,12165,0,0,0.0,0.0,1.0,0.0,0.0,0.67,0.0,0,94109.0
22,9,283,285,1,0.0,0.0,1.0,0.0,0.0,0.0,0.0,0,75457.0
25,5,0,0,0,1.0,1.0,0.07,0.05,0.0,1.0,1.0,1,6857.0
22,9,231,403,1,0.0,0.0,1.0,0.0,0.0,0.0,0.0,0,73059.0
46,1,0,0,0,0.0,0.0,0.14,0.07,0.0,0.0,0.0,1,42248.0
22,9,189,5670,1,0.0,0.0,1.0,0.0,0.02,0.0,0.0,0,36092.0
22,9,313,3448,1,0.0,0.0,1.0,0.0,0.04,0.0,0.0,0,16941.0
39,5,0,0,0,1.0,1.0,0.11,0.05,0.0,1.0,1.0,1,57589.0
22,1,0,0,0,0.0,0.0,1.0,0.0,0.0,0.0,0.0,0,34997.0
46,1,0,0,0,0.0,0.0,0.02,0.06,0.0,0.0,0.0,1,84393.0
51,9,800,331,1,0.0,0.0,1.0,0.0,0.0,0.0,0.0,0,49560.0
29,5,0,0,0,1.0,1.0,0.16,0.05,0.0,1.0,1.0,1,102502.0
3,9,10,37,1,0.0,0.0,1.0,0.0,0.0,0.0,0.0,0,116260.0
14,9,1032,0,0,0.0,0.0,1.0,0.0,0.0,0.0,0.0,0,13282.0
51,9,785,328,1,0.0,0.0,1.0,0.0,0.0,0.0,0.0,0,77629.0
51,9,774,325,1,0.0,0.0,1.0,0.0,0.0,0.0,0.0,0,108563.0
22,6,274,12505,1,0.33,0.12,1.0,0.0,0.06,0.01,0.0,0,28840.0
22,9,285,2537,1,0.17,0.17,1.0,0.0,0.0,0.0,0.0,0,92660.0
22,9,285,705,1,0.0,0.0,1.0,0.0,0.05,0.0,0.01,0,124499.0
22,1,0,0,0,0.0,0.0,1.0,0.0,0.24,0.0,0.0,0,118981.0
22,9,294,671,1,0.0,0.0,1.0,0.0,0.0,0.0,0.0,0,61917.0
17,9,9,140,0,0.0,0.0,1.0,0.0,0.4,0.0,0.0,0,74228.0
25,1,0,0,0,0.0,0.0,0.05,0.06,0.0,0.0,0.0,1,108949.0
33,5,0,0,0,1.0,1.0,0.02,0.06,0.0,1.0,1.0,1,67537.0
46,1,0,0,0,0.0,0.0,0.05,0.06,0.0,0.0,0.0,1,55933.0
22,9,188,2057,1,0.0,0.0,1.0,0.0,0.01,0.0,0.0,0,7630.0
51,9,3170,328,1,0.0,0.0,1.0,0.0,0.0,0.0,0.0,0,90984.0
41,1,0,0,0,0.16,0.0,0.0,1.0,0.0,0.19,0.0,1,11858.0
56,5,0,0,0,1.0,1.0,0.05,0.06,0.0,1.0,1.0,1,21224.0
22,9,151,511,1,0.0,0.0,1.0,0.0,0.04,0.0,0.0,0,25986.0
46,5,0,0,0,1.0,1.0,0.03,0.06,0.0,1.0,1.0,1,26.0
46,9,1,0,0,0.0,0.0,0.13,0.6,0.0,0.03,0.0,1,84371.0
11,9,46,79,0,0.0,0.0,1.0,0.0,0.0,0.0,0.0,0,26297.0
46,1,0,0,0,0.0,0.0,0.1,0.06,0.0,0.0,0.0,1,52502.0
34,5,0,0,0,1.0,1.0,0.09,0.08,0.0,1.0,1.0,1,77710.0
64,1,0,0,0,0.0,0.0,0.01,0.07,0.0,0.0,0.0,1,74372.0
46,9,1,0,0,0.0,0.0,0.13,0.1,0.0,0.0,0.0,1,33512.0
22,9,198,9287,1,0.0,0.0,1.0,0.0,0.03,0.0,0.0,0,89297.0
22,9,307,587,1,0.0,0.0,1.0,0.0,0.04,0.0,0.0,0,125281.0
14,9,520,0,0,0.0,0.0,1.0,0.0,0.0,0.0,0.0,0,64391.0
18,5,0,0,0,1.0,1.0,0.07,0.06,0.0,1.0,1.0,1,49199.0
46,5,0,0,0,1.0,1.0,0.03,0.06,0.0,1.0,1.0,1,92043.0
46,5,0,0,0,1.0,1.0,0.1,0.06,0.0,1.0,1.0,1,118377.0
17,9,7,147,0,0.0,0.0,1.0,0.0,0.0,0.87,0.0,0,117621.0
63,5,0,0,0,1.0,1.0,0.03,0.07,0.0,1.0,1.0,1,101474.0
41,9,146,105,0,0.0,0.0,1.0,0.0,0.0,0.0,0.0,0,26968.0
24,5,0,0,0,1.0,1.0,0.12,0.12,0.0,1.0,1.0,1,46351.0
22,9,229,1221,1,0.0,0.0,1.0,0.0,0.06,0.0,0.0,0,99492.0
46,5,0,0,0,1.0,1.0,0.07,0.06,0.0,1.0,1.0,1,62601.0
46,5,0,0,0,1.0,1.0,0.09,0.06,0.0,1.0,1.0,1,45203.0
46,9,1,0,0,0.0,0.0,0.12,0.12,0.0,0.0,0.0,1,74102.0
22,9,54540,8314,1,0.0,0.0,1.0,0.0,0.0,0.01,0.01,0,113304.0
55,5,0,0,0,1.0,1.0,0.07,0.06,0.0,1.0,1.0,1,71720.0
13,9,8,0,0,0.0,0.0,1.0,0.0,0.5,0.0,0.0,1,79742.0
46,5,0,0,0,1.0,1.0,0.15,0.06,0.0,1.0,1.0,1,33873.0
46,1,0,0,0,0.0,0.0,0.04,0.07,0.0,0.0,0.0,1,20989.0
64,1,0,0,0,0.0,0.0,0.07,0.06,0.0,0.0,0.0,1,63908.0
46,5,0,0,0,1.0,1.0,0.05,0.06,0.0,1.0,1.0,1,104644.0
11,9,45,128,0,0.0,0.0,1.0,0.0,0.0,0.0,0.0,0,118419.0
62,5,0,0,0,1.0,1.0,0.03,0.05,0.0,1.0,1.0,1,62504.0
13,9,8,0,0,0.0,0.0,1.0,0.0,0.5,0.0,0.0,1,119770.0
22,9,216,1798,1,0.0,0.0,1.0,0.0,0.04,0.0,0.0,0,21590.0
4,5,0,0,0,1.0,1.0,0.11,0.06,0.0,1.0,1.0,1,53300.0
3,9,9,38,1,0.0,0.0,1.0,0.0,0.67,0.0,0.0,0,65238.0
41,9,147,105,0,0.0,0.0,0.33,0.5,0.0,0.0,0.0,0,23930.0
46,5,0,0,0,1.0,1.0,0.04,0.05,0.0,1.0,1.0,1,27883.0
14,9,520,0,0,0.0,0.0,1.0,0.0,0.0,0.0,0.0,0,79091.0
46,4,1,0,0,0.0,0.0,1.0,0.0,0.0,0.0,0.0,1,92860.0
22,9,198,2168,1,0.0,0.0,1.0,0.0,0.0,0.0,0.0,0,111855.0
22,9,286,4408,1,0.0,0.0,1.0,0.0,0.05,0.0,0.0,0,30894.0
46,4,0,0,0,0.0,0.0,1.0,0.0,0.0,0.0,0.0,1,78022.0
22,1,0,0,0,0.0,0.0,1.0,0.0,0.29,0.0,0.0,0,43013.0
22,9,313,3222,1,0.0,0.0,1.0,0.0,0.0,0.0,0.0,0,33961.0
19,9,68267,0,0,0.0,0.0,1.0,0.0,0.17,0.0,0.0,0,118471.0
28,5,0,0,0,1.0,1.0,0.13,0.08,0.0,1.0,1.0,1,100354.0
22,5,0,0,0,1.0,1.0,0.09,0.06,0.0,1.0,1.0,1,75992.0
22,9,222,11223,1,0.0,0.0,1.0,0.0,0.04,0.0,0.0,0,49102.0
38,5,0,0,0,1.0,1.0,0.02,0.08,0.0,1.0,1.0,1,92872.0
19,9,9,0,1,0.0,0.0,1.0,0.0,0.06,0.0,0.0,0,98696.0
19,9,501760,0,0,0.0,0.0,1.0,0.0,0.02,0.0,0.01,0,110687.0
22,9,230,1536,1,0.0,0.0,1.0,0.0,0.03,0.0,0.0,0,125563.0
22,9,264,19983,1,0.0,0.0,1.0,0.0,0.04,0.0,0.0,0,28501.0
22,9,297,799,1,0.0,0.0,1.0,0.0,0.0,0.0,0.0,0,113479.0
22,9,199,280,1,0.33,0.03,1.0,0.0,0.02,0.01,0.01,0,41832.0
19,5,0,0,0,1.0,1.0,0.24,0.14,0.0,1.0,1.0,1,50445.0
22,9,213,1721,1,0.0,0.0,1.0,0.0,0.04,0.0,0.0,0,118687.0
46,5,0,0,0,0.99,1.0,0.11,0.07,0.0,1.0,1.0,1,89029.0
22,9,359,5549,1,0.0,0.0,1.0,0.0,0.04,0.0,0.0,0,62611.0
22,5,0,0,0,1.0,1.0,0.2,0.16,0.0,1.0,1.0,1,115899.0
22,9,318,6250,1,0.0,0.0,1.0,0.0,0.0,0.0,0.0,0,101790.0
53,5,0,0,0,1.0,1.0,0.18,0.06,0.0,1.0,1.0,1,109816.0
22,9,296,589,1,0.0,0.0,1.0,0.0,0.03,0.0,0.0,0,52160.0
19,9,334,0,1,0.0,0.0,1.0,0.0,0.31,0.0,0.0,0,15398.0
11,9,44,69,0,0.0,0.0,1.0,0.0,0.0,0.0,0.0,0,81095.0
41,9,147,105,0,0.0,0.0,1.0,0.0,0.0,0.0,0.0,0,82352.0
22,9,281,757,1,0.0,0.0,1.0,0.0,0.03,0.0,0.0,0,106149.0
22,9,208,1556,1,0.0,0.0,1.0,0.0,0.01,0.0,0.0,0,25518.0
22,9,242,320,1,0.0,0.0,1.0,0.0,0.01,0.0,0.0,0,98875.0
60,9,182,0,0,0.0,0.0,1.0,0.0,0.0,0.0,0.0,0,33971.0
57,2,0,15,0,0.0,0.0,1.0,0.0,0.67,0.0,0.0,1,36307.0
46,5,0,0,0,1.0,1.0,0.05,0.07,0.0,1.0,1.0,1,111033.0
51,9,1170,286,1,0.0,0.0,1.0,0.0,0.01,0.01,0.01,0,85005.0
41,9,147,105,0,0.0,0.0,0.29,0.57,0.0,0.0,0.0,0,76431.0
46,5,0,0,0,1.0,1.0,0.13,0.06,0.0,1.0,1.0,1,1845.0
19,9,245,0,1,0.0,0.0,1.0,0.0,0.04,0.0,0.0,0,123072.0
19,1,0,0,0,0.0,0.0,0.12,0.06,0.0,0.0,0.0,1,117980.0
3,5,0,0,0,1.0,1.0,0.04,0.05,0.0,1.0,1.0,1,71115.0
11,9,42,42,0,0.0,0.0,1.0,0.01,0.0,0.0,0.0,0,115239.0
22,9,218,928,1,0.0,0.0,1.0,0.0,0.05,0.0,0.0,0,69504.0
46,2,0,0,0,0.0,0.0,0.11,0.07,0.0,0.0,0.0,1,5217.0
11,9,45,167,0,0.0,0.0,1.0,0.0,0.0,0.0,0.0,0,118321.0
11,9,43,43,0,0.0,0.0,1.0,0.01,0.0,0.0,0.0,0,64605.0
22,9,205,8064,1,0.0,0.0,1.0,0.0,0.0,0.0,0.0,0,2757.0
46,5,0,0,0,1.0,1.0,0.07,0.04,0.0,0.99,1.0,1,99694.0
46,4,1,0,0,0.0,0.0,1.0,0.0,0.0,0.0,0.0,1,65457.0
22,1,0,0,0,0.0,0.0,0.02,0.07,0.0,0.0,0.0,1,57708.0
46,5,0,0,0,1.0,1.0,0.15,0.07,0.0,1.0,1.0,1,73500.0
63,5,0,0,0,1.0,1.0,0.02,0.06,0.0,1.0,1.0,1,110634.0
46,5,0,0,0,1.0,1.0,0.05,0.06,0.0,1.0,1.0,1,109197.0
46,5,0,0,0,1.0,1.0,0.15,0.05,0.0,1.0,1.0,1,21259.0
22,9,214,1099,1,0.0,0.0,1.0,0.0,0.04,0.0,0.0,0,4491.0
46,5,0,0,0,1.0,1.0,0.24,0.13,0.0,1.0,1.0,1,97272.0
22,9,292,388,1,0.0,0.0,1.0,0.0,0.04,0.01,0.0,0,86356.0
17,9,10,186,0,0.0,0.0,1.0,0.0,0.0,0.0,0.0,0,88194.0
46,5,0,0,0,1.0,1.0,0.04,0.06,0.0,1.0,1.0,1,102571.0
19,9,8496,0,1,0.0,0.0,1.0,0.0,0.02,0.0,0.0,0,34146.0
8,2,0,0,0,0.0,0.0,0.04,0.06,0.0,0.0,0.0,1,50593.0
46,5,0,0,0,1.0,1.0,0.03,0.07,0.0,1.0,1.0,1,104396.0
51,9,741,332,1,0.0,0.0,1.0,0.0,0.02,0.0,0.0,0,88847.0
22,9,227,717,1,0.0,0.0,1.0,0.0,0.0,0.0,0.0,0,22664.0
22,9,228,596,1,0.0,0.0,1.0,0.0,0.0,0.0,0.0,0,20523.0
2,5,0,0,0,1.0,1.0,0.06,0.06,0.0,1.0,1.0,1,4614.0
39,5,0,0,0,1.0,1.0,0.07,0.07,0.0,1.0,1.0,1,39014.0
57,9,166,23376,1,0.0,0.0,1.0,0.0,0.0,0.0,0.0,0,1296.0
11,9,44,71,0,0.0,0.0,1.0,0.01,0.0,0.0,0.0,0,4951.0
11,9,43,43,0,0.0,0.0,0.99,0.02,0.0,0.0,0.0,0,106990.0
22,9,228,1112,1,0.0,0.0,1.0,0.0,0.0,0.0,0.0,0,67349.0
22,9,182,24043,1,0.0,0.0,1.0,0.0,0.03,0.0,0.0,0,68942.0
22,9,210,3047,1,0.0,0.0,1.0,0.0,0.02,0.0,0.0,0,122492.0
22,9,315,308,1,0.0,0.0,1.0,0.0,0.0,0.0,0.0,0,70762.0
51,9,1408,332,1,0.0,0.0,1.0,0.0,0.02,0.0,0.0,0,28073.0
16,5,0,0,0,1.0,1.0,0.08,0.05,0.0,1.0,1.0,1,79801.0
46,5,0,0,0,1.0,1.0,0.11,0.07,0.0,1.0,1.0,1,96324.0
22,9,238,477,1,0.0,0.0,1.0,0.0,0.02,0.0,0.0,0,70153.0
46,5,0,0,0,1.0,1.0,0.09,0.04,0.0,1.0,1.0,1,8050.0
32,5,0,0,0,1.0,1.0,0.05,0.06,0.0,1.0,1.0,1,64379.0
51,9,1087,363,1,0.0,0.0,1.0,0.0,0.02,0.0,0.0,0,52018.0
11,9,45,45,0,0.0,0.0,1.0,0.0,0.0,0.0,0.0,0,10475.0
25,5,0,0,0,1.0,1.0,0.04,0.06,0.0,1.0,1.0,1,111511.0
57,4,623,2492,1,0.0,0.0,1.0,0.0,0.0,0.93,0.33,0,54303.0
51,9,2393,333,1,0.0,0.0,1.0,0.0,0.01,0.0,0.0,0,10832.0
46,5,0,0,0,1.0,1.0,0.04,0.09,0.0,1.0,1.0,1,76051.0
22,1,0,0,0,0.0,0.0,1.0,0.0,0.29,0.0,0.0,0,58125.0
46,5,0,0,0,1.0,1.0,0.08,0.07,0.0,1.0,1.0,1,984.0
14,9,1032,0,0,0.0,0.0,1.0,0.0,0.0,0.0,0.0,0,35780.0
46,5,0,0,0,1.0,1.0,0.0,0.06,0.0,1.0,1.0,1,20255.0
22,1,0,0,0,0.0,0.0,1.0,0.0,0.11,0.0,0.0,0,47691.0
41,9,146,0,0,0.0,0.0,0.5,1.0,0.0,0.0,0.0,0,32861.0
46,9,1,0,0,0.0,0.0,0.51,0.13,0.0,0.0,0.0,1,65978.0
41,9,146,105,0,0.0,0.0,1.0,0.0,0.0,0.0,0.0,0,77210.0
43,5,0,0,0,1.0,1.0,0.05,0.05,0.0,1.0,1.0,1,60164.0
22,9,350,2597,1,0.0,0.0,1.0,0.0,0.03,0.0,0.0,0,23407.0
22,9,227,10739,1,0.0,0.0,1.0,0.0,0.0,0.0,0.0,0,12257.0
7,5,0,0,0,1.0,1.0,0.11,0.06,0.0,1.0,1.0,1,69531.0
46,5,0,0,0,1.0,1.0,0.04,0.05,0.0,0.97,1.0,1,78525.0
2,5,0,0,0,1.0,1.0,0.05,0.06,0.0,1.0,1.0,1,87911.0
19,9,7280,0,1,0.0,0.0,1.0,0.0,0.0,0.0,0.0,0,81844.0
46,1,0,0,0,0.0,0.0,1.0,0.0,1.0,0.0,0.0,1,57111.0
46,9,1,0,0,0.0,0.0,0.72,0.04,0.0,0.0,0.0,1,8863.0
11,9,46,46,0,0.0,0.0,1.0,0.0,0.0,0.0,0.0,0,91505.0
22,9,348,412,1,0.0,0.0,1.0,0.0,0.05,0.0,0.0,0,113907.0
57,5,0,0,0,1.0,1.0,0.21,0.06,0.0,1.0,1.0,1,79778.0
11,9,44,118,0,0.0,0.0,1.0,0.0,0.0,0.0,0.0,0,63611.0
3,5,0,0,0,1.0,1.0,0.04,0.06,0.0,1.0,1.0,1,78928.0
57,2,110,9225,1,0.0,0.0,1.0,0.0,0.0,0.01,0.0,0,4601.0
22,9,303,7208,1,0.0,0.0,1.0,0.0,0.0,0.0,0.0,0,113689.0
13,9,18,0,0,0.0,0.0,1.0,0.0,0.27,0.0,0.0,1,103913.0
63,5,0,0,0,1.0,1.0,0.16,0.06,0.0,1.0,1.0,1,7298.0
51,9,12609,1397,1,0.0,0.0,1.0,0.0,0.01,0.0,0.0,0,70049.0
37,5,0,0,0,1.0,1.0,0.07,0.05,0.0,1.0,1.0,1,76318.0
2,1,0,0,0,0.0,0.0,0.01,0.07,0.0,0.0,0.0,1,2794.0
38,1,0,0,0,0.0,0.0,0.12,0.06,0.0,0.0,0.0,1,70485.0
22,9,252,654,1,0.0,0.0,1.0,0.0,0.02,0.0,0.0,0,15504.0
41,5,0,0,0,1.0,1.0,0.08,0.06,0.0,1.0,1.0,1,19058.0
33,1,0,0,0,0.0,0.0,0.03,0.07,0.0,0.0,0.0,1,59343.0
46,1,0,0,0,0.0,0.0,0.07,0.07,0.0,0.0,0.0,1,98192.0
19,9,2881,0,1,0.0,0.0,1.0,0.0,0.0,0.0,0.0,0,100686.0
22,5,0,0,0,1.0,1.0,1.0,0.0,0.16,1.0,0.06,1,8372.0
25,5,0,0,0,1.0,1.0,0.04,0.08,0.0,1.0,1.0,1,111680.0
19,9,71,0,1,0.0,0.0,1.0,0.0,0.0,0.5,0.45,0,27047.0
22,9,246,1721,1,0.0,0.0,1.0,0.0,0.01,0.0,0.0,0,118797.0
22,9,223,9146,1,0.5,0.5,1.0,0.0,0.0,0.01,0.01,0,66422.0
46,5,0,0,0,1.0,1.0,0.09,0.05,0.0,0.9,1.0,1,45245.0
14,9,520,0,0,0.0,0.0,1.0,0.0,0.0,0.0,0.0,0,40696.0
46,9,105,147,0,0.0,0.0,1.0,0.0,0.0,0.0,0.0,0,9474.0
46,5,0,0,0,1.0,1.0,0.01,0.06,0.0,1.0,1.0,1,31736.0
29,1,0,0,0,0.0,0.0,0.01,0.07,0.0,0.0,0.0,1,52149.0
6,5,0,0,0,1.0,1.0,0.16,0.05,0.0,1.0,1.0,1,42041.0
19,9,567,0,1,0.0,0.0,0.5,1.0,0.03,0.0,0.0,0,18578.0
14,9,1032,0,0,0.0,0.0,1.0,0.0,0.0,0.0,0.0,0,38707.0
64,5,0,0,0,1.0,1.0,0.02,0.06,0.0,1.0,1.0,1,97126.0
22,9,277,1533,1,0.0,0.0,1.0,0.0,0.01,0.0,0.0,0,83549.0
18,5,0,0,0,1.0,1.0,0.07,0.05,0.0,1.0,1.0,1,5870.0
22,9,320,2459,1,0.0,0.0,1.0,0.0,0.02,0.0,0.0,0,31640.0
32,1,0,0,0,0.0,0.0,0.07,0.06,0.0,0.0,0.0,1,92870.0
26,1,0,0,0,0.0,0.0,0.04,0.07,0.0,0.0,0.0,1,3308.0
19,5,0,0,0,1.0,1.0,0.22,0.05,0.0,1.0,1.0,1,125300.0
46,1,0,0,0,0.0,0.0,1.0,0.0,1.0,0.0,0.0,1,11057.0
11,9,44,133,0,0.0,0.0,1.0,0.01,0.0,0.0,0.0,0,85666.0
51,9,655,339,1,0.0,0.0,1.0,0.0,0.01,0.0,0.0,0,85210.0
22,9,295,798,1,0.0,0.0,1.0,0.0,0.05,0.0,0.0,0,121166.0
22,9,285,412,1,0.0,0.0,1.0,0.0,0.02,0.0,0.0,0,100089.0
46,5,0,0,0,1.0,1.0,0.03,0.06,0.0,1.0,1.0,1,46124.0
51,9,894,477,1,0.0,0.0,1.0,0.0,0.02,0.01,0.0,0,81048.0
46,9,105,146,0,0.0,0.0,1.0,0.0,0.0,0.0,0.0,0,87514.0
22,9,336,714,1,0.0,0.0,1.0,0.0,0.01,0.0,0.0,0,31516.0
22,1,0,0,0,0.0,0.0,1.0,0.0,0.25,0.0,0.0,0,93476.0
19,9,960,0,1,0.0,0.0,1.0,0.0,0.02,0.0,0.0,0,94371.0
35,5,0,0,0,1.0,1.0,0.03,0.07,0.0,1.0,1.0,1,95910.0
17,5,0,0,0,1.0,1.0,0.01,0.06,0.0,1.0,1.0,1,38667.0
46,1,0,0,0,0.0,0.0,0.11,0.07,0.0,0.0,0.0,1,84793.0
46,5,0,0,0,1.0,1.0,0.01,0.08,0.0,1.0,1.0,1,45200.0
17,9,10,225,0,0.0,0.0,1.0,0.0,0.14,0.0,0.0,0,51722.0
3,5,0,0,0,1.0,1.0,0.11,0.05,0.0,1.0,1.0,1,115790.0
2,5,0,0,0,1.0,1.0,0.05,0.06,0.0,1.0,1.0,1,117482.0
22,9,224,403,1,0.0,0.0,1.0,0.0,0.04,0.0,0.0,0,16142.0
11,9,45,80,0,0.0,0.0,1.0,0.0,0.0,0.0,0.0,0,73062.0
19,5,0,0,0,1.0,1.0,0.07,0.14,0.0,1.0,1.0,1,185.0
11,9,43,167,0,0.0,0.0,1.0,0.0,0.0,0.0,0.0,0,44140.0
19,9,12,0,1,0.0,0.0,1.0,0.0,0.0,0.0,0.0,0,32316.0
11,9,44,80,0,0.0,0.0,1.0,0.0,0.0,0.0,0.0,0,45353.0
57,5,0,0,0,1.0,1.0,0.05,0.05,0.0,1.0,1.0,1,4415.0
11,9,43,75,0,0.0,0.0,1.0,0.0,0.0,0.0,0.0,0,6146.0
57,5,0,0,0,1.0,1.0,0.13,0.06,0.0,1.0,1.0,1,59460.0
19,5,0,0,0,1.0,1.0,0.23,0.08,0.0,1.0,1.0,1,62561.0
22,9,54540,8314,1,0.0,0.0,1.0,0.0,0.0,0.0,0.0,0,84055.0
57,9,101,4427,0,0.0,0.0,1.0,0.0,0.0,0.0,0.0,0,22781.0
46,5,0,0,0,1.0,1.0,0.01,0.06,0.0,1.0,1.0,1,97740.0
14,9,520,0,0,0.0,0.0,1.0,0.0,0.0,0.0,0.0,0,118828.0
22,9,293,16702,1,0.0,0.0,1.0,0.0,0.03,0.0,0.0,0,122350.0
22,9,329,1584,1,0.0,0.0,1.0,0.0,0.0,0.0,0.0,0,52660.0
51,9,2119,332,1,0.0,0.0,1.0,0.0,0.0,0.0,0.0,0,8563.0
22,9,291,255,1,0.0,0.0,1.0,0.0,0.0,0.0,0.0,0,106200.0
22,1,0,0,0,0.0,0.0,1.0,0.0,0.21,0.0,0.0,0,67083.0
22,9,313,2698,1,0.0,0.0,1.0,0.0,0.0,0.0,0.0,0,65120.0
22,9,339,1497,1,0.0,0.0,1.0,0.0,0.13,0.0,0.0,0,117866.0
22,9,240,8718,1,0.0,0.0,1.0,0.0,0.0,0.0,0.0,0,71992.0
22,9,349,281,1,0.0,0.0,1.0,0.0,0.03,0.0,0.0,0,47866.0
22,9,179,286,1,0.0,0.0,1.0,0.0,0.05,0.0,0.0,0,42198.0
11,9,44,44,0,0.0,0.0,0.2,0.4,0.0,0.0,0.0,0,108227.0
17,5,0,0,0,1.0,1.0,0.26,0.06,0.0,1.0,1.0,1,15551.0
14,9,1032,0,0,0.0,0.0,1.0,0.0,0.0,0.0,0.0,0,121732.0
11,9,45,132,0,0.0,0.0,1.0,0.0,0.0,0.0,0.0,0,9467.0
22,9,221,917,1,0.0,0.0,1.0,0.0,0.0,0.0,0.0,0,40404.0
46,9,215,0,0,0.0,0.0,1.0,0.0,0.0,0.0,0.0,0,118250.0
29,1,0,0,0,0.0,0.0,0.04,0.06,0.0,0.0,0.0,1,67840.0
26,5,0,0,0,1.0,1.0,0.0,0.06,0.0,1.0,1.0,1,24604.0
11,9,45,138,0,0.0,0.0,1.0,0.0,0.0,0.0,0.0,0,24634.0
11,9,44,79,0,0.0,0.0,1.0,0.0,0.0,0.0,0.0,0,4830.0
22,9,254,270,1,0.0,0.0,1.0,0.0,0.0,0.0,0.0,0,114578.0
46,1,0,0,0,0.0,0.0,0.01,0.07,0.0,0.0,0.0,1,27695.0
6,1,0,0,0,0.0,0.0,0.01,0.07,0.0,0.0,0.0,1,90835.0
11,9,43,130,0,0.0,0.0,1.0,0.0,0.0,0.0,0.0,0,70076.0
22,9,309,2112,1,0.0,0.0,1.0,0.0,0.01,0.0,0.0,0,91947.0
41,9,12241,0,1,0.17,0.0,0.17,0.67,0.0,0.01,0.0,0,116608.0
19,5,0,0,0,1.0,1.0,0.01,0.06,0.0,1.0,1.0,1,37951.0
46,5,0,0,0,1.0,1.0,0.07,0.06,0.0,1.0,1.0,1,7621.0
22,9,260,9541,1,0.0,0.0,1.0,0.0,0.01,0.03,0.01,0,4534.0
22,9,235,8195,1,0.0,0.0,1.0,0.0,0.0,0.0,0.0,0,29091.0
46,1,0,0,0,0.0,0.0,0.11,0.07,0.0,0.0,0.0,1,44931.0
22,9,317,1721,1,0.0,0.0,1.0,0.0,0.07,0.0,0.0,0,114823.0
22,9,228,261,1,0.0,0.0,1.0,0.0,0.05,0.0,0.0,0,97638.0
22,1,0,0,0,0.0,0.0,1.0,0.0,0.11,0.0,0.0,0,27531.0
57,2,126,179,0,0.0,0.0,1.0,0.0,0.0,0.04,0.04,0,57517.0
22,9,243,263,1,0.0,0.0,1.0,0.0,0.0,0.0,0.0,0,27872.0
22,9,210,10561,1,0.0,0.0,1.0,0.0,0.04,0.0,0.0,0,1389.0
57,9,104,1608,1,0.0,0.0,1.0,0.0,0.0,0.0,0.0,0,1577.0
14,9,1032,0,0,0.0,0.0,1.0,0.0,0.0,0.0,0.0,0,72412.0
3,5,0,0,0,1.0,1.0,0.0,0.07,0.0,1.0,1.0,1,109825.0
25,9,1334,162,0,0.0,0.0,1.0,0.0,0.0,0.4,0.4,0,17672.0
46,5,0,0,0,1.0,1.0,0.09,0.06,0.0,1.0,1.0,1,17893.0
55,1,0,0,0,0.0,0.0,0.02,0.06,0.0,0.0,0.0,1,32180.0
22,9,214,6513,1,0.0,0.0,1.0,0.0,0.03,0.0,0.0,0,110153.0
14,9,1032,0,0,0.0,0.0,1.0,0.0,0.0,0.0,0.0,0,121774.0
22,1,0,0,0,0.0,0.0,1.0,0.0,0.19,0.0,0.0,0,53252.0
57,5,0,0,0,1.0,1.0,0.19,0.12,0.5,1.0,0.75,1,62444.0
22,9,345,4340,1,0.0,0.0,1.0,0.0,0.0,0.0,0.0,0,94066.0
22,9,350,4137,1,0.0,0.0,1.0,0.0,0.0,0.0,0.0,0,78438.0
46,5,0,0,0,1.0,1.0,0.11,0.05,0.0,1.0,1.0,1,67408.0
11,9,130,44,0,0.0,0.0,1.0,0.01,0.0,0.0,0.0,0,9696.0
22,9,211,4617,1,0.0,0.0,1.0,0.0,0.05,0.0,0.0,0,46553.0
22,9,360,1738,1,0.0,0.0,1.0,0.0,0.0,0.0,0.0,0,1339.0
26,5,0,0,0,1.0,1.0,0.05,0.06,0.0,1.0,1.0,1,13068.0
22,9,335,829,1,0.0,0.0,1.0,0.0,0.0,0.0,0.0,0,59206.0
46,5,0,0,0,1.0,1.0,0.02,0.07,0.0,1.0,1.0,1,24114.0
46,5,0,0,0,1.0,1.0,0.04,0.08,0.0,1.0,1.0,1,5296.0
46,1,0,0,0,0.0,0.0,1.0,0.0,1.0,0.0,0.0,1,118308.0
22,9,344,1958,1,0.0,0.0,1.0,0.0,0.04,0.0,0.0,0,11825.0
22,9,305,3797,1,0.0,0.0,1.0,0.0,0.01,0.0,0.01,0,29284.0
22,5,0,0,0,1.0,1.0,0.23,0.13,0.0,1.0,1.0,1,80272.0
3,5,0,0,0,1.0,1.0,0.13,0.05,0.0,1.0,1.0,1,89576.0
22,9,326,2510,1,0.0,0.0,1.0,0.0,0.04,0.0,0.0,0,21489.0
5,5,0,0,0,1.0,1.0,0.13,0.07,0.0,1.0,1.0,1,78791.0
22,9,302,2369,1,0.0,0.0,1.0,0.0,0.05,0.0,0.0,0,119690.0
51,9,677,325,1,0.0,0.0,1.0,0.0,0.0,0.0,0.0,0,90478.0
22,9,279,961,1,0.0,0.0,1.0,0.0,0.01,0.0,0.0,0,33947.0
39,5,0,0,0,1.0,1.0,0.01,0.07,0.0,1.0,1.0,1,120386.0
11,9,46,46,0,0.0,0.0,1.0,0.0,0.0,0.0,0.0,0,101308.0
51,9,1173,330,1,0.0,0.0,1.0,0.0,0.0,0.0,0.0,0,14914.0
44,5,0,0,0,1.0,1.0,0.06,0.06,0.0,1.0,1.0,1,58905.0
46,9,1,0,0,0.0,0.0,0.04,0.26,0.0,0.03,0.0,1,110925.0
46,4,0,0,0,0.0,0.0,1.0,0.0,0.0,0.0,0.0,1,19723.0
22,1,0,0,0,0.0,0.0,1.0,0.0,0.09,0.0,0.0,0,66359.0
12,4,0,0,0,0.0,0.0,0.1,0.52,0.0,0.01,0.0,1,87891.0
44,9,80,6409,1,0.0,0.0,1.0,0.0,0.4,0.01,0.0,0,74364.0
46,5,0,0,0,1.0,1.0,0.08,0.06,0.0,1.0,1.0,1,51903.0
7,5,0,0,0,1.0,1.0,0.02,0.06,0.0,1.0,1.0,1,27636.0
11,9,43,129,0,0.0,0.0,1.0,0.0,0.0,0.0,0.0,0,80262.0
22,1,0,0,0,0.0,0.0,1.0,0.0,0.0,0.0,0.0,0,21747.0
13,9,18,0,0,0.0,0.0,1.0,0.0,0.25,0.0,0.0,1,96719.0
22,9,208,12887,1,0.0,0.0,1.0,0.0,0.05,0.0,0.0,0,104040.0
11,9,45,73,0,0.0,0.0,1.0,0.0,0.0,0.0,0.0,0,83922.0
22,9,173,3171,1,0.0,0.0,1.0,0.0,0.04,0.0,0.0,0,82039.0
22,9,259,1652,1,0.0,0.0,1.0,0.0,0.01,0.0,0.0,0,73311.0
57,9,174,1005,1,0.0,0.0,1.0,0.0,0.0,0.48,0.21,0,92456.0
41,1,0,0,0,0.07,0.0,0.0,1.0,0.0,0.08,0.0,1,79665.0
46,9,1,0,0,0.0,0.0,0.89,0.11,0.0,0.0,0.0,1,28625.0
22,9,232,1380,1,0.0,0.0,1.0,0.0,0.0,0.0,0.0,0,52736.0
11,9,126,44,0,0.0,0.0,1.0,0.01,0.0,0.0,0.0,0,10698.0
22,9,298,1691,1,0.0,0.0,1.0,0.0,0.0,0.0,0.0,0,5492.0
22,9,291,2996,1,0.0,0.0,1.0,0.0,0.0,0.0,0.0,0,18968.0
49,5,0,0,0,1.0,1.0,0.03,0.05,0.0,1.0,1.0,1,78986.0
46,9,105,147,0,0.0,0.0,1.0,0.0,0.0,0.0,0.0,0,22966.0
14,9,1032,0,0,0.0,0.0,1.0,0.0,0.0,0.0,0.0,0,67351.0
19,5,0,0,0,1.0,1.0,0.44,0.12,0.0,1.0,1.0,1,85761.0
22,9,211,1357,1,0.0,0.0,1.0,0.0,0.05,0.0,0.0,0,21381.0
11,9,44,172,0,0.0,0.0,1.0,0.01,0.0,0.0,0.0,0,84389.0
22,9,319,4017,1,0.0,0.0,1.0,0.0,0.03,0.0,0.0,0,52790.0
22,9,215,469,1,0.0,0.0,1.0,0.0,0.02,0.0,0.01,0,26094.0
46,9,105,145,0,0.0,0.0,1.0,0.0,0.0,0.0,0.0,0,117323.0
11,9,34,34,0,0.0,0.0,1.0,0.0,0.0,0.0,0.0,0,68370.0
14,9,1032,0,0,0.0,0.0,1.0,0.0,0.0,0.0,0.0,0,42235.0
22,9,205,934,1,0.0,0.0,1.0,0.0,0.05,0.0,0.0,0,45608.0
19,9,19,0,0,0.0,0.0,1.0,0.0,0.05,0.0,0.0,0,68161.0
46,5,0,0,0,1.0,1.0,0.07,0.07,0.0,1.0,1.0,1,71334.0
51,9,955,336,1,0.0,0.0,1.0,0.0,0.02,0.0,0.01,0,120252.0
46,1,0,0,0,0.01,0.0,0.0,1.0,0.0,0.01,0.0,1,15113.0
11,9,46,46,0,0.0,0.0,1.0,0.0,0.0,0.0,0.0,0,52132.0
14,9,1032,0,0,0.0,0.0,1.0,0.0,0.0,0.0,0.0,0,66731.0
22,4,41772,2920,1,0.0,0.0,1.0,0.0,0.0,0.0,0.0,0,108765.0
20,1,0,0,0,0.0,0.0,0.01,0.06,0.0,0.0,0.0,1,81194.0
51,9,1690,329,1,0.0,0.0,0.5,1.0,0.0,0.01,0.03,0,29269.0
22,9,223,169,1,0.0,0.0,1.0,0.0,0.04,0.0,0.0,0,52204.0
38,5,0,0,0,1.0,1.0,0.1,0.06,0.0,1.0,1.0,1,87685.0
57,5,0,0,0,1.0,1.0,0.61,0.09,0.0,1.0,1.0,1,66503.0
22,9,316,421,1,0.0,0.0,1.0,0.0,0.0,0.0,0.0,0,100273.0
51,9,715,340,1,0.0,0.0,1.0,0.0,0.0,0.0,0.0,0,70003.0
22,9,206,1680,1,0.0,0.0,1.0,0.0,0.0,0.0,0.0,0,108220.0
18,9,1036,3081,1,0.0,0.0,1.0,0.0,0.0,0.0,0.0,0,49851.0
22,9,274,8543,1,0.0,0.0,1.0,0.0,0.04,0.0,0.0,0,53976.0
19,9,10389,0,1,0.0,0.0,1.0,0.0,0.05,0.0,0.0,0,60283.0
22,1,0,0,0,0.0,0.0,1.0,0.0,0.16,0.0,0.0,0,59267.0
17,9,9,140,0,0.0,0.0,0.5,1.0,0.0,0.0,0.0,0,11056.0
51,9,3953,329,1,0.0,0.0,1.0,0.0,0.0,0.0,0.0,0,29158.0
38,5,0,0,0,1.0,1.0,0.14,0.05,0.0,1.0,1.0,1,124108.0
28,5,0,0,0,1.0,1.0,0.08,0.06,0.0,1.0,1.0,1,18624.0
11,9,46,73,0,0.0,0.0,1.0,0.0,0.0,0.0,0.0,0,79726.0
19,9,276,0,1,0.0,0.0,1.0,0.0,0.06,0.01,0.03,0,54547.0
5,5,0,0,0,1.0,1.0,0.02,0.07,0.0,1.0,1.0,1,44930.0
11,9,42,127,0,0.0,0.0,1.0,0.0,0.0,0.0,0.0,0,114054.0
57,5,0,0,0,0.86,1.0,0.86,0.29,0.29,1.0,0.86,1,101762.0
7,5,0,0,0,1.0,1.0,0.0,0.06,0.0,1.0,1.0,1,67910.0
22,9,164,2365,1,0.0,0.0,1.0,0.0,0.0,0.0,0.0,0,72472.0
57,9,110,3923,1,0.0,0.0,1.0,0.0,1.0,0.0,0.0,0,98448.0
22,9,236,783,1,0.0,0.0,1.0,0.0,0.0,0.0,0.0,0,28376.0
13,9,8,0,0,0.0,0.0,1.0,0.0,0.5,0.0,0.0,1,109827.0
46,9,1,0,0,0.0,0.0,0.73,0.04,0.0,0.0,0.0,1,27328.0
22,9,347,391,1,0.0,0.0,1.0,0.0,0.0,0.0,0.0,0,60857.0
22,9,214,321,1,0.0,0.0,1.0,0.0,0.0,0.0,0.0,0,65489.0
46,5,0,0,0,1.0,1.0,0.12,0.06,0.0,1.0,1.0,1,108099.0
13,9,30,0,0,0.0,0.0,1.0,0.0,0.31,0.0,0.0,0,37764.0
22,9,206,622,1,0.0,0.0,1.0,0.0,0.0,0.0,0.0,0,27421.0
34,5,0,0,0,1.0,1.0,0.19,0.05,0.0,1.0,1.0,1,107369.0
33,5,0,0,0,1.0,1.0,0.04,0.06,0.0,1.0,1.0,1,119431.0
41,9,1,0,0,0.0,0.0,1.0,0.0,0.0,0.0,0.0,1,124593.0
16,5,0,0,0,1.0,1.0,0.1,0.05,0.0,1.0,1.0,1,21916.0
22,9,338,454,1,0.17,0.14,1.0,0.0,0.0,0.01,0.01,0,71428.0
41,9,10272,0,1,0.0,0.0,0.14,0.29,0.0,0.0,0.0,0,62455.0
51,8,1137,335,1,1.0,1.0,1.0,0.0,0.0,0.02,0.03,0,63870.0
61,2,0,0,0,0.0,0.0,0.15,0.07,0.0,0.0,0.0,1,125011.0
33,5,0,0,0,1.0,1.0,0.04,0.07,0.0,1.0,1.0,1,77104.0
36,5,0,0,0,1.0,1.0,0.08,0.05,0.0,1.0,1.0,1,6999.0
19,9,501760,0,1,0.0,0.0,1.0,0.0,0.02,0.0,0.0,0,19966.0
22,9,211,1767,1,0.0,0.0,1.0,0.0,0.01,0.0,0.0,0,48891.0
26,5,0,0,0,1.0,1.0,0.06,0.07,0.0,1.0,1.0,1,75790.0
22,9,341,2830,1,0.0,0.0,1.0,0.0,0.02,0.0,0.0,0,83526.0
51,9,3940,323,1,0.0,0.0,1.0,0.0,0.0,0.01,0.0,0,34213.0
35,5,0,0,0,1.0,1.0,0.01,0.05,0.0,1.0,1.0,1,38909.0
22,9,212,44028,1,0.0,0.0,1.0,0.0,0.0,0.0,0.0,0,30720.0
14,9,1032,0,0,0.0,0.0,1.0,0.0,0.0,0.01,0.0,0,56555.0
27,5,0,0,0,1.0,1.0,0.13,0.05,0.0,1.0,1.0,1,26703.0
11,9,43,43,0,0.0,0.0,1.0,0.0,0.0,0.0,0.0,0,27398.0
11,9,34,87,0,0.0,0.0,1.0,0.0,0.01,0.0,0.0,0,93083.0
63,5,0,0,0,1.0,1.0,0.01,0.06,0.0,1.0,1.0,1,110666.0
13,9,8,0,0,0.0,0.0,1.0,0.0,0.25,0.0,0.0,1,107084.0
51,2,0,0,0,0.0,0.0,0.0,0.07,0.0,0.0,0.0,1,125845.0
52,5,0,0,0,1.0,1.0,0.43,0.19,0.0,1.0,1.0,1,118378.0
41,4,1,0,0,0.0,0.0,1.0,0.0,0.0,0.0,0.0,1,110871.0
46,5,0,0,0,1.0,1.0,0.07,0.06,0.0,1.0,1.0,1,30551.0
58,5,0,0,0,1.0,1.0,0.02,0.06,0.0,1.0,1.0,1,62022.0
36,5,0,0,0,1.0,1.0,0.36,0.43,0.0,1.0,1.0,1,90337.0
41,9,147,105,0,0.0,0.0,1.0,0.0,0.0,0.0,0.0,0,66845.0
46,5,0,0,0,1.0,1.0,0.02,0.06,0.0,1.0,1.0,1,30475.0
22,9,311,3785,1,0.0,0.0,1.0,0.0,0.01,0.0,0.0,0,86180.0
11,9,43,132,0,0.0,0.0,1.0,0.0,0.0,0.0,0.0,0,23256.0
46,1,0,0,0,0.0,0.0,0.09,0.06,0.0,0.0,0.0,1,50903.0
11,9,38,103,0,0.0,0.0,1.0,0.0,0.0,0.0,0.0,0,81700.0
57,9,798,276683,1,0.0,0.0,1.0,0.0,0.0,0.57,0.3,0,4677.0
51,6,1075,286,1,0.5,1.0,0.5,1.0,0.0,0.01,0.02,0,59867.0
22,9,322,1246,1,0.0,0.0,1.0,0.0,0.01,0.0,0.0,0,4019.0
46,9,28,0,0,0.0,0.0,1.0,0.0,0.0,0.0,0.0,1,65616.0
15,1,0,0,0,0.0,0.0,0.02,0.07,0.0,0.0,0.0,1,92291.0
17,9,8,138,0,0.0,0.0,1.0,0.0,0.0,0.0,0.0,0,9863.0
33,5,0,0,0,1.0,1.0,0.02,0.07,0.0,1.0,1.0,1,8271.0
46,5,0,0,0,1.0,1.0,0.03,0.07,0.0,0.46,1.0,1,89584.0
22,9,296,1664,1,0.0,0.0,1.0,0.0,0.0,0.0,0.0,0,100413.0
46,5,0,0,0,1.0,1.0,0.02,0.06,0.0,1.0,1.0,1,100604.0
30,5,0,0,0,1.0,1.0,0.03,0.07,0.0,1.0,1.0,1,25589.0
22,9,217,6501,1,0.0,0.0,1.0,0.0,0.01,0.0,0.0,0,94449.0
17,9,8,141,0,0.0,0.0,1.0,0.0,0.22,0.0,0.0,0,33274.0
22,9,325,180,1,0.0,0.0,1.0,0.0,0.05,0.0,0.0,0,92895.0
51,9,1375,330,1,0.0,0.0,0.5,1.0,0.02,0.0,0.01,0,93765.0
22,9,300,4307,1,0.0,0.0,1.0,0.0,0.05,0.0,0.0,0,55729.0
2,5,0,0,0,1.0,1.0,0.03,0.07,0.0,1.0,1.0,1,80788.0
10,5,0,0,0,1.0,1.0,0.01,0.07,0.0,1.0,1.0,1,28945.0
22,9,308,2919,1,0.0,0.0,1.0,0.0,0.0,0.0,0.0,0,17989.0
32,5,0,0,0,1.0,1.0,0.03,0.04,0.0,1.0,1.0,1,11535.0
46,5,0,0,0,1.0,1.0,1.0,0.0,0.0,1.0,1.0,1,69848.0
22,1,0,0,0,0.0,0.0,1.0,0.0,0.0,0.0,0.0,0,42134.0
13,9,30,0,0,0.0,0.0,0.12,0.38,0.0,0.0,0.0,0,79245.0
22,9,188,13450,1,0.0,0.0,1.0,0.0,0.02,0.0,0.0,0,1058.0
38,5,0,0,0,1.0,1.0,0.05,0.06,0.0,1.0,1.0,1,115398.0
51,9,892,332,1,0.0,0.0,1.0,0.0,0.02,0.0,0.0,0,66473.0
22,9,308,463,1,0.0,0.0,1.0,0.0,0.05,0.0,0.0,0,105061.0
22,9,225,52866,1,0.0,0.0,1.0,0.0,0.02,0.0,0.0,0,125933.0
58,2,0,0,0,0.0,0.0,0.08,0.07,0.0,0.0,0.0,1,1487.0
22,1,0,0,0,0.0,0.0,1.0,0.0,0.22,0.0,0.0,0,93093.0
22,9,226,498,1,0.0,0.0,1.0,0.0,0.0,0.0,0.0,0,78456.0
11,9,45,45,0,0.0,0.0,0.99,0.02,0.0,0.0,0.0,0,107753.0
22,9,206,2126,1,0.0,0.0,1.0,0.0,0.05,0.0,0.0,0,53419.0
46,5,0,0,0,1.0,1.0,0.11,0.05,0.0,1.0,1.0,1,77357.0
13,9,8,0,0,0.0,0.0,1.0,0.0,0.5,0.0,0.0,1,46894.0
22,9,54540,8314,1,0.0,0.0,1.0,0.0,0.0,0.0,0.0,0,110626.0
22,9,271,706,1,0.0,0.0,1.0,0.0,0.02,0.0,0.0,0,94202.0
22,9,292,2420,1,0.0,0.0,1.0,0.0,0.02,0.0,0.0,0,123836.0
38,1,0,0,0,0.0,0.0,1.0,0.0,0.0,0.0,0.0,1,54575.0
22,5,0,0,0,1.0,1.0,0.5,0.5,0.0,1.0,1.0,1,92530.0
12,5,0,0,0,1.0,1.0,0.08,0.06,0.0,1.0,1.0,1,193.0
51,9,683,331,1,0.0,0.0,1.0,0.0,0.01,0.0,0.0,0,116537.0
14,9,1032,0,0,0.0,0.0,1.0,0.0,0.0,0.0,0.0,0,66213.0
41,9,146,0,0,0.0,0.0,0.33,0.67,0.0,0.0,0.0,0,49251.0
15,5,0,0,0,1.0,1.0,0.04,0.06,0.0,1.0,1.0,1,76529.0
19,9,334,0,1,0.0,0.0,1.0,0.0,0.24,0.0,0.0,0,53039.0
22,9,198,310,1,0.0,0.0,1.0,0.0,0.02,0.0,0.0,0,76478.0
22,9,204,506,1,0.0,0.0,1.0,0.0,0.0,0.0,0.0,0,26328.0
22,9,168,4483,1,0.0,0.0,1.0,0.0,0.05,0.0,0.01,0,63315.0
6,5,0,0,0,1.0,1.0,0.08,0.06,0.0,1.0,1.0,1,55564.0
22,9,287,1582,1,0.0,0.0,1.0,0.0,0.0,0.0,0.0,0,28566.0
46,5,0,0,0,1.0,1.0,0.14,0.06,0.0,1.0,1.0,1,54573.0
22,9,262,8617,1,0.0,0.0,1.0,0.0,0.03,0.0,0.0,0,37165.0
51,9,130,240,1,0.0,0.0,1.0,0.0,0.02,0.0,0.0,0,9531.0
46,9,1,0,0,0.0,0.0,0.5,0.19,0.0,0.0,0.0,1,19834.0
13,9,8,0,0,0.0,0.0,1.0,0.0,0.5,0.0,0.0,1,94278.0
46,9,1,0,0,0.0,0.0,1.0,0.0,0.0,0.0,0.0,1,76213.0
58,9,0,4,0,0.0,0.0,1.0,0.0,0.0,0.0,0.0,0,105861.0
46,1,0,0,0,0.0,0.0,0.02,0.07,0.0,0.0,0.0,1,116828.0
26,1,0,0,0,0.0,0.0,0.07,0.06,0.0,0.0,0.0,1,67344.0
22,9,283,47084,1,0.0,0.0,1.0,0.0,0.05,0.0,0.0,0,69522.0
13,9,8,0,0,0.0,0.0,1.0,0.0,0.5,0.0,0.0,1,93926.0
46,5,0,0,0,1.0,1.0,0.05,0.07,0.0,1.0,1.0,1,66028.0
22,9,54540,8314,1,0.0,0.0,1.0,0.0,0.0,0.02,0.02,0,124053.0
11,9,46,86,0,0.0,0.0,1.0,0.0,0.0,0.0,0.0,0,1972.0
11,9,33,0,0,0.0,0.0,0.67,0.67,0.0,0.0,0.0,0,107497.0
46,1,0,0,0,0.0,0.0,0.08,0.06,0.0,0.0,0.0,1,69430.0
46,9,28,0,0,0.0,0.0,1.0,0.0,0.0,0.02,0.0,1,125150.0
46,1,0,0,0,0.0,0.0,1.0,0.0,1.0,0.0,0.0,1,25635.0
22,9,355,717,1,0.0,0.0,1.0,0.0,0.03,0.0,0.0,0,55716.0
33,5,0,0,0,1.0,1.0,0.05,0.05,0.0,1.0,1.0,1,50457.0
46,1,0,0,0,0.0,0.0,0.05,0.06,0.0,0.0,0.0,1,32822.0
33,5,0,0,0,1.0,1.0,0.06,0.05,0.0,1.0,1.0,1,9515.0
19,9,192,0,1,0.0,0.0,1.0,0.0,0.0,0.0,0.0,0,36659.0
34,5,0,0,0,1.0,1.0,0.11,0.05,0.0,1.0,1.0,1,77679.0
27,5,0,0,0,1.0,1.0,0.17,0.06,0.0,1.0,1.0,1,43505.0
22,9,326,1820,1,0.0,0.0,1.0,0.0,0.02,0.0,0.0,0,5680.0
22,9,200,14210,1,0.0,0.0,1.0,0.0,0.04,0.0,0.0,0,1981.0
22,9,207,273,1,0.0,0.0,1.0,0.0,0.04,0.0,0.0,0,125761.0
13,9,8,0,0,0.0,0.0,1.0,0.0,0.5,0.0,0.0,1,4839.0
22,9,314,269,1,0.0,0.02,1.0,0.0,0.0,0.0,0.0,0,79850.0
46,5,0,0,0,1.0,1.0,0.06,0.06,0.0,1.0,1.0,1,86870.0
